tree
version=v4
num_class=1
num_tree_per_iteration=1
label_index=0
max_feature_idx=33
objective=binary sigmoid:1
feature_names=Column_0 Column_1 Column_2 Column_3 Column_4 Column_5 Column_6 Column_7 Column_8 Column_9 Column_10 Column_11 Column_12 Column_13 Column_14 Column_15 Column_16 Column_17 Column_18 Column_19 Column_20 Column_21 Column_22 Column_23 Column_24 Column_25 Column_26 Column_27 Column_28 Column_29 Column_30 Column_31 Column_32 Column_33
feature_infos=[0.22403052449226379:4.806818962097168] [0.027025075629353523:26.170040130615234] [0.17134076356887817:8.6935958862304688] [0.087584272027015686:1] [-28.67047119140625:41.262332916259766] [-36.190670013427734:42.326030731201172] [-36.841156005859375:62.500308990478516] [-45.158794403076172:63.120437622070312] [-22.455821990966797:30.680826187133789] [0:0.95389312505722046] [0:0.64536702632904053] [0:0.40022626519203186] [-0.51016271114349365:0.5480339527130127] [-0.15783818066120148:0.22172828018665314] [-46.22015380859375:17.161741256713867] [-8.3726015090942383:64.2962646484375] [0:1] [0:95] [0:95] [-1:1] [-29.775985717773438:44.984848022460938] [-30.712318420410156:55.0223388671875] [-2.5033562183380127:15.253066062927246] [0.049656935036182404:4.0791497230529785] [-1:1] [0:1] [0:1] [-1:1] [-1:1] [-0.78183150291442871:0.97492790222167969] [-0.90096884965896606:1] [0:1] [0:1] none
tree_sizes=8653 8782

Tree=0
num_leaves=79
num_cat=0
split_feature=30 18 21 17 5 23 7 29 5 23 16 30 29 14 6 6 7 16 7 7 6 12 21 23 6 12 21 16 30 17 9 21 21 14 12 14 16 14 12 17 30 7 23 14 8 12 5 21 12 14 18 21 14 6 12 9 7 14 23 7 14 16 29 16 30 14 14 23 10 23 23 12 17 21 21 18 16 23
split_gain=35.0074 44.0141 43.3066 36.6986 35.745 31.5994 27.7821 32.5869 24.2872 32.3884 23.8095 23.3197 22.5179 21.9831 20.4223 18.5983 19.1297 18.0775 17.5936 17.1542 17.7464 20.5454 16.8019 16.6801 17.8182 15.8032 22.0433 15.6284 14.9164 16.1695 14.888 17.0806 17.5036 19.1054 14.0378 13.924 13.8631 20.92 19.807 14.3178 15.0784 16.2968 12.8824 22.9161 23.7482 22.4087 15.0176 18.3719 12.5026 18.192 12.267 12.1907 55.5383 26.2285 19.8606 28.1116 22.7464 13.1746 11.953 11.8904 11.1635 11.1177 10.7229 10.6863 10.6522 28.6926 26.7066 10.5977 10.3582 13.1896 13.0961 12.5722 10.3499 10.2006 10.4611 10.1635 9.95431 23.7534
threshold=1.0000000180025095e-35 86.500000000000014 4.1350162029266366 62.500000000000007 2.4625450372695927 0.45846663415431982 1.4527990818023684 0.87837970256805431 1.0000000180025095e-35 0.51564291119575512 0.31861752271652227 0.81174489855766307 0.6078576147556306 -5.2111070156097403 -0.41974836587905878 -2.0056569576263423 -12.972344398498533 0.63095906376838695 -5.7579522132873526 -15.588362693786619 -9.9878149032592756 -0.033708153292536729 -9.671320438385008 1.5232523679733279 -15.348402023315428 0.046983065083622939 10.096639156341555 0.59836235642433178 0.81174489855766307 66.500000000000014 0.22639190405607226 15.891852378845217 8.5049276351928729 -1.9713889956474302 0.046983065083622939 -4.1259806156158438 0.62681415677070629 -7.1687955856323233 -0.026327172294259068 62.500000000000007 0.81174489855766307 -8.8187966346740705 0.80164951086044323 -16.426200866699215 0.95708963274955761 -0.053459813818335526 -0.45323941111564631 -0.80910417437553395 0.10770288482308389 -3.0493837594985957 35.500000000000007 -2.2390558719635005 -10.601982116699217 -1.5083326697349546 -0.013217605184763668 0.16526839882135394 11.227429389953615 -7.8681840896606436 0.70186364650726329 -6.9719169139862052 -10.026233673095701 0.82502925395965587 0.87837970256805431 0.14486136287450793 0.81174489855766307 -9.9537315368652326 -12.41443347930908 1.2412385344505312 0.12202246487140657 0.76290923357009899 1.0933701992034914 0.062775809317827239 75.500000000000014 -0.4353624284267425 -1.5905537009239195 25.500000000000004 0.36378493905067449 0.87924870848655712
decision_type=2 2 10 2 10 10 10 2 10 10 8 2 2 8 10 10 10 10 10 10 10 10 10 10 10 10 10 10 2 2 10 10 10 10 10 10 10 10 10 2 2 10 10 10 10 10 10 10 10 10 2 10 10 10 10 10 10 10 10 10 10 10 2 10 2 10 10 10 10 10 10 10 2 10 10 2 10 10
left_child=3 8 5 6 -4 -3 7 17 13 11 -8 -10 59 19 50 67 -17 42 -14 20 -2 -22 -21 24 -5 28 68 34 29 -16 31 32 33 61 76 -19 37 39 -38 73 41 -41 43 -1 46 -44 -45 -48 49 -34 -11 -26 53 -53 55 57 -56 75 -58 -7 -42 -12 -63 -43 66 -66 -52 -9 70 -70 71 -27 -59 74 -24 -54 -18 -78
right_child=1 2 4 23 -6 12 10 15 9 14 30 -13 18 -15 25 16 27 35 -20 22 21 -23 36 -25 51 26 -28 -29 -30 -31 -32 -33 48 -35 -36 -37 38 -39 -40 40 60 63 45 44 -46 -47 47 -49 -50 -51 64 52 54 -55 56 -57 58 72 -60 -61 -62 62 -64 -65 65 -67 -68 -69 69 -71 -72 -73 -74 -75 -76 -77 77 -79
leaf_value=-0.91497712550013877 -0.90420958204219648 -0.87945689827838491 -0.93676630287154172 -0.87619960388943252 -0.91213970699795432 -0.90465095035374798 -0.87122123767237292 -0.89337434774187274 -0.89926208579480094 -0.90697327442527964 -0.90374264452576447 -0.86354228217436313 -0.92201317901693669 -0.92651955120737983 -0.89952398785408738 -0.9449881838837183 -0.91530434021661722 -0.92842597990900144 -0.89196977838360825 -0.88649782889278406 -0.93407314084689319 -0.90001694693606038 -0.90068365937802175 -0.91010278483576379 -0.90144276835444948 -0.89634968446257368 -0.9165141956158076 -0.93279173341415511 -0.92018564356019172 -0.9258208722916913 -0.89813589106522718 -0.88331115492183931 -0.88440020669895003 -0.88656608906947953 -0.92888739314874857 -0.90440711020785536 -0.8795499186676089 -0.92979464404589485 -0.90977097253248207 -0.93495488872504573 -0.89947983237741147 -0.89336288982746115 -0.88966000068828899 -0.90005606531396076 -0.91294071111544417 -0.91148179400899387 -0.85584984490270699 -0.89069667490912907 -0.92578122336192625 -0.91840237038971939 -0.92316503126561944 -0.84904045476568268 -0.88721474065617267 -0.89220719835455453 -0.88315255117384706 -0.89271775291174016 -0.91880015467742349 -0.90349862356284538 -0.89241893159441477 -0.92987235480029162 -0.91934448587705364 -0.92371175713696896 -0.89950822360938032 -0.91597465525532273 -0.86670460123986581 -0.90641602357387474 -0.88252179739123493 -0.91762748776121961 -0.92237809640496471 -0.89457083704346496 -0.90471721584379861 -0.86151454725024357 -0.92783823493273165 -0.91244711714449289 -0.88023200473674945 -0.91511843283850636 -0.87369779086593835 -0.91691394014521843
leaf_weight=90.378021629527211 125.82441136986017 72.026142187416553 271.08409908786416 81.450285518541932 235.76993644610047 59.700162585824728 47.220837650820613 80.719486702233553 84.769343782216311 113.43227997981012 646.13288016803563 72.203771622851491 51.513881657272577 132.92002754285932 226.35783964022994 67.316673614084721 101.16147137247026 104.82641064189374 137.6371580902487 87.059153810143471 142.63382902741432 44.356385517865419 254.28775679692626 206.15633048862219 962.59847376681864 44.928548544645309 123.4239562060684 108.08455957844853 252.87712760083377 56.975228749215603 888.09388003125787 61.866689871996641 45.574620798230171 109.97946255840361 69.839392593130469 84.631447469815612 84.443956157192588 84.086741527542472 84.22922788746655 81.039469130337238 259.68252456560731 48.656746163964272 119.72331651672721 71.901765925809741 62.161031639203429 440.99219984747469 64.242634372785687 75.853614268824458 148.60250452160835 88.937319682911038 53.75946637429297 72.339499924331903 49.73157817684114 57.252798721194267 262.4059970676899 226.94848378561437 69.250657819211483 43.713335579261184 64.015508869662881 130.95469259470701 70.830588342621922 121.84053127095103 47.994447648525238 208.63424571044743 94.270167581737041 56.638044625520706 73.850795090198517 62.146612154319882 43.543101729825139 127.68228582851589 44.431453611701727 52.112442329525948 131.04792547784746 98.594669045880437 64.634963128715754 48.608836758881807 48.151992682367563 47.656092593446374
leaf_count=1121 1511 812 3011 912 2721 710 435 1017 994 1481 7310 757 663 1746 2660 807 1206 1142 1511 1069 1656 637 3183 2682 12422 587 1333 1224 2909 651 10132 680 465 1452 779 1052 875 1030 952 1082 3119 601 1384 822 641 5239 689 829 1720 1107 653 855 527 573 2955 2805 654 624 630 1507 880 1422 684 2326 1027 673 840 696 535 1558 657 617 1681 1075 756 585 520 627
internal_value=-0.904497 -0.907898 -0.916483 -0.902578 -0.925559 -0.906096 -0.905242 -0.909613 -0.905447 -0.901203 -0.901893 -0.881907 -0.911488 -0.908921 -0.90352 -0.918265 -0.922838 -0.904995 -0.900602 -0.9075 -0.91708 -0.925816 -0.905335 -0.897992 -0.896753 -0.907016 -0.900682 -0.918338 -0.912247 -0.90487 -0.902647 -0.905772 -0.907029 -0.90404 -0.911964 -0.917669 -0.906647 -0.908439 -0.894691 -0.906653 -0.910792 -0.917484 -0.902406 -0.895775 -0.889208 -0.906662 -0.881996 -0.873453 -0.916842 -0.906277 -0.894789 -0.897676 -0.894214 -0.866788 -0.898389 -0.904497 -0.890834 -0.914192 -0.90579 -0.922394 -0.904012 -0.906414 -0.916635 -0.911405 -0.88969 -0.881581 -0.900062 -0.904328 -0.894205 -0.902172 -0.885232 -0.87618 -0.921594 -0.900141 -0.896133 -0.901357 -0.905348 -0.895311
internal_weight=0 4351.86 958.686 6181.55 506.854 451.832 3906.03 1699.79 3393.17 1521.26 2206.24 156.973 379.806 1871.91 1364.28 585.076 442.21 1114.71 189.151 1738.99 312.815 186.99 1426.18 2275.52 2069.36 972.332 436.122 374.894 536.21 283.333 2159.02 1270.93 1209.06 925.947 266.809 189.458 1339.12 1170.45 168.673 1086.36 668.844 338.33 925.253 364.537 274.159 560.716 211.998 140.096 283.114 134.512 391.951 1987.91 1025.31 129.592 895.722 500.05 395.672 273.102 133.266 190.655 330.513 815.968 169.835 257.291 278.518 150.908 127.61 142.866 312.698 171.225 141.472 97.041 174.761 417.517 318.923 98.3404 196.97 95.8081
internal_count=124472 51365 10935 73107 5732 5203 45202 19795 40430 17932 25407 1751 4391 22498 16181 6876 5163 12919 2174 20752 3804 2293 16948 27905 25223 11507 5287 4356 6220 3311 24972 14840 14160 10868 3132 2194 15879 14052 1827 13022 8008 4009 10725 4102 2981 6623 2340 1518 3292 1572 4674 24311 11889 1428 10461 6222 4239 3417 1284 2217 3999 9416 2106 2927 3193 1700 1493 1713 3954 2093 1861 1204 2305 5014 3939 1112 2353 1147
is_linear=0
shrinkage=1


Tree=1
num_leaves=79
num_cat=0
split_feature=18 23 9 21 23 12 14 14 3 14 22 3 12 3 20 4 20 3 3 18 6 12 12 21 23 14 18 3 14 21 3 22 3 3 27 4 21 14 12 10 18 27 14 4 22 20 27 3 18 27 27 3 21 18 3 23 12 10 27 23 10 3 3 27 18 3 1 27 10 27 10 27 23 3 12 12 21 22
split_gain=30.3247 34.1913 32.3535 29.4087 27.5378 21.941 26.5924 26.8835 43.7298 29.1712 29.1259 28.0191 33.5028 25.1712 21.6876 20.3601 19.9809 19.7418 18.8297 18.118 26.7851 17.9845 17.8469 17.7782 22.5361 20.2316 22.1625 28.9253 15.7274 15.1214 14.7753 14.596 14.9791 14.5934 15.6357 26.0307 14.5871 28.6036 14.2953 25.0665 21.5657 20.6001 29.8493 16.9251 16.7373 13.4072 15.7677 26.0669 12.7819 12.7682 23.5419 12.5329 12.0052 11.5053 11.2703 10.939 10.6085 12.4556 16.2656 11.5389 10.5316 10.3245 10.2997 18.9773 10.3878 10.0653 9.96622 9.82469 10.7433 9.76867 9.76182 9.66057 14.9868 9.56256 12.1216 9.55512 9.75118 9.23224
threshold=83.500000000000014 0.57744765281677257 0.30968426167964941 3.318004965782166 0.37989822030067449 0.17757856100797656 -2.1661866903305049 -9.2919020652770978 0.2308367341756821 -16.263750076293942 -0.28487601876258845 0.82085382938385021 -0.077704343944787965 0.36323457956314092 8.5890369415283221 0.15510657429695132 2.7745757102966313 0.1912849768996239 0.74139767885208141 42.500000000000007 0.64933529496192943 1.0000000180025095e-35 -0.1131966970860958 2.3763461112976079 0.85228037834167492 -6.1336722373962393 51.500000000000007 0.41236057877540594 -17.971470832824703 -1.8439881205558775 0.35823166370391851 -0.43571524322032923 0.88044098019599926 0.34181237220764166 0.098011311143636717 1.0000000180025095e-35 -5.0238533020019522 -13.274605751037596 0.0032464010873809461 0.035126125440001495 61.500000000000007 0.78661888837814342 -7.1687955856323233 -0.71602308750152577 -0.85189995169639576 0.3118733167648316 -0.6343555450439452 0.54641884565353405 5.5000000000000009 0.098011311143636717 0.66746801137924205 0.29268597066402441 -2.4445780515670772 18.500000000000004 0.6033436954021455 1.0509865880012514 0.028697342611849311 0.019506325013935569 -0.56457334756851185 1.5400784611701968 0.044714782387018211 0.69378116726875316 0.77907538414001476 -0.52803644537925709 56.500000000000007 0.89449077844619762 1.0562868714332583 0.83743050694465648 0.1636038273572922 0.65106672048568737 0.081071995198726668 -0.66746801137924183 0.75375726819038402 0.34181237220764166 -0.0062982584349811068 0.007965021766722204 -1.9030498266220091 -0.49271401762962336
decision_type=2 8 10 10 10 8 10 10 10 10 10 10 10 10 10 10 10 10 10 2 10 10 10 10 10 10 2 10 10 10 10 10 10 10 2 10 10 10 10 10 2 2 10 10 10 10 2 10 2 2 2 10 10 2 10 10 10 10 2 10 10 10 10 2 2 10 10 2 10 2 10 2 10 10 10 10 10 10
left_child=1 16 3 4 -2 6 7 9 17 10 13 12 22 51 31 66 38 -9 -12 21 36 -14 -11 25 73 26 45 -28 55 48 -8 32 -5 52 54 -36 -21 -38 39 -1 -40 42 62 -43 -42 -10 -47 -48 -13 -22 -51 -3 70 -20 -35 -15 57 -26 -59 69 -29 -56 63 -41 -65 -7 -4 -33 -69 -58 -6 -27 -73 74 -25 76 -39 -24
right_child=2 5 15 14 33 65 30 8 23 11 18 29 19 28 -16 -17 -18 -19 53 20 49 -23 77 24 56 71 27 60 -30 -31 -32 67 -34 34 35 -37 37 75 40 41 44 43 -44 -45 -46 46 47 -49 -50 50 -52 -53 -54 -55 61 -57 59 58 -60 -61 -62 -63 -64 64 -66 -67 -68 68 -70 -71 -72 72 -74 -75 -76 -77 -78 -79
leaf_value=-0.0085542219221513144 0.025691125408644305 0.0015783190588704332 0.024580472831545509 -0.022674540724360967 0.0090780584464165807 -0.027079623393301035 -0.0039768277741560167 0.00064642039575627311 -0.012269333162260724 -0.0005355822317183904 -0.011748245694402526 0.004356906131798466 0.0043407260385282496 0.023248967352818565 0.015246740800993202 -0.00070146973584082927 -0.017265270005076872 0.032528480904025124 0.0080800494085022431 -0.00080118473001967029 -0.013221513255368097 -0.014055313689546179 0.04706993730198749 -0.00082309569384031922 0.027439595693311728 -0.026657612512698377 0.034380011328184114 -0.0097223211104797997 -0.0027957882995165283 0.012596016839640662 0.013970563772433685 -0.011455601785139845 0.0038933300491939596 -0.017347817980843304 -0.003917994843892169 0.020796869996472508 0.051164705114172891 0.0088781715603507005 -0.0019109990885041797 0.041432797059502639 0.0094170342934740831 0.0017909303913429004 -0.02459692812175665 0.03604644407743543 0.037867492465863926 -0.017769414043160747 -0.0069333213050547368 0.034769783587916922 -0.014189041411850562 0.029534103155407217 -0.0069876540225044387 -0.021462235235929262 -0.021082872123976405 -0.013417110556503175 0.018236952571266903 -0.00055511645967341536 -0.010150150886943063 -0.011797611622398251 0.013935306846514667 0.010794422420922966 0.0093864306610608756 -0.0064993582573912058 -0.0037362171697564416 0.015066579620623169 -0.0068125007167941249 -0.0042355890440807197 0 0.015740296455397935 -0.011038868800460922 0.0087294193849183164 -0.016279490740252232 -0.026463462097346208 -0.0051301255600298161 -0.0038213018918753418 -0.029430333043159861 0 0.03572291649493773 0.022146924034092796
leaf_weight=158.65604154579341 68.860079618170857 122.63002241030335 127.36968468129635 395.95721985958517 70.64928837493062 81.775271406397223 114.48369039781392 76.044507436454296 563.40302674286067 45.603316310793161 647.75079979747534 103.42009022273123 725.14893234707415 207.01284213736653 52.474292123690248 333.72245130501688 51.444167384877801 89.768558016046882 197.86657327599823 47.583067001774907 83.788578467443585 124.66865109466016 52.773848911747336 52.707481749355793 67.527331562712789 135.56739106401801 54.637553011998534 130.83868902176619 87.906136970967054 81.406053796410561 428.31249213032424 505.60958705097437 44.597307903692126 125.67719929665327 194.52208086848259 151.70197483897209 64.641003670170903 69.380114367231727 67.137095537036657 44.190078059211373 79.384797856211662 46.406753949820995 52.257289741188288 101.84397223964334 117.8882806468755 50.87569928355515 65.042649166658521 50.971133248880506 246.77249719947577 59.714027738198638 78.936802027747035 72.887215837836266 141.46323324367404 64.103010991588235 44.825667614117265 44.09134410135448 223.71458085998893 72.404154064133763 141.89144427143037 125.1692444011569 101.73759491369128 116.54297026433051 68.992423253133893 152.75600107200444 56.524748370051384 88.957849090918899 45.107324177399278 61.119613438844681 53.602425914257765 69.276844508945942 49.446346389129758 96.821058114990592 243.59945571236312 244.24434924125671 84.363063765689731 56.515444755554199 57.695714268833399 143.82133641839027
leaf_count=1900 814 1475 1499 4603 810 944 1443 729 6674 581 8081 1284 9162 2565 577 3727 640 1017 2358 637 905 1488 604 669 790 1577 566 1625 1074 821 5364 5805 577 1458 2058 1610 668 806 900 427 955 671 624 1344 1360 579 776 645 2947 638 945 838 1503 725 523 600 2720 856 1625 1467 1324 1470 766 1903 730 949 519 582 545 749 560 1042 2889 2817 942 700 588 1618
internal_value=0 0.00120204 -0.00446458 -0.0069852 -0.00110452 6.16699e-05 0.000479063 -0.00035738 -0.00373047 0.00228166 -0.00263609 0.00578222 0.00854556 0.00570784 -0.012009 0.00575562 0.00905519 0.0185611 -0.00759575 0.00570005 0.0123782 0.00153056 0.0240593 -0.00521206 -0.000717221 -0.00842295 -0.00470237 0.00583736 0.0131926 -0.00439913 0.0100946 -0.0134563 -0.0198643 -0.00332819 0.000346852 0.0068881 0.0212475 0.0256118 0.0106059 0.00694073 0.0196233 0.0117639 0.00579159 0.0259793 0.0270843 -0.00892333 0.00211042 0.0115424 -0.00858721 0.000197502 0.00879487 -0.00703009 -0.0122781 0.00251118 -0.00736134 0.0189361 0.00407499 0.0108317 0.00495949 -0.000423935 -0.00113958 0.000357803 0.0111117 0.0153378 0.00891133 -0.0158333 0.0182528 -0.00872706 0.00286815 -0.00546328 -0.00116155 -0.016167 -0.0115811 -0.00959085 -0.0191178 0.015437 0.0221713 0.0299023
internal_weight=0 7937.73 2583.25 2077.05 963.689 6940.25 6769.52 6226.72 2740.61 3486.12 1444.25 2041.87 1610.27 534.528 1113.36 506.199 997.482 165.813 909.72 1368.07 518.255 849.818 242.199 2574.79 1081.3 1493.49 1017.51 287.214 339.01 431.599 542.796 1060.89 440.555 894.829 633.27 346.224 295.815 248.232 946.037 681.627 264.41 522.971 374.721 148.251 197.273 730.293 166.889 116.014 350.193 222.439 138.651 195.517 261.559 261.97 287.046 251.104 699.984 281.823 214.296 418.161 232.576 161.369 322.463 253.471 209.281 170.733 172.477 620.332 114.722 292.991 120.096 475.988 340.421 381.315 137.071 183.591 127.076 196.595
internal_count=124346 95106 29240 23495 10806 82886 80993 74186 32078 42108 17716 24392 19340 6552 12689 5745 12220 1746 11164 16537 5887 10650 2803 30332 12635 17697 12189 3515 4239 5052 6807 12112 5180 9992 7119 3668 3399 2762 11580 8365 3215 6465 4450 2015 2315 8674 2000 1421 4231 2488 1583 2313 2873 3083 3451 3165 8207 3271 2481 4936 2949 1993 3826 3060 2633 1893 2018 6932 1127 3469 1370 5508 3931 4428 1611 2094 1394 2222
is_linear=0
shrinkage=0.0454652


end of trees

feature_importances:
Column_14=18
Column_3=16
Column_12=16
Column_21=15
Column_23=15
Column_18=10
Column_27=10
Column_7=7
Column_16=7
Column_6=6
Column_10=6
Column_30=5
Column_17=4
Column_22=4
Column_4=3
Column_5=3
Column_9=3
Column_20=3
Column_29=3
Column_1=1
Column_8=1

parameters:
[boosting: gbdt]
[objective: binary]
[metric: auc]
[tree_learner: serial]
[device_type: cpu]
[data_sample_strategy: bagging]
[data: ]
[valid: ]
[num_iterations: 600]
[learning_rate: 0.0454652]
[num_leaves: 79]
[num_threads: 2]
[seed: 1337]
[deterministic: 0]
[force_col_wise: 0]
[force_row_wise: 0]
[histogram_pool_size: -1]
[max_depth: -1]
[min_data_in_leaf: 525]
[min_sum_hessian_in_leaf: 0.001]
[bagging_fraction: 0.774687]
[pos_bagging_fraction: 1]
[neg_bagging_fraction: 1]
[bagging_freq: 1]
[bagging_seed: 1337]
[feature_fraction: 0.515409]
[feature_fraction_bynode: 1]
[feature_fraction_seed: 1337]
[extra_trees: 0]
[extra_seed: 18955]
[early_stopping_round: 0]
[early_stopping_min_delta: 0]
[first_metric_only: 0]
[max_delta_step: 0]
[lambda_l1: 1.07292]
[lambda_l2: 4.08529]
[linear_lambda: 0]
[min_gain_to_split: 0]
[drop_rate: 0.1]
[max_drop: 50]
[skip_drop: 0.5]
[xgboost_dart_mode: 0]
[uniform_drop: 0]
[drop_seed: 17763]
[top_rate: 0.2]
[other_rate: 0.1]
[min_data_per_group: 100]
[max_cat_threshold: 32]
[cat_l2: 10]
[cat_smooth: 10]
[max_cat_to_onehot: 4]
[top_k: 20]
[monotone_constraints: ]
[monotone_constraints_method: basic]
[monotone_penalty: 0]
[feature_contri: ]
[forcedsplits_filename: ]
[refit_decay_rate: 0.9]
[cegb_tradeoff: 1]
[cegb_penalty_split: 0]
[cegb_penalty_feature_lazy: ]
[cegb_penalty_feature_coupled: ]
[path_smooth: 0]
[interaction_constraints: ]
[verbosity: -1]
[saved_feature_importance_type: 0]
[use_quantized_grad: 0]
[num_grad_quant_bins: 4]
[quant_train_renew_leaf: 0]
[stochastic_rounding: 1]
[linear_tree: 0]
[max_bin: 255]
[max_bin_by_feature: ]
[min_data_in_bin: 3]
[bin_construct_sample_cnt: 200000]
[data_random_seed: 4404]
[is_enable_sparse: 1]
[enable_bundle: 1]
[use_missing: 1]
[zero_as_missing: 0]
[feature_pre_filter: 1]
[pre_partition: 0]
[two_round: 0]
[header: 0]
[label_column: ]
[weight_column: ]
[group_column: ]
[ignore_column: ]
[categorical_feature: ]
[forcedbins_filename: ]
[precise_float_parser: 0]
[parser_config_file: ]
[objective_seed: 4113]
[num_class: 1]
[is_unbalance: 0]
[scale_pos_weight: 1]
[sigmoid: 1]
[boost_from_average: 1]
[reg_sqrt: 0]
[alpha: 0.9]
[fair_c: 1]
[poisson_max_delta_step: 0.7]
[tweedie_variance_power: 1.5]
[lambdarank_truncation_level: 30]
[lambdarank_norm: 1]
[label_gain: ]
[lambdarank_position_bias_regularization: 0]
[eval_at: ]
[multi_error_top_k: 1]
[auc_mu_weights: ]
[num_machines: 1]
[local_listen_port: 12400]
[time_out: 120]
[machine_list_filename: ]
[machines: ]
[gpu_platform_id: -1]
[gpu_device_id: -1]
[gpu_use_dp: 0]
[num_gpu: 1]

end of parameters

pandas_categorical:null
