tree
version=v4
num_class=1
num_tree_per_iteration=1
label_index=0
max_feature_idx=33
objective=binary sigmoid:1
feature_names=Column_0 Column_1 Column_2 Column_3 Column_4 Column_5 Column_6 Column_7 Column_8 Column_9 Column_10 Column_11 Column_12 Column_13 Column_14 Column_15 Column_16 Column_17 Column_18 Column_19 Column_20 Column_21 Column_22 Column_23 Column_24 Column_25 Column_26 Column_27 Column_28 Column_29 Column_30 Column_31 Column_32 Column_33
feature_infos=[0.22403052449226379:4.806818962097168] [0.027025075629353523:26.170040130615234] [0.17134076356887817:8.6935958862304688] [0.087584272027015686:1] [-28.67047119140625:41.262332916259766] [-36.190670013427734:42.326030731201172] [-36.841156005859375:62.500308990478516] [-45.158794403076172:63.120437622070312] [-22.455821990966797:30.680826187133789] [0:0.95389312505722046] [0:0.64536702632904053] [0:0.40022626519203186] [-0.51016271114349365:0.5480339527130127] [-0.15783818066120148:0.22172828018665314] [-46.22015380859375:17.161741256713867] [-8.3726015090942383:64.2962646484375] [0:1] [0:95] [0:95] [-1:1] [-29.775985717773438:44.984848022460938] [-30.712318420410156:55.0223388671875] [-2.5033562183380127:15.253066062927246] [0.049656935036182404:4.0791497230529785] [-1:1] [0:1] [0:1] [-1:1] [-1:1] [-0.78183150291442871:0.97492790222167969] [-0.90096884965896606:1] [0:1] [0:1] none
tree_sizes=8668 8739 8694

Tree=0
num_leaves=79
num_cat=0
split_feature=13 15 18 13 0 0 13 18 22 4 27 18 9 10 22 12 13 13 13 29 29 27 10 29 13 22 15 13 10 29 5 27 15 0 0 12 9 15 13 29 10 15 15 0 29 10 18 29 0 27 12 18 27 15 5 15 15 8 31 15 13 4 29 5 13 9 29 15 27 13 13 27 8 5 18 27 27 13
split_gain=34.7437 35.4238 43.8312 38.6925 29.8555 29.4294 28.7515 23.4131 19.5959 17.7094 18.8287 15.4799 22.6159 21.9303 25.6249 18.1184 14.606 20.1568 16.6133 16.2913 14.6166 17.6891 13.8625 13.6902 13.6072 19.6572 13.9967 14.3652 13.2489 23.5948 13.0084 12.9686 15.8577 12.1561 16.9772 13.0317 15.9316 12.1162 12.0777 14.8975 12.0362 22.0993 13.2922 11.9553 11.1718 22.7386 20.6278 14.2649 21.4877 10.4707 10.3204 10.2777 10.6892 10.1361 10.0997 10.0143 9.61644 9.35286 9.03478 8.59489 12.3195 8.29926 7.87383 19.1776 17.0856 15.7097 14.3179 15.627 12.2771 10.7014 9.36918 10.319 10.5324 9.18846 9.66501 8.23721 7.6846 7.50685
threshold=0.14694328606128695 19.72663497924805 31.500000000000004 0.068878903985023512 0.62996229529380809 1.333716928958893 0.037566028535366065 44.500000000000007 -0.43571524322032923 -1.9855306148529051 -0.81279832124710072 87.500000000000014 0.25589773058891302 0.061120977625250823 -0.61122307181358326 0.066277094185352339 -0.063960835337638841 -0.029007288627326485 0.027881357818841938 0.6078576147556306 0.6078576147556306 -0.05451125651597976 0.13247827440500262 1.0000000180025095e-35 0.015636325813829902 -0.649572193622589 4.6111519336700448 -0.0075205401517450801 0.29051333665847784 0.87837970256805431 -0.11214393004775046 0.58244305849075328 9.5578608512878436 1.1839162111282351 0.88999998569488536 0.0086363926529884356 0.37418785691261297 15.615837574005129 -0.050025008618831628 1.0000000180025095e-35 0.18816713988780978 2.7922159433364873 4.2865924835205087 1.2233378291130068 1.0000000180025095e-35 0.21948695927858355 70.500000000000014 0.6078576147556306 0.71721267700195324 0.39271505177021032 0.02666698303073645 58.500000000000007 -0.98990321159362782 6.4736177921295175 2.1280151605606084 26.366911888122562 7.7408463954925546 0.33127197623252874 1.0000000180025095e-35 16.156398773193363 0.046077184379100806 -0.034688362851738923 0.6078576147556306 -4.444025754928588 0.0022929715923964982 0.085991680622100844 0.87837970256805431 9.6400938034057635 0.86046862602233898 -0.068992026150226579 0.036937115713953979 0.63435554504394542 0.87514576315879833 -5.2318670749664298 48.500000000000007 0.83743050694465648 -0.74455857276916493 -0.0049041160382330409
decision_type=10 8 2 10 10 10 10 2 10 8 2 2 10 10 10 10 10 10 10 2 2 2 10 2 10 10 10 10 10 2 8 2 10 10 10 10 10 10 10 2 10 10 10 10 2 10 2 2 10 2 10 2 2 10 10 8 10 10 2 10 10 10 2 10 10 10 2 10 2 8 10 2 10 10 2 2 2 10
left_child=1 3 30 4 6 9 16 -8 -5 -4 -11 13 31 15 40 33 20 19 24 22 21 -1 53 -14 26 -26 27 -19 29 57 -3 32 -13 34 38 36 51 -9 -6 61 41 -15 -43 50 45 -12 58 48 -48 56 -34 52 -36 -18 -33 -32 -41 -7 -46 62 -61 -40 63 65 66 -16 67 -64 73 -65 71 72 -66 -68 -75 -67 -35 -71
right_child=-2 2 5 8 11 28 7 37 -10 10 44 12 23 14 59 -17 17 18 -20 -21 -22 -23 -24 -25 25 -27 -28 -29 -30 -31 55 54 43 76 35 -37 -38 -39 39 49 -42 42 -44 -45 46 -47 47 -49 -50 -51 -52 -53 -54 -55 -56 -57 -58 -59 -60 60 -62 -63 64 69 70 75 68 -69 -70 77 -72 -73 -74 74 -76 -77 -78 -79
leaf_value=-0.8749631784637909 -0.86804063271312437 -0.88023670999337056 -0.89603060971121207 -0.85657986347787651 -0.92390161359033696 -0.92581968369666701 -0.89404664654328769 -0.91076313160009148 -0.8953522250038779 -0.93606035729472437 -0.93103516648290785 -0.90518411155711198 -0.91153938605716245 -0.91696865979398712 -0.87768083996119273 -0.8865407344579076 -0.88384971870920148 -0.89925204104643675 -0.87970131955453656 -0.89899017771213308 -0.92117306267919674 -0.90960823417592185 -0.90004085063743977 -0.8919220914721272 -0.92400986191572076 -0.89196601001503883 -0.89369636364638183 -0.92658696241859051 -0.88870680310185879 -0.88256057908647267 -0.89130418774085862 -0.91235436772347578 -0.91074806807362063 -0.91964727584534423 -0.92259617305818453 -0.9101961637999052 -0.87295542304520635 -0.93608338996132268 -0.92331441640337619 -0.88668394360177194 -0.87966684556834251 -0.8749682159160358 -0.89678596162473434 -0.90904729134930629 -0.88308867274348701 -0.90098727453971617 -0.88346981144254511 -0.92702456568073133 -0.92238739318410545 -0.90971542496175095 -0.93365880693603975 -0.88267313532033465 -0.90017739644419614 -0.85650312136338813 -0.89493358056799355 -0.91896567854811428 -0.90457252808751232 -0.90449736858248786 -0.90890380897483969 -0.89086339430651107 -0.91276241960420335 -0.90872171015217351 -0.92078429504221182 -0.91939278282529635 -0.89513918158153838 -0.89719184362906101 -0.91937521659394539 -0.89483504589602514 -0.88675096196856296 -0.90113089157396009 -0.91409800325209734 -0.88246792407696339 -0.91393389242882628 -0.89617100543807959 -0.91580336694340447 -0.91524342015539395 -0.90913434807154336 -0.90883454181019563
leaf_weight=42.431712843477726 48.771987395361066 93.318719370290637 57.417674796655774 46.631111573427916 123.05935409478843 100.78401024453342 85.026670068502426 95.699682926759124 71.390780659392476 145.92432762123644 226.67466037720442 132.82342546246946 117.07990005612373 88.051516139879823 79.545603550970554 73.264309894293547 78.566909013316035 108.7579286955297 89.735533304512501 112.81124857254326 88.134786481037736 80.873919039964676 45.976909691467881 176.93908533640206 99.716281237080693 58.610785376280546 528.59229119122028 56.192907797172666 89.548619179055095 47.980479905381799 56.476389730349183 223.68810785003006 60.747293066233397 294.11906519718468 45.903939025476575 235.53362116403878 46.398110799491405 73.853344056755304 163.8296116348356 103.33018760196865 102.19475808925927 71.862796645611525 316.99964769184589 93.669054295867682 54.753197124227881 62.537609836086631 46.711363153532147 162.86878492310643 64.887476878240705 277.10784548334777 207.27601002156734 55.872366420924664 343.16646357439458 69.104360744357109 92.952540853992105 44.54387378692627 134.57902069203556 65.171165341511369 46.458308227360249 203.01318926177919 65.369490068405867 181.60330830514431 361.28053573891521 111.01525541394949 177.83820826373994 431.95215790905058 107.22780580073595 50.001550331711769 58.281007153913379 548.28681198321283 76.292397391051054 74.870226727798581 87.480640666559339 138.30791137553751 76.752607654780149 53.722053444013 322.21321018412709 490.92670778185129
leaf_count=584 462 1111 695 558 1501 1160 951 1135 782 1751 2522 1674 1296 1182 944 935 1050 1316 1180 1404 982 1022 610 1957 1185 621 5875 745 851 535 681 2268 609 3378 526 2931 544 849 2036 1275 1253 835 3746 1043 671 723 656 1920 814 3021 2195 634 4329 720 1029 569 1504 760 583 2405 720 2182 4397 1458 2036 5312 1196 567 747 6807 902 809 952 1775 903 678 4176 5622
internal_value=-0.904497 -0.904987 -0.911805 -0.903967 -0.904318 -0.915145 -0.898922 -0.912831 -0.878543 -0.919393 -0.921142 -0.905584 -0.910531 -0.904687 -0.902534 -0.908088 -0.896446 -0.89457 -0.897995 -0.884428 -0.907273 -0.897504 -0.87648 -0.899887 -0.900088 -0.91183 -0.89731 -0.908584 -0.903115 -0.909105 -0.892107 -0.914452 -0.919046 -0.908818 -0.906797 -0.901582 -0.897342 -0.922557 -0.910696 -0.908668 -0.893768 -0.897076 -0.892365 -0.923939 -0.917622 -0.924413 -0.912107 -0.918595 -0.905509 -0.903846 -0.928817 -0.900257 -0.903107 -0.869784 -0.907032 -0.904054 -0.896835 -0.917408 -0.895113 -0.904151 -0.89642 -0.915921 -0.904855 -0.902894 -0.907674 -0.896054 -0.911605 -0.917448 -0.905092 -0.906232 -0.900319 -0.89701 -0.901566 -0.908739 -0.90348 -0.899361 -0.914297 -0.904726
internal_weight=0 10474.6 1366.06 9108.54 8990.51 1171.72 1714.09 254.58 118.022 868.233 810.816 7276.43 1105.18 6171.25 3771.27 2399.98 1459.51 1248.07 941.606 306.459 211.44 123.306 193.648 294.019 851.87 158.327 693.543 164.951 303.484 213.936 194.339 811.156 494.516 2326.72 1710.38 726.875 491.341 169.553 983.509 860.45 579.109 476.914 388.862 361.692 664.891 289.212 375.679 274.468 111.599 515.017 268.023 444.943 389.07 147.671 316.641 101.02 237.909 165.955 101.212 3192.16 268.383 345.433 2923.78 1715.45 1208.33 565.22 791.851 411.282 380.569 1150.23 416.481 340.189 265.319 322.288 215.061 485.674 616.332 1039.21
internal_count=124322 123860 16002 107858 106518 13641 20229 2935 1340 10335 9640 86289 12071 74218 45246 28972 17294 14706 10922 3784 2588 1606 2380 3253 9742 1806 7936 2061 3306 2455 2361 8818 5521 28037 20483 8964 6033 1984 11519 10018 7016 5763 4581 3847 7889 3245 4644 3390 1470 5800 2804 5489 4855 1770 3297 1250 2779 1920 1254 38230 3125 4218 35105 20821 14284 6934 9585 4964 4621 13887 4699 3797 2988 3874 2678 5990 7554 12429
is_linear=0
shrinkage=1


Tree=1
num_leaves=79
num_cat=0
split_feature=30 21 17 12 17 29 15 28 2 27 12 7 2 29 7 7 12 14 29 17 27 15 21 7 7 21 15 29 28 14 8 27 6 12 12 14 21 14 10 2 14 7 27 28 7 17 28 28 28 7 29 17 2 27 15 7 15 21 14 7 27 27 27 15 15 12 28 6 15 12 2 6 12 14 8 12 12 7
split_gain=37.3285 43.5847 41.9441 32.8048 40.1156 29.8369 27.6597 26.8878 45.4551 45.9527 27.6882 25.8585 27.7327 26.1332 47.7293 25.2326 23.0352 26.761 44.9794 33.5617 26.2195 29.2986 26.1497 24.4488 24.2937 22.8411 22.7656 22.5358 29.4163 24.1952 22.3849 21.7007 21.0113 20.5875 20.5322 20.2865 19.4939 19.2157 19.1632 22.6125 18.1125 17.2463 17.0797 16.8842 16.1225 16.029 17.9863 15.8092 15.1665 14.8675 14.8027 19.751 14.4591 15.5614 13.6814 13.603 13.2944 13.9866 12.9687 22.8428 15.6167 19.2734 18.0677 20.9049 17.0355 12.7781 12.5914 12.4334 12.1919 12.1856 13.7554 18.9663 17.9854 18.2202 12.1603 12.1404 14.0095 17.186
threshold=1.0000000180025095e-35 4.0529799461364755 65.500000000000014 -0.032098868861794465 11.500000000000002 -1.0000000180025095e-35 12.312410831451418 -0.37256073951721186 0.51977673172950756 -0.84915164113044728 -0.012512609362602232 -14.683441162109373 1.2003008723258974 0.6078576147556306 -9.970542907714842 2.173312902450562 -0.050500465556979172 -13.274605751037596 0.6078576147556306 65.500000000000014 0.4904943853616715 9.3199629783630389 2.6519711017608647 0.12646900862455371 -2.3145464658737178 7.4962656497955331 14.619243144989015 0.87837970256805431 -0.11969653144478797 -7.8070013523101798 -1.8537816405296323 0.74455857276916515 -3.5356873273849483 -0.085689503699541078 -0.05147129483520984 -10.105138301849363 -2.520126104354858 -7.6137211322784415 0.13565807044506076 0.9086592197418214 -11.306575298309324 8.3407125473022479 -0.54643493890762318 0.96298784017562877 -12.091486454010008 42.500000000000007 -0.7866188883781432 0.58244305849075328 0.1413247883319855 -22.857628822326657 0.6078576147556306 39.500000000000007 1.0912452936172488 -0.97854062914848317 4.4822616577148446 11.787654876708986 10.969370365142824 3.0858647823333745 -15.512168884277342 -11.888641834259031 0.9015902876853944 0.18436925113201144 -0.71473535895347584 13.801313400268556 10.876949310302736 0.022548233158886436 0.82531082630157482 20.642964363098148 19.72663497924805 0.07294799387454988 0.72668975591659557 -5.6619539260864249 0.0039040190167725091 -16.426200866699215 1.6704342961311343 0.035979920998215682 -0.024931770749390122 17.070439338684086
decision_type=2 8 2 8 2 2 8 2 10 2 10 10 8 2 10 10 10 10 2 2 2 10 10 10 10 8 10 2 2 10 8 2 10 10 10 10 10 10 8 10 10 10 2 2 10 2 2 2 2 8 2 2 10 2 10 10 10 10 10 10 2 2 2 10 10 10 2 10 10 10 8 10 10 10 10 10 10 10
left_child=2 5 15 -3 25 -2 -6 10 48 44 -4 49 16 14 -14 27 -13 50 22 20 45 24 32 -23 -22 26 -5 29 65 69 55 -27 -19 -15 36 -17 42 40 39 -32 -35 -28 -11 -34 -10 46 -20 56 -9 -7 51 -18 -46 -54 -55 -8 -31 -58 59 66 61 62 -60 -64 -63 74 -36 75 -41 70 72 -72 -1 -74 -29 76 -37 -78
right_child=1 3 7 4 6 11 30 8 9 34 -12 12 13 33 -16 35 17 18 19 -21 21 23 -24 -25 -26 31 41 28 -30 47 38 -33 43 37 58 67 -38 -39 -40 68 -42 -43 -44 -45 52 -47 -48 -49 -50 -51 -52 -53 53 54 -56 -57 57 -59 60 -61 -62 64 63 -65 -66 -67 -68 -69 -70 -71 71 -73 73 -75 -76 -77 77 -79
leaf_value=-0.0050774163345856304 -0.025522352911606955 0.01870124026186885 -0.0031499006258647912 -0.0062455854752338441 0.013005334854460898 0.0032701416175742268 -0.023076707377499808 0.0159535308645435 0.0166313447228939 0.040241624348608472 0.024150108681493757 -0.013297411590489782 0.048928675172723347 -0.014233871036270291 0.0096127727568563158 0.019477222590785492 0.0011856855766120434 0.0063380495020381091 0.011160251410748239 -0.0072164082176803725 0.027991903529717074 0.013403712649926351 0.011316126696419206 0.057178314325466134 -0.010006637021031063 -0.0034947021668055426 0.043102155976535064 -0.0013461297548556866 -0.021637466235840199 0.0022850147180001703 -0.029618248811044242 -0.035800640090000689 -0.021905402698669287 0.0017084952924224758 0.032575877001577401 -0.012194429528271948 0.050992619069219029 -0.013211458528188967 -0.036810322703848861 0.0063358001119327729 0.034911804979459123 0.0052912337167017572 0.012517217303466542 0.0062725881425931915 0.012522483696672818 0.018443926346239942 -0.018951748310391696 -0.029581938552013468 -0.013546628854757966 -0.014068655539571708 0.0012231101345893459 0.037434617741649856 -0.029433605794485965 0.015300827895699117 -0.015075245847832272 0.0056599214081310681 -0.032655790881690516 -0.0020102236081480174 0.00025044441859887724 -0.021843332834493048 0.035915351396774528 -0.012548276417663972 0.038699414618278638 0.0026003200863998241 0.0169657511873792 -0.012241873889366683 -5.0854432083121023e-05 0.018368085405310132 -0.021292431356576342 0.025419846291430688 0.012597958552403697 -0.0066455720502031071 -0.0019235391262887767 0.029263186908683753 0.022634695756781936 -0.0018497266724132784 0.011305758225588259 -0.0056618145126626955
leaf_weight=88.484052062034607 88.756336309015751 70.975421702489257 608.06149224378169 91.57297158241272 46.738424630835652 137.53456846065819 49.250256137922406 39.920136814936996 83.232545584440231 71.957968484610319 83.683553766459227 250.26936469227076 75.369439048692584 126.80756294541061 372.20322005823255 143.188696552068 51.769928235560656 77.672116469591856 66.334994912147522 242.18860562704504 60.646214766427875 52.470315059646964 90.450510023161769 67.11082910746336 69.447357557713985 212.30973173864186 47.871711067855358 153.74765106663108 288.05475710891187 185.55223258025944 150.08419909514487 51.705646147951484 369.9820096604526 75.090113224461675 41.899816436693072 77.499041564762592 70.378531256690621 52.304225752130151 211.86992446705699 85.825622523203492 64.118774775415659 57.01290107704699 153.05416270717978 45.081375038251281 58.713027145713568 79.347534447908401 91.319917283952236 66.345391064882278 177.90133100561798 340.91524581238627 98.59428240172565 87.456675043329597 66.324951460584998 49.040919683873653 67.309427639469504 86.659231601282954 55.897443782538176 72.024938728660345 63.746157720685005 48.14035308919847 85.455544982105494 82.3047707490623 127.46544421836734 49.15985668823123 71.485395256429911 144.81432817690074 45.923216097056866 87.046293897554278 47.127047155052423 47.126347595825791 137.51669926941395 409.01137774437666 52.074793230742216 116.96410400606692 55.065724676474929 1137.0483587291092 550.85090468078852 151.70511638373137
leaf_count=1166 1152 716 7602 1125 546 1602 618 407 1061 783 903 3137 765 1571 4334 1412 566 976 827 2664 876 516 1023 690 817 2543 550 1771 3325 2192 1798 621 4405 812 619 1083 895 671 2473 938 776 675 2123 509 746 922 979 788 2508 4278 1391 1021 764 527 735 917 552 848 723 602 986 1022 1413 494 802 1766 528 906 535 502 1649 4831 562 1213 687 13123 6467 1814
internal_value=0 -0.00296792 0.00253215 -0.0102855 -0.0121964 -0.000119087 -0.0192075 0.0076598 0.0111639 0.0145478 0.000205 0.000638706 0.00246592 0.00969101 0.0167241 -0.000196943 -0.000596028 0.00145313 -0.00107081 0.00640327 0.013284 0.0234625 -0.0104745 0.0394425 0.00765667 -0.00169685 0.00979991 -0.00406081 -0.0109426 -0.00040972 -0.0217394 -0.0104527 -0.0146329 -0.000133128 0.0197617 0.00315135 0.0297911 0.00905636 -0.0262232 -0.0177172 0.0179015 0.0239656 0.0221558 -0.0186972 0 0.00214296 -0.00601834 -0.00992618 -0.00772614 -0.00899789 0.0153622 0.0247142 -0.00611338 -0.0125072 -0.00178217 -0.00477462 -0.00528548 -0.0163669 0.0147056 0.00183592 0.0182068 0.013916 0.0218605 0.0292079 0.000945596 -0.00194684 0.0157405 0.00192339 -0.00344428 0.0038069 0.00235768 -0.0016574 0.010958 0.0195552 0.00506166 0.00111385 0.00548305 0.00756131
internal_weight=0 4342.24 6165.18 1209 1138.03 3133.24 677.555 2145.16 1453.41 1235.59 691.745 3044.49 2566.04 765.893 447.573 4020.02 1800.14 1549.87 1312.05 728.866 486.677 249.675 583.186 119.581 130.094 460.473 196.458 1872.68 641.682 1231 630.816 264.015 492.736 318.321 910.971 2147.34 295.391 191.513 494.907 283.037 139.209 104.885 225.012 415.063 324.621 237.002 157.655 379.82 217.821 478.45 237.821 139.227 241.388 182.675 116.35 135.909 313.475 127.922 615.581 135.963 479.617 394.162 240.371 176.625 153.79 353.628 87.823 2004.15 132.953 851.177 804.051 546.528 257.523 169.039 208.813 1917.1 780.055 702.556
internal_count=124235 51335 72900 14055 13339 37280 7825 26243 17738 14823 8505 36128 30248 8929 5099 46657 21319 18182 15204 8291 5627 2899 6913 1206 1693 5514 2350 21852 7549 14303 7279 3164 5890 3830 10990 24805 3801 2259 5744 3271 1588 1225 2906 4914 3833 2728 1806 4380 2915 5880 2978 1587 2772 2026 1262 1535 3592 1400 7189 1749 5440 4454 2630 1907 1824 4224 1147 23393 1473 9923 9421 6480 2941 1775 2458 22487 9364 8281
is_linear=0
shrinkage=0.0454652


Tree=2
num_leaves=79
num_cat=0
split_feature=18 30 7 9 7 22 6 7 30 2 3 2 27 7 3 28 22 7 3 3 3 2 2 7 28 3 2 20 2 27 30 3 20 5 2 3 30 6 6 27 28 18 22 28 18 7 7 22 2 3 3 28 2 3 30 7 27 30 18 2 18 2 6 18 3 7 7 7 7 27 6 3 18 22 3 2 2 9
split_gain=25.204 38.0377 29.4546 26.3787 23.173 22.3919 35.0765 34.7212 31.4014 28.7425 53.8917 22.281 23.05 29.5602 21.5546 20.6479 38.7244 16.6212 16.557 18.9442 21.2018 22.0319 19.9676 19.2944 17.6231 16.9505 15.2143 14.4234 23.4416 24.3949 20.2707 14.1904 15.4475 13.2937 19.5665 20.4969 14.0605 13.1763 13.1018 15.4485 24.2734 23.8848 13.0798 21.2931 12.9832 12.7987 14.3671 11.4911 10.8406 16.8119 10.7648 10.5503 10.4892 13.2494 14.4621 13.7809 12.2842 18.9615 10.9214 10.5047 12.0389 10.3307 10.2249 9.59326 9.22163 9.2185 9.03719 14.208 8.83517 8.56215 8.53131 11.9862 8.21504 8.09599 8.05046 9.16431 7.94295 7.92126
threshold=87.500000000000014 -0.56174489110708226 22.573562622070316 0.33423720300197607 9.3741240501403826 -0.49271401762962336 -1.0814529061317442 -14.959972858428953 -0.56174489110708226 1.4450896978378298 0.8380553424358369 0.4851332306861878 0.66746801137924205 -0.24760589748620984 0.22628798335790637 0.8491516411304475 -0.81576812267303456 -12.091486454010008 0.92600613832473766 0.61963894963264476 0.34181237220764166 0.80042129755020153 0.77247831225395214 -3.5245424509048457 0.39271505177021032 0.40476942062377935 2.7390121221542363 -1.1410393714904783 0.7773512899875642 0.83743050694465648 1.0000000180025095e-35 0.71461522579193126 1.0000000180025095e-35 1.0000000180025095e-35 1.5524300336837771 0.2506368756294251 0.81174489855766307 5.5134131908416757 0.82146781682968151 0.78661888837814342 -0.20576497167348859 40.500000000000007 -0.36741039156913752 0.58244305849075328 31.500000000000004 23.23909950256348 -6.9719169139862052 0.36163607239723211 0.97495603561401378 0.65404367446899425 0.1912849768996239 -0.09801131114363669 1.859779477119446 0.72311249375343334 0.81174489855766307 5.6385192871093759 0.50938662886619579 1.0000000180025095e-35 37.500000000000007 0.63012611865997326 75.500000000000014 1.9021357893943789 -11.14067506790161 65.500000000000014 0.68283256888389599 -19.218272209167477 -6.1989376544952384 -3.1647106409072872 -3.0448664426803584 -0.91959547996520985 -10.254816532135008 0.89449077844619762 12.500000000000002 -0.99565124511718739 0.89449077844619762 1.3167189955711367 1.41366183757782 0.16995761543512347
decision_type=2 2 10 10 10 8 10 10 2 10 10 10 2 10 10 2 10 10 10 10 10 8 8 10 2 10 10 10 10 2 2 10 10 10 8 10 2 10 10 2 2 2 10 2 2 10 10 10 10 10 10 2 10 10 2 10 2 2 2 10 2 8 8 2 10 10 10 10 10 2 10 10 2 10 10 10 8 10
left_child=5 2 17 4 11 6 9 8 65 14 15 -3 73 -14 -1 16 -11 -2 19 20 21 23 25 24 -8 -22 33 30 29 -29 48 32 -30 34 35 50 -36 -24 39 74 41 -41 43 -6 -12 46 -40 70 -16 -50 -9 -32 53 54 56 -56 59 58 -58 -48 -61 -38 -10 -55 -21 -7 -19 -68 -53 -66 -28 -72 -70 -13 75 -35 -65 -27
right_child=1 3 -4 -5 42 7 18 26 62 10 44 12 13 -15 27 -17 -18 66 -20 64 22 -23 37 -25 -26 77 47 28 31 -31 51 -33 -34 38 36 -37 61 -39 45 40 -42 -43 -44 -45 -46 -47 52 -49 49 -51 -52 68 -54 63 55 -57 57 -59 -60 60 -62 -63 -64 76 69 -67 67 -69 72 -71 71 -73 -74 -75 -76 -77 -78 -79
leaf_value=0.029053057746440292 0.025344606030680405 -0.029988457343910552 0.031122789190811174 0.0053650108620321452 -0.045577800090525755 0.013658768127673989 0.028548208677123873 -0.0014354539254459893 -0.0045784436036104504 0.068629601335294749 0.012475310872419449 0.005282647765985137 -0.0083183640377197006 0.029552106330739677 0.00084105639437482779 0.0073070212714058608 0.022731759636254713 -0.017374491305337424 0.018495773164099828 -0.023043811362761298 0.012128172765050517 -0.028005187484037779 0.02062276279916174 -0.010274793721625566 -0.003489260867297219 -0.020877484497234085 0.00049830288215986138 -0.010571011254177216 0.045743366947507226 0.028037819949896625 0.0075222371304503157 0.0038549719180258741 0.012006892540200516 0.0041357436621146434 0.0033608858656873877 -0.0041513530622248841 0.036611459325088816 -0.0026930941475940356 -0.011983564681048116 0.0086004152111143553 0.0001507572098939395 0.054129982411482917 -0.012077497665431735 -0.014214868752720588 -0.014623177469866588 -0.014199339708514901 -0.011759697999549153 0.0014493907557733732 0.038516479843284414 0 0.023362347385030149 -0.0037553156826825866 0.01397129550106721 -0.011620588392284156 0.0047298950381316008 -0.024858695636582103 0.024167009297450356 0.031857103553064245 0.0012820622797347285 0.011587281389065285 -0.007525072813021479 0.0045590189060209733 -0.020432114592217884 0.014538445723652555 -0.021346440359654859 -0.0045629368560110269 0.021981182318631519 -0.0016876842638966067 -0.0053702047278150009 8.463260348816165e-05 -0.033266395865067182 -0.0070950015570872436 -0.03155941358859337 -0.011718615524396413 -0.0084337477650301366 0.01926839875981394 -0.0086955633320457346 0
leaf_weight=71.853648455813527 48.09447137080133 71.226291615515947 67.651160860434175 207.46465480141342 88.611162716522813 106.128951696679 62.980534892529249 54.052033998072147 125.4130875505507 66.183735877275467 65.29957128688693 62.012966940179467 79.156803965568542 81.51529292576015 160.10285516828299 52.5271031614393 107.81172480806708 61.068858286365867 82.89710908010602 102.01399106159806 97.618946446105838 76.128173282369971 217.08761565387249 197.38369369320571 68.78566843084991 81.988673368468881 50.594828087836504 139.58778651431203 62.825596725568175 40.015018582344055 55.848038718104362 72.512327253818512 63.7161910738796 456.91374211199582 378.05034770444036 1778.805221112445 49.475909855216742 59.063654359430075 121.39620021916926 47.989758940413594 75.782301696017385 54.743847919628024 217.32214328087866 109.39980157092214 72.26851967535913 94.835704253986478 81.499443972483277 144.83889707550406 46.07505014538765 41.123640546575189 85.503253364935517 113.93144371733069 186.7732454650104 196.73657905124128 64.709184817969799 55.445485347881913 54.72134062089026 89.14727802015841 183.36898210830986 230.58854360692203 89.51672288775444 42.486953921616077 348.80350559391081 66.768462289124727 47.302910039201379 111.25682769343257 53.373293338343501 586.00407631509006 47.13169226795435 136.40495461039245 72.43656637892127 85.350455954670906 71.882438061758876 362.31293680891395 72.176651891320944 102.56314529851079 47.158082190901041 66.990238280966878
leaf_count=850 611 874 826 2287 875 1485 671 553 1465 722 768 788 992 873 2246 636 1210 662 1071 1093 1039 1021 2328 2150 894 996 533 1900 752 524 638 743 736 5459 4553 21526 543 725 1388 641 935 608 2343 1302 782 1057 976 1464 602 526 908 1472 2101 2604 837 759 668 967 2050 2809 940 614 4324 780 642 1501 609 6390 613 1573 744 934 835 4191 874 1130 588 882
internal_value=0 -0.00433548 0.00327964 -0.00922796 -0.0121083 0.00122962 0.00469271 -0.000343227 -0.00987922 0.00981087 0.0207141 -0.00661166 -0.00349439 0.0108551 0.00566914 0.0341592 0.041638 0.000543162 -0.000615358 -0.00201834 0.00109774 -0.00660753 0.007169 -0.00122949 0.0118627 -0.00206114 0.000943611 0.00365824 0.0104127 -0.00127125 -0.00106494 0.0210085 0.0300366 0.0016299 -0.000747319 -0.00280469 0.00749876 0.0154953 0.00404038 0.0087307 0.0204921 0.0344608 -0.0205277 -0.029129 -0.00142712 0.0015611 0.0026491 -0.00808348 0.00831246 0.0208445 0.0136505 -0.00926554 0.00403678 0.0023514 0.00531527 -0.0088996 0.00776179 0.0142737 0.00706219 0.00224521 0.00606461 0.0231348 -0.0164163 -0.00555731 -0.0121805 0.0042006 -0.00122762 0.000339324 -0.0135564 -0.00551822 -0.0148395 -0.0199474 -0.0221067 -0.00909343 0.00521967 0.00711598 0.00453965 -0.011753
internal_weight=0 2095.21 816.192 1279.02 1071.56 8453.37 2647.34 5806.03 691.602 1350.7 364.091 656.224 584.998 160.672 986.606 226.523 173.995 748.541 1296.65 1213.75 928.027 405.278 522.749 329.15 131.766 246.598 5114.43 914.752 378.657 179.603 536.095 199.054 126.542 4761.21 2388.37 1918.36 470.013 276.151 2372.83 810.169 178.516 102.734 415.333 198.011 137.568 1562.67 1467.83 353.221 247.302 87.1987 139.555 288.794 1346.43 1159.66 848.997 120.155 728.842 327.238 238.09 401.605 320.105 91.9629 474.217 310.663 285.722 217.386 700.446 639.377 232.946 183.708 208.382 157.787 119.014 424.326 631.654 559.477 113.927 148.979
internal_count=124581 23623 9098 14525 12238 100958 31640 69318 8775 16555 4118 7718 6844 1865 12437 2568 1932 8272 15085 14014 10706 4736 5970 3715 1565 2917 60543 11587 4655 2424 6932 2231 1488 56868 28697 22987 5710 3053 28171 9647 2184 1249 4520 2177 1550 18524 17467 3675 3374 1128 1461 3558 16079 13978 10006 1596 8410 3685 2718 4725 3749 1157 5789 3972 3308 2986 7661 6999 2920 2215 2211 1678 1448 4979 7463 6589 1368 1878
is_linear=0
shrinkage=0.0454652


end of trees

feature_importances:
Column_7=24
Column_27=22
Column_15=19
Column_2=18
Column_3=14
Column_13=14
Column_29=14
Column_12=13
Column_18=13
Column_28=12
Column_6=8
Column_22=8
Column_14=7
Column_30=7
Column_0=6
Column_10=6
Column_5=5
Column_9=5
Column_17=5
Column_21=5
Column_8=4
Column_4=2
Column_20=2
Column_31=1

parameters:
[boosting: gbdt]
[objective: binary]
[metric: auc]
[tree_learner: serial]
[device_type: cpu]
[data_sample_strategy: bagging]
[data: ]
[valid: ]
[num_iterations: 600]
[learning_rate: 0.0454652]
[num_leaves: 79]
[num_threads: 2]
[seed: 2024]
[deterministic: 0]
[force_col_wise: 0]
[force_row_wise: 0]
[histogram_pool_size: -1]
[max_depth: -1]
[min_data_in_leaf: 525]
[min_sum_hessian_in_leaf: 0.001]
[bagging_fraction: 0.774687]
[pos_bagging_fraction: 1]
[neg_bagging_fraction: 1]
[bagging_freq: 1]
[bagging_seed: 2024]
[feature_fraction: 0.515409]
[feature_fraction_bynode: 1]
[feature_fraction_seed: 2024]
[extra_trees: 0]
[extra_seed: 29642]
[early_stopping_round: 0]
[early_stopping_min_delta: 0]
[first_metric_only: 0]
[max_delta_step: 0]
[lambda_l1: 1.07292]
[lambda_l2: 4.08529]
[linear_lambda: 0]
[min_gain_to_split: 0]
[drop_rate: 0.1]
[max_drop: 50]
[skip_drop: 0.5]
[xgboost_dart_mode: 0]
[uniform_drop: 0]
[drop_seed: 2449]
[top_rate: 0.2]
[other_rate: 0.1]
[min_data_per_group: 100]
[max_cat_threshold: 32]
[cat_l2: 10]
[cat_smooth: 10]
[max_cat_to_onehot: 4]
[top_k: 20]
[monotone_constraints: ]
[monotone_constraints_method: basic]
[monotone_penalty: 0]
[feature_contri: ]
[forcedsplits_filename: ]
[refit_decay_rate: 0.9]
[cegb_tradeoff: 1]
[cegb_penalty_split: 0]
[cegb_penalty_feature_lazy: ]
[cegb_penalty_feature_coupled: ]
[path_smooth: 0]
[interaction_constraints: ]
[verbosity: -1]
[saved_feature_importance_type: 0]
[use_quantized_grad: 0]
[num_grad_quant_bins: 4]
[quant_train_renew_leaf: 0]
[stochastic_rounding: 1]
[linear_tree: 0]
[max_bin: 255]
[max_bin_by_feature: ]
[min_data_in_bin: 3]
[bin_construct_sample_cnt: 200000]
[data_random_seed: 6648]
[is_enable_sparse: 1]
[enable_bundle: 1]
[use_missing: 1]
[zero_as_missing: 0]
[feature_pre_filter: 1]
[pre_partition: 0]
[two_round: 0]
[header: 0]
[label_column: ]
[weight_column: ]
[group_column: ]
[ignore_column: ]
[categorical_feature: ]
[forcedbins_filename: ]
[precise_float_parser: 0]
[parser_config_file: ]
[objective_seed: 12337]
[num_class: 1]
[is_unbalance: 0]
[scale_pos_weight: 1]
[sigmoid: 1]
[boost_from_average: 1]
[reg_sqrt: 0]
[alpha: 0.9]
[fair_c: 1]
[poisson_max_delta_step: 0.7]
[tweedie_variance_power: 1.5]
[lambdarank_truncation_level: 30]
[lambdarank_norm: 1]
[label_gain: ]
[lambdarank_position_bias_regularization: 0]
[eval_at: ]
[multi_error_top_k: 1]
[auc_mu_weights: ]
[num_machines: 1]
[local_listen_port: 12400]
[time_out: 120]
[machine_list_filename: ]
[machines: ]
[gpu_platform_id: -1]
[gpu_device_id: -1]
[gpu_use_dp: 0]
[num_gpu: 1]

end of parameters

pandas_categorical:null
