tree
version=v4
num_class=1
num_tree_per_iteration=1
label_index=0
max_feature_idx=33
objective=binary sigmoid:1
feature_names=Column_0 Column_1 Column_2 Column_3 Column_4 Column_5 Column_6 Column_7 Column_8 Column_9 Column_10 Column_11 Column_12 Column_13 Column_14 Column_15 Column_16 Column_17 Column_18 Column_19 Column_20 Column_21 Column_22 Column_23 Column_24 Column_25 Column_26 Column_27 Column_28 Column_29 Column_30 Column_31 Column_32 Column_33
feature_infos=[0.22403052449226379:4.806818962097168] [0.027025075629353523:26.170040130615234] [0.17134076356887817:8.6935958862304688] [0.087584272027015686:1] [-28.67047119140625:41.262332916259766] [-36.190670013427734:42.326030731201172] [-36.841156005859375:62.500308990478516] [-45.158794403076172:63.120437622070312] [-22.455821990966797:30.680826187133789] [0:0.95389312505722046] [0:0.64536702632904053] [0:0.40022626519203186] [-0.51016271114349365:0.5480339527130127] [-0.15783818066120148:0.22172828018665314] [-46.22015380859375:17.161741256713867] [-8.3726015090942383:64.2962646484375] [0:1] [0:95] [0:95] [-1:1] [-29.775985717773438:44.984848022460938] [-30.712318420410156:55.0223388671875] [-2.5033562183380127:15.253066062927246] [0.049656935036182404:4.0791497230529785] [-1:1] [0:1] [0:1] [-1:1] [-1:1] [-0.78183150291442871:0.97492790222167969] [-0.90096884965896606:1] [0:1] [0:1] none
tree_sizes=1736 1798 1767 1817 1776

Tree=0
num_leaves=15
num_cat=0
split_feature=28 27 29 27 13 3 3 5 11 13 21 29 18 23
split_gain=162.169 92.4537 70.5686 70.4671 38.0688 65.099 33.9047 30.9201 27.4976 27.4253 27.2322 26.8838 24.8343 32.3744
threshold=-0.3317298144102096 -0.032717135734856122 -1.0000000180025095e-35 -0.91080963611602772 -0.075406681746244417 0.20766776055097583 0.36100544035434728 -4.0279097557067862 0.05624713376164437 0.040709611028432853 8.6682047843933123 1.0000000180025095e-35 79.500000000000014 1.1112233996391299
decision_type=2 2 2 2 8 10 10 8 8 10 10 2 2 10
left_child=-1 2 8 12 -3 -6 11 -5 -2 -9 -8 -7 13 -4
right_child=1 4 3 7 5 6 10 9 -10 -11 -12 -13 -14 -15
leaf_value=-1.0572607433712886 -1.0552102491301101 -1.0547468395030717 -1.0623259204158628 -1.0587502593876357 -1.064223662553337 -1.0549639276325109 -1.0598067646956617 -1.0650938815289674 -1.0597321739294361 -1.0606915114906328 -1.0561013177588088 -1.0584292570408922 -1.0566394539247885 -1.0585409175932587
leaf_weight=4328.8417650349438 217.01134850271046 224.93409420177341 522.60916930623353 118.90000144392252 217.67472076229751 374.45890618674457 1729.9300408456475 833.20422314479947 327.26539180241525 219.79022208601236 217.33618178963661 647.59159192442894 168.28552553802729 373.60425392724574
leaf_count=54821 3030 2914 6853 1691 2654 5025 22067 10359 3885 2848 2428 8192 2281 4296
internal_value=-1.05875 -1.05981 -1.06117 -1.06197 -1.0587 -1.05898 -1.0586 -1.06369 -1.05798 -1.06423 -1.05936 -1.0571 -1.06002 -1.06071
internal_weight=0 6192.6 2780.67 2236.39 3411.93 3186.99 2969.32 1171.89 544.277 1052.99 1947.27 1022.05 1064.5 896.213
internal_count=133344 78523 35243 28328 43280 40366 37712 14898 6915 13207 24495 13217 13430 11149
is_linear=0
shrinkage=1


Tree=1
num_leaves=15
num_cat=0
split_feature=28 27 29 27 2 13 2 3 16 0 22 27 11 29
split_gain=155.09 108.008 78.3386 56.2496 39.3244 35.1523 34.7642 59.883 27.8671 31.1263 28.9014 26.2867 23.7723 28.7379
threshold=-0.22706275433301923 -0.032717135734856122 -1.0000000180025095e-35 -0.91959547996520985 1.0239157080650332 0.040709611028432853 0.51977673172950756 0.22628798335790637 0.58194822072982799 0.68765980005264293 0.50369000434875499 0.95032352209091198 0.03843484818935395 1.0000000180025095e-35
decision_type=2 2 2 2 10 10 8 10 10 10 10 2 10 2
left_child=8 2 4 -4 -2 -5 7 -3 10 -10 -1 -9 13 -8
right_child=1 6 3 5 -6 -7 12 11 9 -11 -12 -13 -14 -15
leaf_value=-0.00018213362883430506 0.0058618226209906261 -0.0022112168132264235 -0.0014785229766260898 -0.005811309301670016 -0.00061197023269843635 -0.0012295519156854363 0.0004227686788509433 0.0054223495117301417 0.0075160532928003863 0.0018914054341476261 0.0020299362585615545 0 0.00028543545146110082 -0.0031963200284006025
leaf_weight=1605.4825257249177 115.73550713248551 214.50134235434234 880.46339095570147 960.95786826685071 392.67057156190276 242.41731599718332 345.21836057305336 361.83602679893374 105.51057141274214 2070.8152762018144 931.86141142621636 139.57709205523133 1608.6401898562908 543.0623507425189
leaf_count=20701 1820 2624 11144 12151 4654 3113 4521 4712 965 25615 12407 1645 20577 6706
internal_value=0 -0.00110314 -0.00263555 -0.00350485 0.000848171 -0.00493533 0.000124017 0.00208497 0.00136305 0.00220795 0.000618006 0.00400801 -0.000426696 -0.00175299
internal_weight=0 5805.08 2592.24 2083.84 508.406 1203.38 3212.84 715.914 4713.67 2176.33 2537.34 501.413 2496.92 888.281
internal_count=133355 73667 32882 26408 6474 15264 40785 8981 59688 26580 33108 6357 31804 11227
is_linear=0
shrinkage=0.0101079


Tree=2
num_leaves=15
num_cat=0
split_feature=28 27 29 27 2 13 30 2 18 20 20 27 0 16
split_gain=161.335 88.4168 69.522 74.5399 41.4648 37.3041 35.0321 32.7833 32.4683 28.3496 27.1083 39.2049 26.4552 25.6081
threshold=-0.3317298144102096 -0.076279435306787477 -1.0000000180025095e-35 -0.91080963611602772 0.53546440601348888 0.040709611028432853 0.81174489855766307 1.6676545739173891 79.500000000000014 2.7745757102966313 -0.15855175256729123 -0.50938662886619557 1.05993127822876 0.61899894475936901
decision_type=2 2 2 2 8 10 2 10 2 10 8 2 10 10
left_child=-1 2 7 8 13 10 9 -2 12 -6 11 -5 -4 -3
right_child=1 4 3 5 6 -7 -8 -9 -10 -11 -12 -13 -14 -15
leaf_value=0.001493308631599436 0.003490774955609911 0.0034645826256799019 -0.0036723757268673301 -0.0062621963631718522 -0.0018720078751232724 -0.001144769951014995 0.0014973830288057027 -0.0014165894735079228 0.0026599276844919933 0.00094465802058699838 -0.0078276272450217652 0 -0.00010172543974860215 0
leaf_weight=4336.3203119244426 245.91461180150509 483.19985440373421 467.79468730650842 261.85377709753811 1608.0947150383145 229.49291457608342 603.56420466303825 288.27755226753652 167.75476091355085 445.43305889703333 454.00175417773426 168.72157463058829 427.07762787118554 353.28626310266554
leaf_count=54863 3716 6288 6267 3298 20771 2931 7686 3052 2292 5339 5427 2447 4931 4187
internal_value=0 -0.00104598 -0.00241308 -0.0032165 6.22014e-06 -0.00504745 -0.000600613 0.000785114 -0.00123676 -0.00124016 -0.00599611 -0.00386983 -0.00202843 0.0019698
internal_weight=0 6204.47 2710.89 2176.7 3493.58 1114.07 2657.09 534.192 1062.63 2053.53 884.577 430.575 894.872 836.486
internal_count=133495 78632 34361 27593 44271 14103 33796 6768 13490 26110 11172 5745 11198 10475
is_linear=0
shrinkage=0.0101079


Tree=3
num_leaves=15
num_cat=0
split_feature=28 27 29 27 30 2 3 14 13 2 20 27 13 14
split_gain=144.273 105.554 72.8105 56.2037 42.8619 44.9771 52.69 38.7934 36.2627 33.9607 32.2179 38.0046 30.4343 25.9574
threshold=-0.24825246632099149 -0.032717135734856122 -1.0000000180025095e-35 -0.91959547996520985 0.81174489855766307 0.51977673172950756 0.2308367341756821 -2.5454053878784175 0.040709611028432853 1.0239157080650332 -0.31897787749767298 -0.50938662886619557 0.042006060481071479 -7.6137211322784415
decision_type=2 2 2 2 2 8 10 10 10 10 8 2 10 10
left_child=13 2 9 -4 5 6 -3 -7 10 -2 11 -5 -9 -1
right_child=1 4 3 8 -6 7 -8 12 -10 -11 -12 -13 -14 -15
leaf_value=0.00059734799015016132 0.0054910173767720631 -0.0021424446736538478 -0.0013935023850004267 -0.0057746755224380459 0.0025040975131177244 -0.0017435059705970739 0.0038262124327809567 -0.00078952678836956129 -0.0011141411352721285 -0.0005352459688484425 -0.0075440107078046069 5.8601450145514625e-06 0.0058655115426817393 0.0021421421811705864
leaf_weight=2438.3488729372621 114.66169703565538 210.89328691363335 901.11425515636802 274.26810609735548 638.75102669559419 1700.6688714884222 447.20475249178708 127.91021378152072 246.56700827553868 395.45096510276198 507.17178408801556 174.16692803055048 123.9377872813493 2207.4581430014223
leaf_count=31576 1801 2508 11420 3453 8118 21679 5686 1595 3155 4696 6137 2562 1646 27226
internal_value=0 -0.00104052 -0.00255063 -0.00338291 0.000164726 -0.000397822 0.00185004 -0.00118038 -0.00482244 0.000802078 -0.00572081 -0.00347826 0.00240563 0.00134237
internal_weight=0 5862.77 2613.4 2103.29 3249.37 2610.61 658.098 1952.52 1202.17 510.113 955.607 448.435 251.848 4645.81
internal_count=133258 74456 33224 26727 41232 33114 8194 24920 15307 6497 12152 6015 3241 58802
is_linear=0
shrinkage=0.0101079


Tree=4
num_leaves=15
num_cat=0
split_feature=0 27 15 3 3 23 27 16 29 11 16 27 12 2
split_gain=93.6281 68.6103 45.3217 43.955 62.6927 62.2443 51.2863 35.9544 33.7968 27.5752 27.4546 27.081 25.7818 24.9278
threshold=0.59335145354270946 0.054511256515979774 3.8519728183746342 0.36100544035434728 0.2308367341756821 1.0880924463272097 -0.50938662886619557 0.76087501645088207 -1.0000000180025095e-35 0.051603581756353385 0.80221357941627514 0.52803644537925731 0.0025803747121244673 4.3093087673187265
decision_type=10 2 8 10 10 10 2 10 2 10 10 2 8 8
left_child=1 10 -3 4 -2 6 8 -4 9 -5 12 -8 -1 -7
right_child=3 2 7 5 -6 13 11 -9 -10 -11 -12 -13 -14 -15
leaf_value=-0.0033266434003990167 -0.0015457800821453628 0.005948455001505446 -0.0026060146793428283 0.0048681912869525234 0.0027374092208066903 0.0013625062094719238 0.00093250455148711966 0.0025652202924914269 -0.0033804613060377641 -0.001870611367540911 0 -0.001008334297671249 -0.0078279064463659728 -0.0025802207275298947
leaf_weight=398.1517180185765 439.02956283651292 98.806847099214792 483.08929031714797 94.579417342320085 1465.4198918938637 2762.0572217870504 1408.1559116430581 177.11645890958607 972.3574900906533 141.9907807353884 110.65514031983912 1512.7731988281012 258.53784104436636 160.56651656329632
leaf_count=4975 5321 1374 6240 1374 17987 35498 17527 2383 13009 1889 1553 18463 3171 2184
internal_value=0 -0.00233482 -0.000118386 0.000367299 0.0017266 0 -0.000799511 -0.0011446 -0.00254416 0.000725633 -0.00445217 -5.88513e-05 -0.00522932 0.00112592
internal_weight=0 1526.36 759.013 8956.93 1904.45 7052.48 4129.86 660.206 1208.93 236.57 767.345 2920.93 656.69 2922.62
internal_count=132948 19696 9997 113252 23308 89944 52262 8623 16272 3263 9699 35990 8146 37682
is_linear=0
shrinkage=0.0101079


end of trees

feature_importances:
Column_27=14
Column_2=7
Column_29=7
Column_3=6
Column_13=6
Column_16=4
Column_28=4
Column_0=3
Column_11=3
Column_20=3
Column_14=2
Column_18=2
Column_23=2
Column_30=2
Column_5=1
Column_12=1
Column_15=1
Column_21=1
Column_22=1

parameters:
[boosting: gbdt]
[objective: binary]
[metric: auc]
[tree_learner: serial]
[device_type: cpu]
[data_sample_strategy: bagging]
[data: ]
[valid: ]
[num_iterations: 600]
[learning_rate: 0.0101079]
[num_leaves: 15]
[num_threads: 2]
[seed: 42]
[deterministic: 0]
[force_col_wise: 0]
[force_row_wise: 0]
[histogram_pool_size: -1]
[max_depth: -1]
[min_data_in_leaf: 1280]
[min_sum_hessian_in_leaf: 0.001]
[bagging_fraction: 0.829452]
[pos_bagging_fraction: 1]
[neg_bagging_fraction: 1]
[bagging_freq: 1]
[bagging_seed: 42]
[feature_fraction: 0.727545]
[feature_fraction_bynode: 1]
[feature_fraction_seed: 42]
[extra_trees: 0]
[extra_seed: 12879]
[early_stopping_round: 0]
[early_stopping_min_delta: 0]
[first_metric_only: 0]
[max_delta_step: 0]
[lambda_l1: 4.00664]
[lambda_l2: 7.63247]
[linear_lambda: 0]
[min_gain_to_split: 0]
[drop_rate: 0.1]
[max_drop: 50]
[skip_drop: 0.5]
[xgboost_dart_mode: 0]
[uniform_drop: 0]
[drop_seed: 17869]
[top_rate: 0.2]
[other_rate: 0.1]
[min_data_per_group: 100]
[max_cat_threshold: 32]
[cat_l2: 10]
[cat_smooth: 10]
[max_cat_to_onehot: 4]
[top_k: 20]
[monotone_constraints: ]
[monotone_constraints_method: basic]
[monotone_penalty: 0]
[feature_contri: ]
[forcedsplits_filename: ]
[refit_decay_rate: 0.9]
[cegb_tradeoff: 1]
[cegb_penalty_split: 0]
[cegb_penalty_feature_lazy: ]
[cegb_penalty_feature_coupled: ]
[path_smooth: 0]
[interaction_constraints: ]
[verbosity: -1]
[saved_feature_importance_type: 0]
[use_quantized_grad: 0]
[num_grad_quant_bins: 4]
[quant_train_renew_leaf: 0]
[stochastic_rounding: 1]
[linear_tree: 0]
[max_bin: 255]
[max_bin_by_feature: ]
[min_data_in_bin: 3]
[bin_construct_sample_cnt: 200000]
[data_random_seed: 175]
[is_enable_sparse: 1]
[enable_bundle: 1]
[use_missing: 1]
[zero_as_missing: 0]
[feature_pre_filter: 1]
[pre_partition: 0]
[two_round: 0]
[header: 0]
[label_column: ]
[weight_column: ]
[group_column: ]
[ignore_column: ]
[categorical_feature: ]
[forcedbins_filename: ]
[precise_float_parser: 0]
[parser_config_file: ]
[objective_seed: 16083]
[num_class: 1]
[is_unbalance: 0]
[scale_pos_weight: 1]
[sigmoid: 1]
[boost_from_average: 1]
[reg_sqrt: 0]
[alpha: 0.9]
[fair_c: 1]
[poisson_max_delta_step: 0.7]
[tweedie_variance_power: 1.5]
[lambdarank_truncation_level: 30]
[lambdarank_norm: 1]
[label_gain: ]
[lambdarank_position_bias_regularization: 0]
[eval_at: ]
[multi_error_top_k: 1]
[auc_mu_weights: ]
[num_machines: 1]
[local_listen_port: 12400]
[time_out: 120]
[machine_list_filename: ]
[machines: ]
[gpu_platform_id: -1]
[gpu_device_id: -1]
[gpu_use_dp: 0]
[num_gpu: 1]

end of parameters

pandas_categorical:null
