tree
version=v4
num_class=1
num_tree_per_iteration=1
label_index=0
max_feature_idx=33
objective=binary sigmoid:1
feature_names=Column_0 Column_1 Column_2 Column_3 Column_4 Column_5 Column_6 Column_7 Column_8 Column_9 Column_10 Column_11 Column_12 Column_13 Column_14 Column_15 Column_16 Column_17 Column_18 Column_19 Column_20 Column_21 Column_22 Column_23 Column_24 Column_25 Column_26 Column_27 Column_28 Column_29 Column_30 Column_31 Column_32 Column_33
feature_infos=[0.22403052449226379:4.806818962097168] [0.027025075629353523:26.170040130615234] [0.17134076356887817:8.6935958862304688] [0.087584272027015686:1] [-28.67047119140625:41.262332916259766] [-36.190670013427734:42.326030731201172] [-36.841156005859375:62.500308990478516] [-45.158794403076172:63.120437622070312] [-22.455821990966797:30.680826187133789] [0:0.95389312505722046] [0:0.64536702632904053] [0:0.40022626519203186] [-0.51016271114349365:0.5480339527130127] [-0.15783818066120148:0.22172828018665314] [-46.22015380859375:17.161741256713867] [-8.3726015090942383:64.2962646484375] [0:1] [0:95] [0:95] [-1:1] [-29.775985717773438:44.984848022460938] [-30.712318420410156:55.0223388671875] [-2.5033562183380127:15.253066062927246] [0.049656935036182404:4.0791497230529785] [-1:1] [0:1] [0:1] [-1:1] [-1:1] [-0.78183150291442871:0.97492790222167969] [-0.90096884965896606:1] [0:1] [0:1] none
tree_sizes=1727 1803 1778 1797 1784 1817 1791 1789 1791 1819 1797 1799 1802 1819 1791 1760 1812 1771 1795 1776 1815 1809 1819 1815 1768 1795 1787

Tree=0
num_leaves=15
num_cat=0
split_feature=28 2 29 22 3 21 3 14 23 22 28 7 3 21
split_gain=149.914 90.7038 55.6244 52.6435 45.9319 38.3471 35.2257 24.9735 43.7907 32.1327 24.8503 23.5566 22.4612 20.8421
threshold=-0.35222910344600672 0.53546440601348888 -0.60785761475563038 -0.61122307181358326 0.2308367341756821 6.304049253463746 0.5081295669078828 -6.9324035644531241 0.74456286430358898 0.50369000434875499 0.33172981441020971 5.377880573272706 0.29268597066402441 3.318004965782166
decision_type=2 8 2 10 10 10 10 10 10 10 2 10 10 8
left_child=7 4 -3 5 13 -4 -7 9 -9 12 -6 -12 -1 -2
right_child=1 2 3 -5 10 6 -8 8 -10 -11 11 -13 -14 -15
leaf_value=-1.0616707742271418 -1.0581317918011417 -1.0540677891550558 -1.062403446966623 -1.0596400795260696 -1.0584934404930366 -1.0546846393853695 -1.0612195705791401 -1.0508720031191932 -1.0569008337060619 -1.0565541729768615 -1.0557426534932253 -1.0499682596897082 -1.0583848928340465 -1.0636848968494914
leaf_weight=247.13572971336544 146.60129500366747 133.1185900978744 1624.5838677044958 3271.0244191251695 213.88194931671023 130.52654322050512 208.07868987321854 132.42893504910171 1693.3318367768079 935.29039336554706 334.38896263390779 111.02399730496109 1227.0457662791014 105.72325826063752
leaf_count=2900 1806 1717 21060 40838 2581 1725 2585 1321 21222 12302 4463 1592 15966 1252
internal_value=-1.05875 -1.05977 -1.06027 -1.06045 -1.05685 -1.06176 -1.05875 -1.05731 -1.05641 -1.05801 -1.05544 -1.05409 -1.05892 -1.06038
internal_weight=0 6278.95 5367.33 5234.21 911.619 1963.19 338.605 4235.23 1825.76 2409.47 659.295 445.413 1474.18 252.325
internal_count=133330 79619 67925 66208 11694 25370 4310 53711 22543 31168 8636 6055 18866 3058
is_linear=0
shrinkage=1


Tree=1
num_leaves=15
num_cat=0
split_feature=0 27 27 23 18 15 7 30 15 15 3 3 3 23
split_gain=102.377 71.8515 44.8668 40.1558 48.412 32.9787 40.5809 38.2768 65.2212 40.2482 26.8766 18.4815 40.236 35.1082
threshold=0.6537839174270631 -0.49049438536167139 -0.71473535895347584 1.1428771018981936 83.500000000000014 3.7927054166793828 5.24493432044983 1.0000000180025095e-35 18.176360130310062 13.578914642333986 0.35823166370391851 0.2308367341756821 0.36100544035434728 1.0880924463272097
decision_type=10 2 2 10 2 8 10 2 10 8 10 10 10 10
left_child=1 -1 3 4 -2 10 -7 9 -9 -8 -3 -4 -13 -14
right_child=2 5 11 -5 -6 6 7 8 -10 -11 -12 12 13 -15
leaf_value=-0.0058930777770717325 -0.0030019117595921707 0.0059279317491108471 -0.0011919224920448074 0.00052672029572917352 0.0025291377997356682 -0.0030210234310313797 0.0027940178776271586 -0.00074607295086059422 0.0089466449873346274 -0.0039849751977678299 -0.00021646352670522036 0.0027266796445308398 -5.3095748098589978e-05 0.0018338360863049486
leaf_weight=387.00755158625543 944.08613644912839 103.30658912658691 358.69552623666823 1279.8851988092065 180.75180854089558 928.52822054550052 119.52851586043835 163.04534257017076 108.24793991260231 266.28329851292074 176.15196633338928 1226.1339332330972 2705.4574605636299 1560.7798705212772
leaf_count=4485 12605 1307 4358 15493 2566 12001 1450 2009 1232 3487 2585 15052 33326 21180
internal_value=0 -0.0019486 0.000478887 -0.000672109 -0.0020663 -0.00108781 -0.0016664 0.000199548 0.00311518 -0.00176838 0.00201106 0.000959105 0.00110841 0.000629794
internal_weight=0 2252.1 8255.79 2404.72 1124.84 1865.09 1585.63 657.105 271.293 385.812 279.459 5851.07 5492.37 4266.24
internal_count=133136 28556 104580 30664 15171 24071 20179 8178 3241 4937 3892 73916 69558 54506
is_linear=0
shrinkage=0.0101079


Tree=2
num_leaves=15
num_cat=0
split_feature=28 2 22 3 29 29 14 23 13 16 3 3 21 6
split_gain=149.842 78.7509 48.9919 47.6707 35.444 30.545 30.332 41.009 29.7173 29.2891 24.3291 25.9073 23.7195 21.078
threshold=-0.24825246632099149 0.53546440601348888 -0.89149841666221608 0.22628798335790637 -1.0000000180025095e-35 -0.60785761475563038 -7.5495431423187247 0.70186364650726329 0.018265361897647384 0.82502925395965587 0.29268597066402441 0.32520771026611334 -0.75149863958358754 3.3027360439300542
decision_type=2 8 10 10 2 2 10 10 10 10 10 10 10 10
left_child=6 3 4 -2 -3 -4 10 -8 12 -6 -1 -12 -5 -13
right_child=1 2 5 8 9 -7 7 -9 -10 -11 11 13 -14 -15
leaf_value=-0.0022189907504817741 -0.0022072200365412125 0.0010607260483196219 0.0038351569545894584 0.003384307145880441 -0.0053051917157938486 -0.0012763290078471239 0.0082705889723100386 0.0018305410432907997 0.0065099702396553731 0 0.0052609044191607368 0.0002018291090255487 -0.0010844489391348485 0.0034877569700745969
leaf_weight=277.93310954980552 224.97477665357292 119.68787253648043 112.18980010412633 282.84607997350395 678.46483907662332 3983.1689571272582 104.20285931229591 2073.7280907928944 182.12016897462308 110.95731565356255 125.16778071969748 1831.69997670874 185.2756900973618 221.8332592099905
leaf_count=3361 2766 1676 1387 3919 8859 49849 1009 25984 2594 1621 1415 24193 1977 2827
internal_value=0 -0.00111582 -0.00160909 0.00164834 -0.00374245 -0.00111956 0.00131252 0.002185 0.00305401 -0.00452467 0.00051822 0.000892452 0.00154149 0.000588041
internal_weight=0 5879.69 5004.47 875.217 909.11 4095.36 4634.57 2177.93 650.242 789.422 2456.63 2178.7 468.122 2053.53
internal_count=133437 74648 63392 11256 12156 51236 58789 26993 8490 10480 31796 28435 5896 27020
is_linear=0
shrinkage=0.0101079


Tree=3
num_leaves=15
num_cat=0
split_feature=23 27 27 23 17 12 29 11 21 11 30 2 23 2
split_gain=93.6045 69.3814 40.2543 43.2749 38.0594 75.3681 36.3718 34.345 32.0847 25.4123 36.4345 27.0321 25.2476 23.2515
threshold=0.57315436005592357 -0.49049438536167139 -0.71473535895347584 1.1428771018981936 10.500000000000002 0.0039040190167725091 -1.0000000180025095e-35 0.052120150998234756 3.5555320978164677 0.051603581756353385 1.0000000180025095e-35 0.45264473557472235 1.1053644418716433 4.3093087673187265
decision_type=10 2 2 10 2 8 2 10 10 10 2 10 10 8
left_child=1 -1 3 6 -3 -6 7 -2 -8 11 -11 -4 -13 -5
right_child=2 4 9 13 5 -7 8 -9 -10 10 -12 12 -14 -15
leaf_value=-0.0075062871030187831 0.0058721587918936832 0.0033624028802611019 0.0030757869002391146 0.00097264747248003533 0.00016622845753037067 -0.0049152545118733336 -0.004070877945070041 -0.0016430646084425117 0 0.00045114993107288223 0.0025764686945170352 -0.00083129849636407219 0.0013752337562938661 -0.0037765454283164861
leaf_weight=224.1046456489712 95.377770982682705 138.80726216174662 268.8805654682219 1178.5848796181381 664.16295992583036 512.13950895145535 717.06771349161863 138.26362011767924 284.1969757899642 2061.3339974246919 1437.9630772136152 1998.9762949123979 704.88406494259834 105.72521979734302
leaf_count=2552 1394 1884 3467 14176 9082 6796 9417 1850 3912 25854 17789 24222 9708 1397
internal_value=0 -0.00235947 0.000331542 -0.000742909 -0.00141354 -0.00202937 -0.00209481 0.00134568 -0.00294189 0.0007564 0.00133976 5.44499e-05 -0.000238878 0.000530343
internal_weight=0 1539.21 8991.25 2519.22 1315.11 1176.3 1234.91 233.641 1001.26 6472.04 3499.3 2972.74 2703.86 1284.31
internal_count=133500 20314 113186 32146 17762 15878 16573 3244 13329 81040 43643 37397 33930 15573
is_linear=0
shrinkage=0.0101079


Tree=4
num_leaves=15
num_cat=0
split_feature=28 27 29 27 3 16 3 18 0 11 5 0 7 3
split_gain=146.771 100.589 70.3305 70.7061 33.6307 48.0653 43.6898 29.9421 30.2432 25.0415 24.2434 22.3151 21.6573 23.0809
threshold=-0.3317298144102096 -0.032717135734856122 -1.0000000180025095e-35 -0.91080963611602772 0.21147869527339938 0.37968376278877264 0.36100544035434728 80.500000000000014 1.1158444285392763 0.05624713376164437 -4.3613679409027091 0.68765980005264293 3.9615507125854497 0.71461522579193126
decision_type=2 2 2 2 10 8 10 2 10 8 8 8 10 10
left_child=11 2 9 7 5 -3 -6 8 -4 -2 -5 -1 13 -8
right_child=1 4 3 10 6 -7 12 -9 -10 -11 -12 -13 -14 -15
leaf_value=0.0051128098391032039 0.0034017747274957249 0.0017495018685284431 -0.0035140451886368179 0 0.002060359670894732 -0.0062391090628992956 -0.0017870318865437756 0.0025766548949433935 0.00014395848175594012 -0.00091331715465476195 -0.0054054896289031642 0.0012447245197088281 0.0009047375964645587 0.002317742025282813
leaf_weight=159.72238394245505 215.97241966053843 114.36663592606783 543.20011948421597 103.29611931741238 1119.8380113616586 181.58868272975087 1083.8709749858826 158.38745129853487 361.35891641117632 328.38531056977808 1067.3823751751333 4196.768145179376 741.74025909416378 145.8838413413614
leaf_count=1494 3048 1466 7156 1492 14484 2197 13864 2134 4153 3904 13417 53544 9012 2018
internal_value=0 -0.00101725 -0.00244092 -0.00323623 0.000141271 -0.00305228 0.000466846 -0.00128319 -0.00201935 0.00074868 -0.00495537 0.00140451 -0.000422286 -0.00125607
internal_weight=0 6165.27 2777.98 2233.62 3387.29 295.955 3091.33 1062.95 904.559 544.358 1170.68 4356.49 1971.5 1229.75
internal_count=133383 78345 35304 28352 43041 3663 39378 13443 11309 6952 14909 55038 24894 15882
is_linear=0
shrinkage=0.0101079


Tree=5
num_leaves=15
num_cat=0
split_feature=0 16 12 16 2 12 21 2 23 2 11 29 13 14
split_gain=102.847 41.791 36.4218 35.3861 34.4873 32.0729 28.9335 24.9245 24.7992 32.1461 28.9357 39.0031 27.1248 26.9104
threshold=0.6537839174270631 0.77631491422653209 0.01842976734042168 0.16459126025438311 1.8810951113700869 -0.068926863372325883 8.5049276351928729 4.3093087673187265 1.1053644418716433 0.43853615224361425 0.049069015309214599 1.0000000180025095e-35 -0.015034546144306658 -10.359027385711668
decision_type=10 10 10 8 10 10 10 10 10 8 10 2 10 10
left_child=1 3 -3 5 8 -1 -6 -8 9 -2 11 12 13 -11
right_child=4 2 -4 -5 6 -7 7 -9 -10 10 -12 -13 -14 -15
leaf_value=-0.0034817195426473354 0.0033018464154397085 0.0046406904748427019 -0.0012763501877715213 -0.0032460063426555039 -0.0019519234110650411 0.0032972560893939551 0.0019693521609091911 -0.0027178535263479393 0.0017321534887828991 -0.0054387342392060046 0.00092584039024926556 -0.0018534423433250314 0.002195339879597039 0.0011176854425786658
leaf_weight=107.68013299070299 348.67295694351196 154.82935206033289 285.94736221060157 1525.9518145043403 960.21615530923009 172.60921965353191 473.29462423734367 140.16828061081469 2044.7374371029437 106.11965548433363 2244.8994687367231 1246.9816773738712 565.30955491960049 124.19598379917443
leaf_count=1356 3879 2140 3948 18831 12050 2368 5464 1495 27284 1269 28659 15456 7522 1539
internal_value=0 -0.00195418 0.000755394 -0.00263812 0.000481086 0.000529027 -0.000849771 0.000812944 0.000801234 0.000379768 0.000127262 -0.000730831 0.00097911 -0.00181059
internal_weight=0 2247.02 440.777 1806.24 8254.6 280.289 1573.68 613.463 6680.92 4636.18 4287.51 2042.61 795.625 230.316
internal_count=133260 28643 6088 22555 104617 3724 19009 6959 85608 58324 54445 25786 10330 2808
is_linear=0
shrinkage=0.0101079


Tree=6
num_leaves=15
num_cat=0
split_feature=28 27 29 0 30 13 2 2 21 14 23 21 0 13
split_gain=140.033 93.7308 95.08 57.2249 45.4041 38.0369 47.9654 32.4192 31.3362 28.4558 40.6602 27.9575 27.9807 22.3597
threshold=-0.24825246632099149 -0.032717135734856122 -1.0000000180025095e-35 0.70416679978370678 0.81174489855766307 0.089388232678174986 0.51977673172950756 1.0239157080650332 8.6682047843933123 -7.5495431423187247 0.70186364650726329 -1.9030498266220091 0.67413085699081432 0.037566028535366065
decision_type=2 2 2 10 2 8 8 10 10 10 10 10 10 10
left_child=9 2 7 13 5 6 11 -2 -8 -1 -11 -3 -13 -4
right_child=1 4 3 -5 -6 -7 8 -9 -10 10 -12 12 -14 -15
leaf_value=0.00057909987385774346 0.0058927259120065099 0.0053883257208454166 -0.0062320570895704483 -0.0019231773696799491 0.0025470125884610824 -0.0054648881207620334 -0.0013371378068499677 0 0.0036461580534154357 0.0082505326436145623 0.0018421545918316602 -0.0015176112915875847 0.0035403401217261373 -0.0016456617441363715
leaf_weight=2460.5831120312214 116.67822532169521 195.12977901473641 690.36230555176735 1241.0468883477151 638.18793373554945 138.19775873795152 1730.4125623032451 403.49576584622264 128.2821835372597 104.4207261595875 2079.3662495315075 236.40281400829554 191.43042524717748 166.98424939624965
leaf_count=31775 1834 2623 8564 15942 8133 1664 22117 4763 1702 1008 25871 2889 2208 2233
internal_value=0 -0.000996589 -0.00241838 -0.00338065 0.000136718 -0.000440702 -0.000128749 0.00137946 -0.000958 0.00134983 0.00219473 0.00226286 0.000674912 -0.00540799
internal_weight=0 5876.61 2618.57 2098.39 3258.04 2619.86 2481.66 520.174 1858.69 4644.37 2183.79 622.963 427.833 857.347
internal_count=133326 74672 33336 26739 41336 33203 31539 6597 23819 58654 26879 7720 5097 10797
is_linear=0
shrinkage=0.0101079


Tree=7
num_leaves=15
num_cat=0
split_feature=28 27 29 23 13 2 14 30 14 14 23 13 2 16
split_gain=136.419 87.0319 78.2632 51.2694 42.2239 35.531 34.8559 32.1522 41.3837 30.4712 32.2581 28.3855 27.9322 27.3796
threshold=-0.24825246632099149 -0.032717135734856122 -1.0000000180025095e-35 1.05607545375824 0.041337218135595329 0.53546440601348888 -13.821930408477781 0.81174489855766307 -2.5454053878784175 -6.5700602531433097 0.7184550166130067 0.042730219662189491 1.6094392538070681 0.6435517966747285
decision_type=2 2 2 10 10 8 10 2 10 10 10 10 10 10
left_child=9 2 6 4 -4 13 -2 8 -7 -1 -11 -10 -8 -3
right_child=1 5 3 -5 -6 7 12 -9 11 10 -12 -13 -14 -15
leaf_value=0.00055687986423148524 -0.0031403306197020169 0.0033782250092166117 -0.0049551111222627224 -0.00034187138578752058 -0.00049743012351438274 -0.0017909567007767899 0.0052795431663570881 0.0015353363156746177 -0.00047439838914094463 0.0075787706634810994 0.0018751034952501921 0.0059771939884061534 0 -0.00034836350874613574
leaf_weight=2757.1563820075244 135.675277473405 486.07520643994212 1308.8683893196285 487.52509656175971 286.95319937169552 1645.6723865102977 191.17744553461671 556.35700840689242 130.24262917414308 107.29063367471099 1794.8222438469529 118.55717472359538 190.45672501064837 307.33251664415002
leaf_count=35434 1665 6281 17075 5720 3791 20961 2860 7115 1615 1049 22343 1606 2021 3680
internal_value=0 -0.0010586 -0.00243355 -0.00330956 -0.00418499 3.42582e-05 0.00101408 -0.000555523 -0.00119454 0.0012581 0.00224703 0.00252836 0.00262767 0.00189458
internal_weight=0 5844.89 2600.66 2083.35 1595.82 3244.24 517.309 2450.83 1894.47 4659.27 1902.11 248.8 381.634 793.408
internal_count=133216 74390 33132 26586 20866 41258 6546 31297 24182 58826 23392 3221 4881 9961
is_linear=0
shrinkage=0.0101079


Tree=8
num_leaves=15
num_cat=0
split_feature=28 27 29 27 13 14 13 15 2 15 7 14 23 20
split_gain=142.764 84.4008 69.0994 55.6496 40.967 34.291 33.6472 32.4892 30.8156 32.9169 27.9154 25.0988 34.4983 25.0973
threshold=-0.24825246632099149 -0.032717135734856122 -1.0000000180025095e-35 -0.91080963611602772 -0.075406681746244417 -13.821930408477781 0.040709611028432853 8.8622355461120623 0.51977673172950756 15.355614662170412 -21.661080360412594 -6.5700602531433097 0.7184550166130067 -0.22238853573799131
decision_type=2 2 2 2 8 10 10 10 8 10 10 10 10 8
left_child=11 2 5 -4 10 -2 13 -7 9 -6 -3 -1 -13 -5
right_child=1 4 3 6 8 7 -8 -9 -10 -11 -12 12 -14 -15
leaf_value=0.00066881156636308854 -0.003370905266561146 0 -0.0013196677817220797 -0.0035549448164739336 0.0026867303558459838 0.0062831966772574242 -0.0010755121218532127 5.0008712036427405e-05 -0.00085138305701231039 -0.002557154362479783 0.0073516220100856853 0.0077341387569915569 0.0018273954703914937 -0.0072886939992298037
leaf_weight=2772.5145536046475 131.8280868306756 99.187037825584412 933.13099177367985 436.26966987363994 557.23548888787627 134.13438376411796 238.05537836626172 249.51075912825763 2334.0689521413296 142.11054201237857 118.10336605086923 106.33677624538541 1789.2228662446141 483.52081610076129
leaf_count=35544 1637 1375 11834 5931 6868 1809 3080 3120 29759 1840 1457 1040 22257 5865
internal_value=0 -0.00106198 -0.00241429 -0.00323316 1.29956e-05 0.000828705 -0.0047218 0.00241288 -0.000282453 0.00154776 0.00418719 0.00130577 0.00220972 -0.00560522
internal_weight=0 5857.16 2606.45 2090.98 3250.71 515.473 1157.85 383.645 3033.41 699.346 217.29 4668.07 1895.56 919.79
internal_count=133416 74575 33276 26710 41299 6566 14876 4929 38467 8708 2832 58841 23297 11796
is_linear=0
shrinkage=0.0101079


Tree=9
num_leaves=15
num_cat=0
split_feature=28 27 29 27 13 5 15 30 13 14 7 13 12 14
split_gain=135.225 82.749 76.015 55.7162 44.7073 35.6269 27.3723 25.5067 29.1832 29.807 33.6446 27.2528 29.0489 24.0664
threshold=-0.35222910344600672 0.098011311143636717 -0.60785761475563038 -0.89194178581237782 -0.075406681746244417 -4.8250355720520011 18.925165176391605 0.81174489855766307 0.089388232678174986 -3.2463897466659541 13.619511127471926 -0.021185234189033505 0.033607896417379386 -12.307534217834471
decision_type=2 2 2 2 8 8 10 2 10 10 10 10 10 10
left_child=-1 2 -2 13 -3 -5 -7 8 9 -6 -11 -9 -13 -4
right_child=1 4 3 5 7 6 -8 11 -10 10 -12 12 -14 -15
leaf_value=0.001373576396516075 0.0049363425266073079 0.0045667444674563603 -0.0029599239262205639 0.0014190127044889183 -0.00085034541243610314 -0.0049554881325084722 -0.00061619334707784152 -0.0015516396331773253 -0.0050803507449215289 6.5969036931105148e-07 0.0064824809457918291 0.0052571383138463185 -4.666104856411551e-05 -0.00011359455775617384
leaf_weight=4263.5545054487884 136.46031377837062 212.07822043821216 454.800805458799 103.85320728644729 1914.3813008591533 1157.2951313666999 197.97024488821626 160.42961719073355 134.26848905533552 267.04808454401791 119.08453398942947 249.54697894491255 153.52950366586447 979.38023391366005
leaf_count=53857 1779 2737 5874 1456 24105 14651 2548 2341 1611 3433 1553 3160 1777 12343
internal_value=0 -0.000960013 -0.00215691 -0.00251752 0.000159397 -0.00391428 -0.00435834 -0.000149679 -0.000611347 -0.000317032 0.00218943 0.00175568 0.00317502 -0.00105519
internal_weight=0 6240.13 3029.76 2893.3 3210.37 1459.12 1355.27 2998.29 2434.78 2300.51 386.133 563.506 403.076 1434.18
internal_count=133225 79368 38651 36872 40717 18655 17199 37980 30702 29091 4986 7278 4937 18217
is_linear=0
shrinkage=0.0101079


Tree=10
num_leaves=15
num_cat=0
split_feature=28 27 29 27 2 3 14 5 11 29 15 15 14 3
split_gain=135.108 100.146 72.1509 48.0275 39.5014 65.2243 37.2364 29.6406 27.2692 25.7534 25.602 24.6291 23.6715 27.994
threshold=-0.22706275433301923 -0.076279435306787477 -1.0000000180025095e-35 -0.91080963611602772 0.51977673172950756 0.21147869527339938 -14.179638385772703 -4.3613679409027091 0.039817783981561668 1.0000000180025095e-35 18.925165176391605 12.508586883544924 -6.5700602531433097 0.25423042476177221
decision_type=2 2 2 2 8 10 10 8 10 2 10 10 10 10
left_child=12 2 6 -4 5 -3 -2 -5 9 -6 -9 -8 -1 -14
right_child=1 4 3 7 8 -7 11 10 -10 -11 -12 -13 13 -15
leaf_value=0.00069347125016059827 -0.0037007253989049921 -0.0030578177765767009 -0.0015501801853034626 3.7557791216944975e-05 0.00023222663144296525 0.0038971445345342302 0.005052642148167719 -0.0059868253406646635 0.00034639531686968966 -0.0031136333221633227 -0.00089343499009942435 0 0.0063324388664979005 0.0017731081741405737
leaf_weight=2809.5290934946388 121.66413345746696 168.89957794360816 893.50005446746945 100.59709120728076 355.8606144990772 562.72835072688758 185.46602570451796 860.17920337989926 1618.6482622697949 577.03802877664566 139.18749620579183 184.23601105250418 153.50449633970857 1771.2340568657964
leaf_count=36166 1487 2029 11425 1461 4683 7095 2618 10846 20745 7150 1857 2142 1602 21978
internal_value=0 -0.000992689 -0.00252128 -0.00337813 0.000155061 0.00222178 0.000872307 -0.00480549 -0.000426583 -0.00180275 -0.00532981 0.00252898 0.00130942 0.00218126
internal_weight=0 5768 2484.83 1993.46 3283.17 731.628 491.366 1099.96 2551.55 932.899 999.367 369.702 4734.27 1924.74
internal_count=133284 73538 31836 25589 41702 9124 6247 14164 32578 11833 12703 4760 59746 23580
is_linear=0
shrinkage=0.0101079


Tree=11
num_leaves=15
num_cat=0
split_feature=28 27 22 30 3 2 15 11 15 14 14 7 14 28
split_gain=130.767 83.0891 36.7217 35.6917 29.1333 45.1957 37.2818 34.4794 24.957 38.5992 18.124 26.6229 17.4779 17.7107
threshold=-0.3317298144102096 0.054511256515979774 -0.46927097439765925 0.81174489855766307 0.21147869527339938 0.51977673172950756 12.816297054290773 0.039817783981561668 10.499430179595949 -6.5700602531433097 -2.5454053878784175 14.095388889312746 -3.8785312175750728 0.054511256515979774
decision_type=2 2 10 2 10 8 10 10 10 10 10 10 8 2
left_child=-1 2 -2 4 6 -6 -3 8 9 -7 -9 -12 13 -5
right_child=1 3 -4 12 5 7 -8 10 -10 -11 11 -13 -14 -15
leaf_value=0.0013511587968353547 -0.003234485397373883 0.00063674007597367994 -0.00090111207899832657 -0.00019663573340231302 0.0026662362515894626 -0.002950351113238622 -0.0068421230804795426 -0.00021589494542618155 -0.0053985462551406826 0.0028107243954374442 -0.00024321438274096352 0.0065195083650000756 -0.001208892477746351 0.0039800390961853144
leaf_weight=4362.0330849178135 1563.1444116905332 105.62328833900392 1348.6056149769574 111.81897355802357 504.09319400787354 372.52820164710283 143.01434808038175 909.02238203212619 205.55666751414537 159.9294971767813 104.94984567351639 102.29087127372622 100.97367646731436 425.1653260383755
leaf_count=54899 20484 1248 16757 1433 6322 4767 1824 11973 2524 1813 1345 1249 1359 5309
internal_value=0 -0.000934557 -0.00217281 0.000166587 -0.000345911 0 -0.00358267 -0.000725429 -0.00241609 -0.0011297 0.000365128 0.0030193 0.00230297 0.00304538
internal_weight=0 6156.72 2911.75 3244.97 2607.01 2358.37 248.638 1854.28 738.014 532.458 1116.26 207.241 637.958 536.984
internal_count=133306 78407 37241 41166 33065 29993 3072 23671 9104 6580 14567 2594 8101 6742
is_linear=0
shrinkage=0.0101079


Tree=12
num_leaves=15
num_cat=0
split_feature=28 2 0 3 3 21 3 4 12 13 15 2 5 28
split_gain=122.495 65.3586 53.4909 43.1391 37.0959 33.4685 33.1665 26.2673 25.7535 23.5985 25.1857 23.5915 37.0888 48.873
threshold=-0.3317298144102096 0.53546440601348888 0.55207249522209179 0.22628798335790637 0.34456390142440801 9.8931198120117205 0.25423042476177221 0.77805092930793773 -0.013860255014151333 0.019313813187181953 3.5987575054168706 0.95795163512229931 -1.9341496229171751 0.87137606739997875
decision_type=2 8 10 10 10 10 10 10 10 10 10 8 10 2
left_child=-1 3 7 -2 6 11 -4 -3 -8 10 -5 -6 13 -13
right_child=1 2 4 9 5 -7 8 -9 -10 -11 -12 12 -14 -15
leaf_value=0.001296631406362433 -0.0020313898998600894 -0.0046640569192334894 -0.0019969355424936668 0.0056115367670155495 -0.00037685260702860946 0.0011954098176220483 -0.00023373806493638411 -0.00015344920457724406 0.004801594199443769 0.005918489253029212 0.00012177762465484877 -0.0015283545810128283 -0.0032860051274049146 0.0053229252570458439
leaf_weight=4359.5148872006685 233.62977618910372 647.41342099569738 182.14683628827333 110.30880209244788 1112.0441993158311 469.9883596226573 140.47982693277299 189.46319716796279 272.18543478101492 189.42751758918166 370.67055271193385 762.7980926129967 1346.5726832598448 114.53227194398642
leaf_count=54933 2856 8526 2275 1495 14444 5664 1998 2448 3326 2629 4528 9807 16707 1540
internal_value=0 -0.000917175 -0.00135457 0.00156263 -0.00089345 -0.00126604 0.00140922 -0.00370146 0.00301799 0.0028836 0.00153168 -0.00162688 -0.00223037 -0.000549988
internal_weight=0 6141.66 5237.62 904.037 4400.75 3805.94 594.812 836.877 412.665 670.407 480.979 3335.95 2223.9 877.33
internal_count=133176 78243 66735 11508 55761 48162 7599 10974 5324 8652 6023 42498 28054 11347
is_linear=0
shrinkage=0.0101079


Tree=13
num_leaves=15
num_cat=0
split_feature=28 27 29 27 13 3 3 14 13 12 18 23 7 20
split_gain=126.472 87.1016 70.4134 61.4137 42.3988 56.671 31.9351 30.0009 28.8517 27.3569 27.069 33.4984 27.04 26.782
threshold=-0.3317298144102096 -0.032717135734856122 -1.0000000180025095e-35 -0.91959547996520985 -0.075406681746244417 0.21147869527339938 0.36846275627613073 -13.707526683807371 0.040709611028432853 -0.024931770749390122 79.500000000000014 1.1428771018981936 -21.661080360412594 -0.25362490117549891
decision_type=2 2 2 2 8 10 10 10 10 10 2 10 10 8
left_child=-1 2 7 10 12 -6 9 -2 13 -7 11 -4 -3 -5
right_child=1 4 3 8 5 6 -8 -9 -10 -11 -12 -13 -14 -15
leaf_value=0.0013652841416291828 -0.0028145711146297168 6.5738202065502581e-05 -0.0034367849270308245 -0.0033529479746965364 -0.0048334280401615033 -0.0016450772115743036 -0.00051526022403971031 0.0024066453740686704 -0.0012568652674536359 0.0024302823491317359 0.0025480824547815507 0.0005293382978551086 0.0073495555754807566 -0.0071493938682863608
leaf_weight=4352.8057917356491 141.97322900779545 104.88761497661471 535.80649725720286 439.7841296363622 233.24846617504954 189.81292715668678 1879.3335131052881 404.70871690288186 244.92468936555088 876.84306048043072 154.56477884575725 333.48059042729437 125.13371504284441 489.94174909777939
leaf_count=54772 1753 1430 7099 6013 2895 2791 23627 5208 3178 10937 2102 3843 1528 6010
internal_value=0 -0.000883902 -0.00222245 -0.00303212 0.000184619 -0.000110562 0.000261183 0.000957551 -0.00461475 0.00166083 -0.00115642 -0.00187773 0.00430739 -0.00543871
internal_weight=0 6154.44 2745.18 2198.5 3409.26 3179.24 2945.99 546.682 1174.65 1066.66 1023.85 869.287 230.021 929.726
internal_count=133186 78414 35206 28245 43208 40250 37355 6961 15201 13728 13044 10942 2958 12023
is_linear=0
shrinkage=0.0101079


Tree=14
num_leaves=15
num_cat=0
split_feature=28 27 29 27 30 13 3 2 15 14 7 2 14 23
split_gain=109.205 84.0314 85.7896 49.3693 40.7019 37.6132 35.143 62.9464 35.6561 33.777 30.8613 30.3545 23.112 40.8668
threshold=-0.24825246632099149 -0.032717135734856122 -1.0000000180025095e-35 -0.91080963611602772 0.81174489855766307 0.040709611028432853 0.21147869527339938 0.51977673172950756 12.816297054290773 -2.5454053878784175 14.095388889312746 1.0239157080650332 -7.5495431423187247 0.69850346446037304
decision_type=2 2 2 2 2 10 10 8 8 10 10 10 10 10
left_child=12 2 11 -4 6 -5 8 -8 -3 -9 -11 -2 -1 -14
right_child=1 4 3 5 -6 -7 7 9 -10 10 -12 -13 13 -15
leaf_value=0.0005009543689477587 0.0057384690116533349 0.00023511659094954391 -0.0013345859640713769 -0.0054937831801821499 0.0024618838825276128 -0.00073917795612401214 0.0031664598580762038 -0.001375489808733212 -0.007100075880015295 -0.00026310794109817991 0.0066074252107873876 0 0.0079741431021185145 0.0016057176945568185
leaf_weight=2459.9255037941039 117.02553572691977 104.01079912483692 924.87471845000982 912.50408036634326 645.46432905085385 236.81656623631716 505.42891538515687 1620.7644747216254 142.19701023772359 142.25546159408987 102.31572312489152 400.57023984007537 105.69669210910797 2098.1717738322914
leaf_count=31713 1840 1253 11814 11843 8181 3072 6364 20621 1813 1877 1255 4762 984 25982
internal_value=0 -0.000872092 -0.00222921 -0.00315167 0.00019635 -0.00456044 -0.000352537 1.31534e-05 -0.00392788 -0.000829061 0.00256356 0.00138239 0.00119924 0.00195592
internal_weight=0 5854.23 2591.79 2074.2 3262.44 1149.32 2616.97 2370.76 246.208 1865.34 244.571 517.596 4663.79 2203.87
internal_count=133374 74695 33331 26729 41364 14915 33183 30117 3066 23753 3132 6602 58679 26966
is_linear=0
shrinkage=0.0101079


Tree=15
num_leaves=15
num_cat=0
split_feature=28 27 0 13 2 15 0 7 14 0 22 20 15 2
split_gain=118.894 79.5936 44.5113 39.151 27.3606 28.6106 27.1759 25.9335 23.5451 29.9436 28.8858 22.4193 33.2786 20.4175
threshold=-0.24825246632099149 -0.032717135734856122 0.71073228120803844 -0.075406681746244417 0.53546440601348888 15.097483158111574 0.68085730075836193 -21.661080360412594 -6.9885933399200431 0.71402394771575939 0.45258320868015295 -0.15855175256729123 18.717593193054203 0.86308857798576366
decision_type=2 2 10 8 8 10 10 10 10 10 10 8 10 8
left_child=8 2 11 7 5 6 -5 -3 10 -10 -1 -2 -13 -4
right_child=1 3 13 4 -6 -7 -8 -9 9 -11 -12 12 -14 -15
leaf_value=-0.00025578745532183042 -0.0020623341067595646 0 0.0020568494886067999 0.00029042253125489932 -0.000750118573502145 -0.0022219494446065195 0.0047129751839746874 0.0071981708026482849 0.006875234883986228 0.001694924644360234 0.001885951814401628 -0.0063990169417865346 0 -0.0015412771684391452
leaf_weight=1604.4625474121422 476.60365922935307 100.18407011218369 166.84025967866182 319.51206660829484 2278.2509932238609 154.26639081537724 284.36731452308595 119.38807708770037 121.87146455235779 1913.3531672842801 1036.5407291315496 467.73295995406806 102.65243941918015 1367.6386572755873
leaf_count=20374 6181 1387 2279 4069 29033 2002 3402 1461 1132 23755 13563 5833 1345 17545
internal_value=0 -0.00093494 -0.0022584 0.000104774 -0.00018486 0.00145142 0.00247206 0.00415994 0.00122628 0.00204948 0.000572524 -0.00387478 -0.00527192 -0.00111556
internal_weight=0 5837.44 2581.47 3255.97 3036.4 758.146 603.879 219.572 4676.23 2035.22 2641 1046.99 570.385 1534.48
internal_count=133361 74537 33183 41354 38506 9473 7471 2848 58824 24887 33937 13359 7178 19824
is_linear=0
shrinkage=0.0101079


Tree=16
num_leaves=15
num_cat=0
split_feature=28 27 29 23 13 17 29 2 7 14 23 22 27 6
split_gain=117.094 80.5159 58.2835 52.3404 39.1526 22.805 23.7498 23.3689 21.7792 21.6934 32.6654 22.773 21.9423 23.7551
threshold=-0.35222910344600672 0.054511256515979774 -0.60785761475563038 0.57315436005592357 -0.075406681746244417 69.500000000000014 -1.0000000180025095e-35 0.86308857798576366 -21.661080360412594 -7.6137211322784415 0.71525689959526073 0.50369000434875499 0.61734244227409374 0.1784351319074631
decision_type=2 2 2 10 8 2 2 8 10 10 10 10 2 10
left_child=9 2 -2 -4 8 7 -7 -5 -3 11 -11 -1 13 -12
right_child=1 4 3 5 -6 6 -8 -9 -10 10 12 -13 -14 -15
leaf_value=-0.00021156403718918063 0.0040785975668263478 0.00031708732959772923 -0.004808266591239947 0.0027926770988599128 -7.9269386443423461e-05 0.00068278609382634687 -0.0037977172554653905 -0.0012414659391447496 0.0071603842540241269 0.007463699387395788 0.0049249624891948528 0.0018492822913398559 -0.00017837270758464015 0.0016023741164807785
leaf_weight=1359.2956522982568 137.51475386321545 99.77416817098856 707.12500519305468 155.31344907172024 3066.9640010055155 128.63565813936293 627.56043089181185 1179.2268903907388 115.89970683306456 105.53853659704328 291.86804840527475 877.36831265687943 442.1371039878577 1204.6906776688993
leaf_count=17350 1770 1355 9339 2070 38876 1679 7933 14927 1419 986 3613 11463 5318 15052
internal_value=0 -0.000871638 -0.00208694 -0.00241468 0.000205112 -0.00157128 -0.00298332 -0.000728588 0.00429497 0.00129881 0.00205792 0.000582332 0.00171471 0.00229899
internal_weight=0 6218.01 2935.38 2797.86 3282.64 2090.74 756.196 1334.54 215.674 4280.9 2044.23 2236.66 1938.7 1496.56
internal_count=133150 79368 37718 35948 41650 26609 9612 16997 2774 53782 24969 28813 23983 18665
is_linear=0
shrinkage=0.0101079


Tree=17
num_leaves=15
num_cat=0
split_feature=28 3 0 3 15 15 28 20 22 0 11 29 18 12
split_gain=120.584 46.2631 52.6705 48.0223 48.1197 36.3838 32.2661 37.3928 31.8028 28.9467 23.5652 19.6144 19.2634 18.4714
threshold=-0.35222910344600672 0.36100544035434728 0.4626199752092362 0.21147869527339938 10.409737110137941 18.537654876708988 0.87137606739997875 -2.7356352806091304 -0.6990966498851775 0.59335145354270946 0.10630320012569429 -1.0000000180025095e-35 22.500000000000004 0.063913572579622283
decision_type=2 8 10 10 10 10 2 10 10 10 10 2 2 10
left_child=-1 3 -3 4 -2 6 8 -8 11 -5 -7 -4 -13 -9
right_child=1 2 5 9 -6 10 7 13 -10 -11 -12 12 -14 -15
leaf_value=0.0013190932702428992 0.0018252464038900785 -0.0056070622831304994 0 -0.00060145775301167971 -0.0060753232151938841 0.0041449103987409195 0.0047977557119992563 0 -0.0012569274868750428 0.00262930663648424 -6.2709866926759545e-05 -0.00034487184405331131 -0.0050876791702352629 -0.0043919883273670756
leaf_weight=4290.6065299641341 118.31042605265975 280.24940193817019 148.30871403217316 399.19789477810264 184.14604513533413 180.3174595721066 144.32465194351971 620.60134734585881 2080.5410566050559 822.62237087637186 426.72211896069348 125.94944218359888 585.67124102823436 108.73236275464296
leaf_count=53935 1486 3853 1998 5396 2228 2307 2014 7677 26560 10471 4973 1886 7319 1327
internal_value=0 -0.000881424 -0.00137974 0.000628343 -0.00288543 -0.00109343 -0.00146383 0.00019893 -0.00197083 0.00154362 0.0011572 -0.00362513 -0.00431713 -0.000696422
internal_weight=0 6225.69 4701.42 1524.28 302.456 4421.17 3814.13 873.658 2940.47 1221.82 607.04 859.929 711.621 729.334
internal_count=133430 79495 59914 19581 3714 56061 48781 11018 37763 15867 7280 11203 9205 9004
is_linear=0
shrinkage=0.0101079


Tree=18
num_leaves=15
num_cat=0
split_feature=0 3 8 2 23 21 3 17 3 2 16 16 12 7
split_gain=80.6223 39.6394 38.0725 34.6556 48.3061 38.274 30.8042 28.7259 24.8738 20.3538 20.0922 32.9281 19.4519 19.17
threshold=0.64023113250732433 0.34456390142440801 0.81310752034187328 0.9138091802597047 1.05607545375824 9.8931198120117205 0.2308367341756821 14.500000000000002 0.36100544035434728 4.3093087673187265 0.17636691778898242 0.76087501645088207 -0.013217605184763668 17.366834640502933
decision_type=10 8 10 8 10 10 10 2 10 8 10 10 8 10
left_child=1 10 7 6 5 -5 -2 -3 -8 13 -1 -12 -9 -6
right_child=3 2 -4 4 9 -7 8 12 -10 -11 11 -13 -14 -15
leaf_value=0.0041264550499216825 -0.0016194206327140419 0.00082372941292964267 0.00010965348752116167 -0.0015488903901961172 0.00074875856623506294 0.002248302294981728 0.0028786910070634866 -0.0023601701170521587 0.0008618833382974438 -0.0023981349224897852 -0.0021778584895946812 0.0028574387708521624 -0.005655807093107373 0.0035914862996581838
leaf_weight=100.79016382806003 329.19446809217334 107.16959708370268 316.51058904640377 2263.085750663653 2200.0304896049201 293.24219315871596 990.2891040481627 385.39292832091451 1943.5376226976514 169.21458976902068 422.12267857789993 180.46914619021118 536.60333728976548 279.85574498400092
leaf_count=1307 3982 1463 4026 28700 27895 3535 11809 5128 25235 2345 5215 2429 6928 3337
internal_value=0 -0.0018212 -0.00283386 0.000409411 -9.55726e-05 -0.00109211 0.00122573 -0.00377232 0.00156211 0.000851201 6.8837e-05 -0.000586602 -0.00435249 0.00109588
internal_weight=0 2049.06 1345.68 8468.45 5205.43 2556.33 3263.02 1029.17 2933.83 2649.1 703.382 602.592 921.996 2479.89
internal_count=133334 26496 17545 106838 65812 32235 41026 13519 37044 33577 8951 7644 12056 31232
is_linear=0
shrinkage=0.0101079


Tree=19
num_leaves=15
num_cat=0
split_feature=23 27 12 17 2 1 3 2 14 7 7 23 27 29
split_gain=69.5471 58.7633 39.3938 70.4132 35.6511 49.7381 38.9063 27.062 21.2789 21.2469 26.393 22.6453 19.5647 20.2004
threshold=0.57315436005592357 -0.49049438536167139 0.0019649028545245533 11.500000000000002 0.9138091802597047 0.67284777760505687 0.2308367341756821 0.43853615224361425 -6.5098986625671378 10.544591903686525 14.85380792617798 0.87258580327034008 -0.50938662886619557 1.0000000180025095e-35
decision_type=10 2 8 2 8 10 10 10 10 10 10 10 2 2
left_child=1 -1 8 -4 6 12 -2 -8 -3 -9 11 -11 13 -6
right_child=4 2 3 -5 5 -7 7 9 -10 10 -12 -13 -14 -15
leaf_value=-0.0068346261312849836 -0.0017911824794039251 -0.00035930913910153485 0.0032264090906659322 -0.0046570441127016908 -0.000673723331710195 0.00040971722459558652 0.0043937115291090558 0.00080338392335429088 0.0038688698018009122 0.0083266695139507917 0 0.001376113579551473 -0.0005318047445003742 -0.0043257592911831733
leaf_weight=215.24398588761687 398.28309161029756 503.65546699985862 137.16901155561209 506.91479347832501 287.52785755135119 3928.9916545469314 301.36225551180542 2513.801824586466 147.55094577930868 126.87795600108802 156.6364107914269 104.98788122646511 738.6720417086035 436.09922068379819
leaf_count=2530 4722 6952 1869 6888 3674 49737 3349 31939 2009 1504 2041 1323 9120 5583
internal_value=0 -0.00199957 -0.0011297 -0.00289786 0.000339177 -0.000174631 0.00111819 0.0014959 0.000570967 0.00117035 0.00338133 0.00549274 -0.00176622 -0.00295221
internal_weight=0 1510.53 1295.29 644.084 8993.24 5391.29 3601.95 3203.67 651.206 2902.3 388.502 231.866 1462.3 723.627
internal_count=133240 20248 17718 8757 112992 68114 44878 40156 8961 36807 4868 2827 18377 9257
is_linear=0
shrinkage=0.0101079


Tree=20
num_leaves=15
num_cat=0
split_feature=28 27 29 27 13 3 2 11 13 20 27 18 23 11
split_gain=105.843 78.4325 63.6319 52.459 35.6281 54.7145 65.257 30.2915 27.758 28.6282 34.2793 25.7735 24.3239 23.8058
threshold=-0.24825246632099149 -0.032717135734856122 -1.0000000180025095e-35 -0.91080963611602772 -0.075406681746244417 0.21147869527339938 0.51977673172950756 0.03797781094908715 0.040709611028432853 -0.31897787749767298 -0.50938662886619557 79.500000000000014 1.1428771018981936 0.12814277410507205
decision_type=2 2 2 2 8 10 8 8 10 8 2 2 10 10
left_child=-1 2 7 11 -3 -6 -7 -2 9 10 -5 12 -4 -8
right_child=1 4 3 8 5 6 13 -9 -10 -11 -12 -13 -14 -15
leaf_value=0.0011317584294599152 0.0045771915026070953 0.0039987207661832036 -0.0031739904211220854 -0.0054484270149839044 -0.0049206924417346167 0.00332295023328712 -0.00085893441536654032 -0.00061792866512461425 -0.0011370763544238051 -0.0070409051436017295 0.00017456888990293411 0.0024847361384583932 0.00047514580699197921 0.0027885838978092365
leaf_weight=4678.3616008739918 152.66847581975162 219.21094494685531 523.13606797531247 247.3070737272501 220.13316802307963 552.33766431361437 2062.8157041966915 365.97188405133784 238.49155156500638 483.31548170186579 171.28942591696978 149.56658665090799 257.87683682702482 189.174645120278
leaf_count=58722 2146 2816 6982 3231 2770 6874 26563 4454 3091 6002 2553 2064 2947 2156
internal_value=0 -0.000907629 -0.00221749 -0.00301271 0.000128412 -0.000148109 0.000224465 0.000878572 -0.00447274 -0.00529331 -0.00309056 -0.00115848 -0.00192482 -0.000526224
internal_weight=0 5833.3 2589.62 2070.98 3243.67 3024.46 2804.33 518.64 1140.4 901.912 418.596 930.579 781.013 2251.99
internal_count=133371 74649 33470 26870 41179 38363 35593 6600 14877 11786 5784 11993 9929 28719
is_linear=0
shrinkage=0.0101079


Tree=21
num_leaves=15
num_cat=0
split_feature=28 27 29 27 13 30 2 3 14 20 27 2 18 23
split_gain=95.616 69.1733 62.5079 59.6621 39.7013 38.9857 32.4538 41.5212 31.4426 30.9929 44.2441 29.2886 28.832 34.0208
threshold=-0.3317298144102096 -0.032717135734856122 -1.0000000180025095e-35 -0.91959547996520985 0.040709611028432853 0.81174489855766307 0.51977673172950756 0.2308367341756821 -2.5454053878784175 -0.25362490117549891 -0.50938662886619557 1.6842785477638247 79.500000000000014 1.1428771018981936
decision_type=2 2 2 2 10 2 8 10 10 8 2 10 2 10
left_child=-1 2 11 12 9 6 7 -3 -8 10 -5 -2 13 -4
right_child=1 5 3 4 -6 -7 8 -9 -10 -11 -12 -13 -14 -15
leaf_value=0.0012011458616521589 0.0035169997004873619 -0.0019830174919490996 -0.0032196490475937503 -0.0056173170288973664 -0.0004022181261508037 0.002372739317550057 -0.0014740342455851947 0.0032127668012563843 0.0021669911198259322 -0.0070860836706824488 0.00069610502728534209 -0.001075586943314214 0.0029645262336984095 0.00079608943642460743
leaf_weight=4375.312218150124 256.93695019371808 216.34795941598713 530.22954609058797 264.60385669954121 236.95417249761522 669.70168251916766 1789.7409151084721 476.84504087269306 265.17079386301339 480.7249301020056 174.07658488675952 281.34038747288287 154.04735302552581 333.00305109471083
leaf_count=54804 3877 2577 7083 3435 3092 8457 22842 5929 3415 5999 2618 2989 2128 3835
internal_value=0 -0.000753007 -0.0019574 -0.00272452 -0.00429742 0.000193046 -0.000328541 0.00152942 -0.000978272 -0.00524605 -0.00305223 0.00106094 -0.000878367 -0.00163062
internal_weight=0 6129.72 2711.92 2173.64 1156.36 3417.81 2748.1 693.193 2054.91 919.405 438.68 538.277 1017.28 863.233
internal_count=133080 78276 35056 28190 15144 43220 34763 8506 26257 12052 6053 6866 13046 10918
is_linear=0
shrinkage=0.0101079


Tree=22
num_leaves=15
num_cat=0
split_feature=28 27 29 0 13 3 3 29 15 15 7 14 15 18
split_gain=107.262 79.2748 63.7207 41.7209 38.5543 55.358 26.4696 35.5719 27.2503 29.4261 58.4858 23.2854 31.83 23.0821
threshold=-0.20576497167348859 -1.0000000180025095e-35 -1.0000000180025095e-35 0.67413085699081432 -0.075406681746244417 0.20766776055097583 0.36100544035434728 1.0000000180025095e-35 18.355454444885257 10.876949310302736 3.8241310119628911 -14.179638385772703 12.312410831451418 79.500000000000014
decision_type=2 2 2 10 8 10 10 2 10 10 10 10 10 2
left_child=-1 2 11 -4 -3 -6 7 -7 9 10 -8 -2 -13 -5
right_child=1 4 3 13 5 6 8 -9 -10 -11 -12 12 -14 -15
leaf_value=0.0011265819291585372 -0.0027059758582700677 0.0042152742267417267 -0.0048890904778928169 -0.0025551719291465702 -0.0052386193651629588 0.0040935242390580488 -0.0010074555517896437 1.8251487903558291e-06 0.002790595373967916 -0.0030962410798375207 0.0056612907354832639 0.0050992545929670801 -0.0004709350729888415 0.00065761093678817653
leaf_weight=4847.2725348845124 122.66453633643687 214.00467632897198 790.12158358469605 968.96320055983961 196.27749355696142 351.91202806308866 950.99089832790196 598.57177289947867 212.4086903706193 463.37803741917014 148.49728874303401 185.8784814607352 200.5394122004509 270.65989797748625
leaf_count=60780 1528 2737 10226 12474 2464 4692 12402 7488 2427 5558 2014 2621 2311 3687
internal_value=0 -0.000919179 -0.00224508 -0.00304934 0.000144186 -0.000150355 0.000214831 0.00157957 -0.000496768 -0.000980731 -3.73726e-05 0.00088085 0.00215259 -0.00182149
internal_weight=0 5674.87 2538.83 2029.74 3136.04 2922.04 2725.76 950.484 1775.27 1562.87 1099.49 509.082 386.418 1239.62
internal_count=133409 72629 32847 26387 39782 37045 34581 12180 22401 19974 14416 6460 4932 16161
is_linear=0
shrinkage=0.0101079


Tree=23
num_leaves=15
num_cat=0
split_feature=28 27 29 27 30 14 15 18 15 14 23 14 22 23
split_gain=99.026 78.4702 60.5687 47.347 38.0187 30.0952 30.0682 28.1468 26.0316 44.1778 24.3221 22.9949 26.5638 26.4325
threshold=-0.22706275433301923 -0.076279435306787477 -1.0000000180025095e-35 -0.91080963611602772 0.81174489855766307 -13.821930408477781 8.6364941596984881 80.500000000000014 12.410552501678469 -3.8130718469619747 1.1428771018981936 -6.5700602531433097 0.48587341606616979 0.71525689959526073
decision_type=2 2 2 2 2 10 10 2 8 10 10 10 10 10
left_child=11 2 5 7 8 -2 -7 10 -3 -10 -4 12 -1 -13
right_child=1 4 3 -5 -6 6 -8 -9 9 -11 -12 13 -14 -15
leaf_value=-0.00031660275488747423 -0.0032273524064466343 0.00024209361441883534 -0.0033294230825044995 -0.0045343075430753508 0.0022559030839873098 0.0062198192634238536 3.0970731957636852e-05 0.0026799217419921223 -0.0039763330154345628 0.00040737308196881112 0.00041265834009932782 0.0066903924063091182 0.0016920436029811067 0.0015474177344545162
leaf_weight=1760.8566991910338 124.65530525892973 1745.4956691432744 513.70844279229641 1076.8106006253511 649.02424081042409 123.91606030240655 240.54745017364621 137.8062154147774 470.2320001013577 429.85235758125782 239.54621743224561 108.02106255106628 1056.4753846675158 1833.2032757233828
leaf_count=22262 1567 22301 6862 14167 8183 1666 3020 1878 5566 5705 2748 1044 13775 22584
internal_value=0 -0.000940474 -0.00230512 -0.0030983 6.79372e-05 0.000803129 0.00232841 -0.0012941 -0.000458505 -0.00185237 -0.00209396 0.00102879 0.000424823 0.00187946
internal_weight=0 5751.59 2456.99 1967.87 3294.6 489.119 364.464 891.061 2645.58 900.084 753.255 4758.56 2817.33 1941.22
internal_count=133328 73663 31908 25655 41755 6253 4686 11488 33572 11271 9610 59665 36037 23628
is_linear=0
shrinkage=0.0101079


Tree=24
num_leaves=15
num_cat=0
split_feature=0 3 2 0 8 21 17 3 2 30 14 21 2 16
split_gain=82.1984 42.8509 31.4359 41.0253 30.8457 28.9999 27.3506 26.7875 25.88 24.7791 22.5147 42.4305 23.8272 20.9599
threshold=0.6537839174270631 0.34456390142440801 0.9138091802597047 1.0700652003288271 0.81310752034187328 10.096639156341555 11.500000000000002 0.2308367341756821 0.43853615224361425 -0.56174489110708226 -16.110962867736813 -10.288103580474852 1.4655178785324099 0.17244397848844531
decision_type=10 8 8 10 10 10 2 10 10 2 10 10 10 10
left_child=1 13 7 5 6 10 -3 -2 -9 -6 11 -4 -13 -1
right_child=2 4 3 -5 9 -7 -8 8 -10 -11 -12 12 -14 -15
leaf_value=0.0042790557156127161 -0.0014798587380629416 0.0010277210205442606 -0.0030962676944504149 0.00086832875142281993 -0.0035965504869344099 0.002026291619352691 -0.0040762089321981099 0.0046161346204354322 0.0012258529494736162 0.0019395896667567085 -0.0018744286865284556 0.005350889623710958 0 -0.00046186722297260742
leaf_weight=102.55522367730737 311.27888347022235 103.20900457724929 190.69830535724759 2563.9016161989421 122.33668840304017 281.42454243265092 1005.0526965558529 259.49592147953808 2626.6864366270602 218.4376972950995 1760.207258110866 166.60686856508255 144.72088024392724 662.56723666377366
leaf_count=1323 3795 1399 2659 32251 1593 3458 13196 2858 33453 2767 22165 2340 1806 8344
internal_value=0 -0.00172856 0.000460077 -2.45319e-05 -0.00274768 -0.000940278 -0.00356082 0.00124503 0.00155604 0 -0.00133274 0.000486713 0.00282995 0.000157175
internal_weight=0 2214.16 8305.02 5107.56 1449.04 2543.66 1108.26 3197.46 2886.18 340.774 2262.23 502.026 311.328 765.122
internal_count=133407 28622 104785 64679 18955 32428 14595 40106 36311 4360 28970 6805 4146 9667
is_linear=0
shrinkage=0.0101079


Tree=25
num_leaves=15
num_cat=0
split_feature=28 27 29 27 30 11 13 20 27 11 13 17 2 13
split_gain=102.401 70.6846 55.9986 57.3211 38.3943 30.9501 30.4697 31.215 39.544 28.1918 40.4344 23.3311 21.9864 21.128
threshold=-0.3317298144102096 -0.076279435306787477 -1.0000000180025095e-35 -0.91080963611602772 0.81174489855766307 0.055748980492353446 0.040709611028432853 -0.15855175256729123 -0.50938662886619557 0.035254755988717086 0.089388232678174986 64.500000000000014 0.5308523178100587 0.089388232678174986
decision_type=2 2 2 2 2 8 10 8 2 10 10 2 8 8
left_child=13 2 5 11 9 -2 7 8 -5 12 -11 -4 -3 -1
right_child=1 4 3 6 -6 -7 -8 -9 -10 10 -12 -13 -14 -15
leaf_value=0.0010096543346127859 0.0037279929814333338 0.0004091364043840732 0 -0.0056117797088428489 0.0021950851823528883 -0.0011340182856290103 -0.00094829660338166175 -0.007402579271727501 0.00051010978683739636 0.00074778830718346778 -0.0046784548335516343 -0.0031583683198064838 -0.0027824408534893302 0.0055872525135175913
leaf_weight=4279.2568597514182 209.9375056643039 286.32045053131878 681.36495166644454 254.81223257444799 683.27433319948614 323.79298918321729 224.71537674032152 426.965446440503 161.84895811788738 1657.4332651384175 144.68061791174114 364.12985456548631 708.74702410772443 103.00087261386216
leaf_count=53694 2910 3360 8708 3371 8658 3825 2930 5363 2425 21648 1772 4695 8714 1128
internal_value=0 -0.000885658 -0.00212816 -0.00286874 5.04888e-05 0.000729193 -0.00452084 -0.00540784 -0.00317193 -0.000463486 0.000271877 -0.00112156 -0.00182758 0.001136
internal_weight=0 6128.02 2647.57 2113.84 3480.46 533.73 1068.34 843.627 416.661 2797.18 1802.11 1045.49 995.067 4382.26
internal_count=133201 78379 34227 27492 44152 6735 14089 11159 5796 35494 23420 13403 12074 54822
is_linear=0
shrinkage=0.0101079


Tree=26
num_leaves=15
num_cat=0
split_feature=22 27 29 17 3 3 2 20 14 27 14 6 17 5
split_gain=62.8277 61.6967 41.2705 36.281 24.9339 34.5186 24.401 22.7624 25.635 19.8343 20.0966 22.9335 30.634 16.579
threshold=-0.40149064362049097 -0.50938662886619557 -1.0000000180025095e-35 73.500000000000014 0.36100544035434728 0.20766776055097583 1.0015716552734377 -2.7865301370620723 -11.124732494354246 -0.83743050694465626 -15.960748195648192 -8.2938818931579572 61.500000000000007 -1.0635904073715208
decision_type=10 2 2 2 8 10 8 8 10 2 8 10 2 8
left_child=1 2 -1 6 5 -3 -4 -6 13 -2 11 -11 -13 -9
right_child=9 4 3 -5 7 -7 -8 8 -10 10 -12 12 -14 -15
leaf_value=0.00081050718230511515 -0.00052156355499696425 -0.0025287487637330546 0.0013037419436716597 -0.0062735593505037889 0.0019786199724479937 0.001778597338367123 -0.0033687204104141289 -0.00016967019306624381 -0.00068674944142970774 0 0.0005496955881644657 0.00079974008453089016 0.0055083708322204421 -0.0053005334277724499
leaf_weight=213.84532294049859 1280.4345380086452 224.67918291315436 141.4122320599854 398.27710711956024 214.19158123992383 936.58566576242447 384.96896152384579 110.40887903608382 1233.0516496840864 328.71788394637406 4170.6786215752363 294.51513714343309 319.01573337242007 239.54833303950727
leaf_count=2818 16048 2656 1989 5009 3084 11820 5051 1552 15587 4371 51978 3677 4322 3138
internal_value=0 -0.00102011 -0.00301425 -0.00394163 -0.000233278 0.000899504 -0.00203693 -0.000988374 -0.00142286 0.000581545 0.000866072 0.00220815 0.00335087 -0.00383321
internal_weight=0 4096.97 1138.5 924.658 2958.47 1161.26 526.381 1797.2 1583.01 6393.36 5112.93 942.249 613.531 349.957
internal_count=133100 52704 14867 12049 37837 14476 7040 23361 20277 80396 64348 12370 7999 4690
is_linear=0
shrinkage=0.0101079


end of trees

feature_importances:
Column_27=38
Column_3=35
Column_2=33
Column_14=30
Column_29=25
Column_13=24
Column_28=24
Column_23=23
Column_15=21
Column_0=16
Column_7=14
Column_11=11
Column_21=11
Column_30=11
Column_12=9
Column_22=9
Column_16=8
Column_17=8
Column_18=8
Column_20=8
Column_5=5
Column_6=3
Column_8=2
Column_1=1
Column_4=1

parameters:
[boosting: gbdt]
[objective: binary]
[metric: auc]
[tree_learner: serial]
[device_type: cpu]
[data_sample_strategy: bagging]
[data: ]
[valid: ]
[num_iterations: 600]
[learning_rate: 0.0101079]
[num_leaves: 15]
[num_threads: 2]
[seed: 1337]
[deterministic: 0]
[force_col_wise: 0]
[force_row_wise: 0]
[histogram_pool_size: -1]
[max_depth: -1]
[min_data_in_leaf: 1280]
[min_sum_hessian_in_leaf: 0.001]
[bagging_fraction: 0.829452]
[pos_bagging_fraction: 1]
[neg_bagging_fraction: 1]
[bagging_freq: 1]
[bagging_seed: 1337]
[feature_fraction: 0.727545]
[feature_fraction_bynode: 1]
[feature_fraction_seed: 1337]
[extra_trees: 0]
[extra_seed: 18955]
[early_stopping_round: 0]
[early_stopping_min_delta: 0]
[first_metric_only: 0]
[max_delta_step: 0]
[lambda_l1: 4.00664]
[lambda_l2: 7.63247]
[linear_lambda: 0]
[min_gain_to_split: 0]
[drop_rate: 0.1]
[max_drop: 50]
[skip_drop: 0.5]
[xgboost_dart_mode: 0]
[uniform_drop: 0]
[drop_seed: 17763]
[top_rate: 0.2]
[other_rate: 0.1]
[min_data_per_group: 100]
[max_cat_threshold: 32]
[cat_l2: 10]
[cat_smooth: 10]
[max_cat_to_onehot: 4]
[top_k: 20]
[monotone_constraints: ]
[monotone_constraints_method: basic]
[monotone_penalty: 0]
[feature_contri: ]
[forcedsplits_filename: ]
[refit_decay_rate: 0.9]
[cegb_tradeoff: 1]
[cegb_penalty_split: 0]
[cegb_penalty_feature_lazy: ]
[cegb_penalty_feature_coupled: ]
[path_smooth: 0]
[interaction_constraints: ]
[verbosity: -1]
[saved_feature_importance_type: 0]
[use_quantized_grad: 0]
[num_grad_quant_bins: 4]
[quant_train_renew_leaf: 0]
[stochastic_rounding: 1]
[linear_tree: 0]
[max_bin: 255]
[max_bin_by_feature: ]
[min_data_in_bin: 3]
[bin_construct_sample_cnt: 200000]
[data_random_seed: 4404]
[is_enable_sparse: 1]
[enable_bundle: 1]
[use_missing: 1]
[zero_as_missing: 0]
[feature_pre_filter: 1]
[pre_partition: 0]
[two_round: 0]
[header: 0]
[label_column: ]
[weight_column: ]
[group_column: ]
[ignore_column: ]
[categorical_feature: ]
[forcedbins_filename: ]
[precise_float_parser: 0]
[parser_config_file: ]
[objective_seed: 4113]
[num_class: 1]
[is_unbalance: 0]
[scale_pos_weight: 1]
[sigmoid: 1]
[boost_from_average: 1]
[reg_sqrt: 0]
[alpha: 0.9]
[fair_c: 1]
[poisson_max_delta_step: 0.7]
[tweedie_variance_power: 1.5]
[lambdarank_truncation_level: 30]
[lambdarank_norm: 1]
[label_gain: ]
[lambdarank_position_bias_regularization: 0]
[eval_at: ]
[multi_error_top_k: 1]
[auc_mu_weights: ]
[num_machines: 1]
[local_listen_port: 12400]
[time_out: 120]
[machine_list_filename: ]
[machines: ]
[gpu_platform_id: -1]
[gpu_device_id: -1]
[gpu_use_dp: 0]
[num_gpu: 1]

end of parameters

pandas_categorical:null
