tree
version=v4
num_class=1
num_tree_per_iteration=1
label_index=0
max_feature_idx=33
objective=binary sigmoid:1
feature_names=Column_0 Column_1 Column_2 Column_3 Column_4 Column_5 Column_6 Column_7 Column_8 Column_9 Column_10 Column_11 Column_12 Column_13 Column_14 Column_15 Column_16 Column_17 Column_18 Column_19 Column_20 Column_21 Column_22 Column_23 Column_24 Column_25 Column_26 Column_27 Column_28 Column_29 Column_30 Column_31 Column_32 Column_33
feature_infos=[0.22403052449226379:4.806818962097168] [0.027025075629353523:26.170040130615234] [0.17134076356887817:8.6935958862304688] [0.087584272027015686:1] [-28.67047119140625:41.262332916259766] [-36.190670013427734:42.326030731201172] [-36.841156005859375:62.500308990478516] [-45.158794403076172:63.120437622070312] [-22.455821990966797:30.680826187133789] [0:0.95389312505722046] [0:0.64536702632904053] [0:0.40022626519203186] [-0.51016271114349365:0.5480339527130127] [-0.15599349141120911:0.22172828018665314] [-46.22015380859375:17.161741256713867] [-8.3726015090942383:64.2962646484375] [0:1] [0:95] [0:95] [-1:1] [-29.775985717773438:44.984848022460938] [-30.525325775146484:55.0223388671875] [-2.8409864902496338:15.253066062927246] [0.049656935036182404:5.4310722351074219] [-1:1] [0:1] [0:1] [-1:1] [-1:1] [-0.78183150291442871:0.97492790222167969] [-0.90096884965896606:1] [0:1] [0:1] [0.8888888955116272:4.5999999046325684]
tree_sizes=8549 8753 8634 8712 8772 8630 8666 8711

Tree=0
num_leaves=79
num_cat=0
split_feature=14 7 30 18 28 14 21 11 21 3 4 4 11 33 17 21 3 7 33 7 21 21 3 11 21 30 3 14 33 30 3 12 28 33 18 3 11 3 18 33 3 28 12 28 33 7 3 7 17 28 21 28 11 8 14 33 21 3 3 3 28 14 28 9 3 21 3 3 7 33 3 28 30 14 28 12 7 17
split_gain=55.0447 94.5396 29.9533 48.7686 40.781 40.2381 41.8019 47.1293 29.8226 27.7705 24.6638 23.9945 23.4658 40.3686 24.1357 25.7779 23.3775 21.2859 20.9771 18.9929 18.9198 23.9894 18.8496 18.4205 35.9311 18.1493 21.3421 20.3031 17.7232 17.217 48.0104 44.4454 38.0571 25.1377 27.9779 25.9867 24.8739 20.0712 18.8597 18.2689 26.1142 27.2038 16.4533 15.9057 15.7924 15.5089 15.3303 18.1081 16.0794 15.0208 15.5673 14.9721 18.179 14.897 14.827 14.5502 13.9442 16.144 36.8199 22.6759 18.401 18.5581 19.6529 20.5562 16.8952 15.9213 13.9154 18.9601 13.7159 13.1538 12.7761 27.8339 12.7466 12.3282 12.2825 11.7962 11.6523 11.4337
threshold=-7.3916492462158194 1.0000000180025095e-35 1.0000000180025095e-35 72.500000000000014 0.33172981441020971 -2.6700890064239498 8.4645547866821307 0.071123953908681883 -11.517472267150877 0.37879064679145819 -1.2442458271980283 2.0737439393997197 0.13720124959945681 1.0013927817344668 9.5000000000000018 5.4347686767578134 0.45542404055595404 15.348434925079347 0.9590476155281068 16.822368621826175 4.5471646785736093 1.0424621105194094 0.67501461505889904 0.13059348613023761 15.927731037139894 -0.56174489110708226 0.74776092171669017 -6.229747772216796 2.0062500238418584 -0.56174489110708226 0.69756990671157848 0.0064877222757786521 -0.31107263267040247 1.0013927817344668 72.500000000000014 0.34225252270698553 0.044885527342557914 0.26747262477874761 48.500000000000007 1.0013927817344668 0.61698257923126232 -0.58244305849075306 0.024727499112486843 -0.18436925113201139 0.9590476155281068 6.1606874465942392 0.8689478635787965 1.7305669188499453 50.500000000000007 -0.37256073951721186 9.4532723426818865 0.098011311143636717 0.16926297545433047 1.0908533334732058 -16.718570709228512 0.89692735671997081 -0.3006898164749145 0.5729874074459077 0.75130772590637218 0.95343023538589489 -0.58244305849075306 -3.8960893154144283 0.74455857276916515 0.16352900862693789 0.40122389793396002 4.630704641342164 0.76181551814079296 0.4234482347965241 10.53757429122925 0.99611112475395214 0.48512797057628637 0.1413247883319855 -0.56174489110708226 -18.700854301452633 0.8491516411304475 -0.12983075529336927 -6.9892706871032706 65.500000000000014
decision_type=2 2 2 2 2 2 2 2 2 2 2 2 2 8 2 2 2 2 10 2 2 2 2 2 2 2 2 2 8 2 2 2 2 8 2 2 2 2 2 8 2 2 2 2 10 2 2 2 2 2 2 2 2 2 2 10 2 2 2 2 2 2 2 2 2 2 2 2 2 10 2 2 2 2 2 2 2 2
left_child=8 55 4 56 9 25 7 -7 18 17 -10 19 14 -14 -5 16 -16 42 51 29 21 72 -20 -22 -25 26 -6 -27 -23 30 32 36 37 34 -34 54 38 -12 46 40 41 -38 -3 73 -8 74 47 48 -31 -17 -51 -1 75 -48 -35 -2 -4 60 65 68 64 62 63 -62 -58 -59 67 -57 -60 -32 71 76 -11 -41 -45 -53 -33 -29
right_child=1 2 3 12 5 6 44 -9 10 20 11 -13 13 -15 15 49 -18 -19 22 -21 23 28 -24 24 -26 27 -28 77 -30 31 69 70 33 35 -36 -37 39 -39 -40 43 -42 -43 -44 45 -46 -47 53 -49 -50 50 -52 52 -54 -55 -56 66 57 58 59 -61 61 -63 -64 -65 -66 -67 -68 -69 -70 -71 -72 -73 -74 -75 -76 -77 -78 -79
leaf_value=-0.89428719385154087 -0.89744126108920119 -0.87753338977825668 -0.90797804585680808 -0.8912449980982089 -0.89622981905450538 -0.8775353848766313 -0.89787072370750209 -0.82942606679797859 -0.88823885153651827 -0.87074567174168038 -0.85438809149409978 -0.89063077810259561 -0.86112313284864361 -0.90683833697875016 -0.8794585337960823 -0.89894250540660281 -0.90733339010705705 -0.88963346155521761 -0.91291031956031776 -0.90694252007956466 -0.88474218433159479 -0.91133208913031882 -0.89012619610774169 -0.91435926699067682 -0.87409483899723339 -0.84804180663827666 -0.87076639450820381 -0.8743699706922039 -0.89143218379472922 -0.84694719623765768 -0.88239319136475758 -0.87412415861900994 -0.86380161756718388 -0.90734397242548548 -0.83003193127435448 -0.8596364381711139 -0.85356742033155752 -0.88711378900857074 -0.89828260026238038 -0.90743958396764979 -0.84874565930727963 -0.88562548818018361 -0.84832153286082956 -0.8691368687950769 -0.87155052959630541 -0.84902581213324613 -0.87610387187021099 -0.89013200523096148 -0.87555643807264383 -0.9338975920728948 -0.9023257716111881 -0.83981570103643244 -0.89778517785791945 -0.90829351383132118 -0.87476537325616244 -0.89393397796326424 -0.91739170190289965 -0.84985201087528572 -0.91180337383698384 -0.86628314385416227 -0.84615421504636101 -0.89645773572334708 -0.89395317861142809 -0.88471708623395906 -0.88753548921047021 -0.87940691756351674 -0.89502581377414125 -0.92014805323908533 -0.88254543068777758 -0.90220847189830522 -0.88319247076118512 -0.90927286186618483 -0.897670902388359 -0.881305045604585 -0.89340524685678258 -0.88104596467682894 -0.90004559417823526 -0.90035880789299627
leaf_weight=117.63256404176354 328.12656421214342 164.76893268339336 47.098778514191508 249.32244307175279 317.48566382192075 80.890040386468172 69.722861737012863 96.179498583078384 1450.4291210472584 77.3171261921525 42.115494759753346 472.37610640749335 76.087351925671101 74.890290431678295 86.147264523431659 69.854418257251382 188.53305802866817 201.77417593821883 159.10701297968626 47.184740446507931 688.71388032473624 266.86926230043173 150.6266917809844 127.62515241838992 65.32551327906549 43.706780456006527 81.527124604210258 105.47968244738877 153.05949283763766 54.085510391741991 151.6754438970238 95.373424218967557 158.07876651734114 46.599396836012602 87.535451628267765 143.21409844048321 81.249691545963287 260.91512313298881 148.76046578772366 54.00074614584446 132.51255451142788 164.02567435055971 54.331720447167754 101.14311924390495 121.42885019630194 45.743537433445454 47.422409603372216 110.08723758906126 187.82731906883419 136.59762911498547 55.221697522327304 33.360964857041836 29.771643333137035 63.666784109547734 62.499731400981545 79.965088568627834 71.649824779480696 99.444431869313121 81.384298210963607 51.538554927334189 63.380508068948984 116.60967366024852 59.866783009842038 55.707523964345455 78.741825141012669 71.30392256937921 107.30949731916189 286.06258929520845 48.217825321480632 118.2001346796751 166.03141084313393 197.48903353139758 59.897824250161648 97.205358374863863 66.357329905033112 30.711547128856182 50.767644356936216 46.119624039158225
leaf_count=2361 5899 1975 484 2786 3630 896 1393 797 19147 855 497 6289 489 1195 915 838 2071 2725 1080 694 7702 1718 938 1223 861 587 1071 1194 2770 616 2730 1124 1049 937 585 2761 578 3371 1921 1001 884 1112 634 1997 813 773 558 1501 2544 1602 731 634 574 688 1195 540 930 1050 907 736 801 1297 622 670 951 725 733 1861 516 780 2179 2599 651 1792 1320 650 732 610
internal_value=-0.887535 -0.89088 -0.888354 -0.892971 -0.885454 -0.87787 -0.866133 -0.850413 -0.884401 -0.889365 -0.883295 -0.881206 -0.900101 -0.884025 -0.903254 -0.908676 -0.898426 -0.879187 -0.894668 -0.879694 -0.892392 -0.898922 -0.902164 -0.888176 -0.900484 -0.88532 -0.890789 -0.874064 -0.904301 -0.879213 -0.874587 -0.88192 -0.869013 -0.8613 -0.850827 -0.872107 -0.877607 -0.882026 -0.884525 -0.872018 -0.864973 -0.874428 -0.869486 -0.879622 -0.881416 -0.8717 -0.879945 -0.875281 -0.868394 -0.918919 -0.925556 -0.883847 -0.870526 -0.894211 -0.888462 -0.905252 -0.885102 -0.883593 -0.876353 -0.890416 -0.889248 -0.882782 -0.873605 -0.863106 -0.902059 -0.861437 -0.910434 -0.914687 -0.900733 -0.890983 -0.893271 -0.898274 -0.882798 -0.890603 -0.878946 -0.857289 -0.883549 -0.882719
internal_weight=0 5405.29 4603.82 1781.6 2822.22 962.54 368.221 177.07 5425.78 1859.68 4904.57 3454.14 936.654 150.978 785.677 536.354 274.68 420.875 521.21 2981.77 1438.81 557.144 309.734 881.665 192.951 594.319 399.013 195.306 419.929 2934.58 1070.83 1863.75 800.958 497.927 245.614 252.313 1354.09 303.031 611.85 742.238 377.788 245.275 219.101 364.45 191.152 213.244 463.089 352 241.913 261.674 191.819 211.477 93.8442 111.089 109.099 801.464 844.944 797.845 351.889 181.141 445.956 295.564 178.955 119.088 150.392 170.748 473.337 366.028 129.602 269.876 509.662 343.63 137.215 151.206 167.5 64.0725 146.141 151.599
internal_count=131645 61454 52421 20316 32105 10991 3899 1693 70191 21114 63954 44807 10627 1684 8943 6157 2986 5334 6237 38518 15780 5994 2018 9786 2084 7092 4701 2391 4488 37824 13905 23919 10395 6527 1634 4893 17285 3868 7828 9457 2574 1690 2609 6883 2206 4090 5907 4661 3160 3171 2333 4219 1858 1246 2132 9033 9689 9205 3934 2159 5271 3390 2093 1471 1881 1775 3134 2401 1423 3510 6634 4455 1506 2793 3317 1284 1856 1804
is_linear=0
shrinkage=1


Tree=1
num_leaves=79
num_cat=0
split_feature=29 28 30 27 13 12 27 15 10 15 29 13 15 33 13 13 13 0 13 33 33 13 0 13 29 10 13 8 6 33 12 12 27 28 0 27 15 13 5 12 29 5 15 6 8 10 27 5 10 13 13 0 30 13 27 0 15 27 12 33 12 30 0 13 29 33 6 33 12 27 4 15 13 13 13 13 4 4
split_gain=53.743 31.5973 72.4422 50.9266 36.9693 32.4171 28.8146 22.407 19.7366 23.7647 37.0699 20.207 29.0562 36.0294 19.0107 18.3281 34.5733 30.2737 18.0436 61.5349 40.7432 23.5152 21.4336 17.5334 16.6345 21.5718 20.2477 23.645 20.7608 20.8354 17.664 15.2969 15.4713 14.9319 14.9213 14.577 38.2149 22.0367 18.9047 13.8301 13.7172 13.4133 12.9053 12.5248 11.9293 14.5525 11.7552 11.6481 11.4276 11.1946 11.1723 16.672 11.165 11.0975 10.5752 10.1714 10.0771 9.76742 9.56608 20.2991 14.4771 19.9422 19.1491 18.6837 15.8042 25.6682 22.3114 13.372 24.2129 16.6248 14.6113 11.3466 13.4411 16.0111 15.5041 13.185 11.0758 12.9265
threshold=-0.60785761475563038 0.24825246632099154 1.0000000180025095e-35 0.31107263267040258 0.029803261160850528 -0.0025239494862034913 -0.52803644537925709 9.5765976905822772 0.080518797039985671 7.9800438880920419 0.87837970256805431 0.031408734619617469 21.186862945556644 0.94700106978416454 -0.086294468492269502 0.036826323717832572 0.073118444532156004 0.74056315422058117 0.061388518661260612 1.0013927817344668 1.0000000180025095e-35 -0.00040953658754006023 0.89386728405952465 -0.027664698660373684 0.6078576147556306 0.13843247294425967 -0.02822377439588308 1.3282157182693484 2.879852414131165 0.99472221732139599 -0.021797268651425835 0.09994876012206079 0.61734244227409374 0.94331136345863353 0.61920392513275158 0.71473535895347606 8.6769542694091815 -0.0024832118069753046 -3.6375585794448848 -0.0037526907399296756 0.6078576147556306 2.1015193462371831 3.8101762533187871 11.198300838470461 -0.032891180366277688 0.10886455699801446 0.6835516393184663 2.2857259511947636 0.1476787552237511 0.017173286527395252 -0.012410182505846022 0.51504898071289074 -0.56174489110708226 0.051463929936289794 0.63435554504394542 0.84134694933891307 9.2659730911254901 -1.0000000180025095e-35 0.14270554482936862 1.0013927817344668 0.054713083431124694 1.0000000180025095e-35 1.5359037518501284 0.053665287792682655 0.6078576147556306 0.9590476155281068 1.0027218461036684 0.9590476155281068 0.034456860274076469 -0.84915164113044728 -0.31646670401096338 11.401950359344484 -0.049629449844360345 -0.0079099894501268846 0.016339788213372234 -0.029349768534302708 2.3359040021896367 -1.9980520606040952
decision_type=2 2 2 2 2 2 2 2 2 2 2 2 2 10 2 2 2 2 2 8 10 2 2 2 2 2 2 2 2 10 2 2 2 2 2 2 2 2 2 2 2 2 2 2 2 2 2 2 2 2 2 2 2 2 2 2 2 2 2 8 2 2 2 2 2 10 2 10 2 2 2 2 2 2 2 2 2 2
left_child=48 3 8 58 14 6 44 50 9 10 47 35 13 39 -5 23 17 53 20 -20 21 -7 -22 -11 25 26 27 28 29 -16 46 32 52 43 -23 36 38 -37 -10 -13 -9 -40 -12 -14 -4 -46 -28 55 -1 -32 51 -8 -6 -17 -53 -3 -25 -41 60 -60 61 63 76 67 66 -66 71 -2 69 70 -69 72 -63 75 -75 -74 77 -62
right_child=1 2 5 4 31 18 7 40 11 15 42 12 33 -15 24 16 -18 -19 19 -21 22 34 -24 56 -26 -27 30 -29 -30 -31 49 -33 -34 -35 -36 37 -38 -39 41 57 -42 -43 -44 -45 45 -47 -48 -49 -50 -51 -52 54 -54 -55 -56 -57 -58 -59 59 -61 62 64 -64 -65 65 -67 -68 68 -70 -71 -72 -73 73 74 -76 -77 -78 -79
leaf_value=-0.03491060960585974 -0.0037475947003347458 0.020685392516331107 0.030005016618717264 -0.014060980004269207 -0.00044342786528068102 0.011558702871003836 0.02275774731748836 0.02232217340581296 -0.0019195205097653808 0.01631251329125737 -0.02076455693976512 0.032403651872371687 -0.015589697039110189 0.042074112685743535 0.019508040886928826 0.020109472260320858 -0.014610570001132599 0.047344513631342927 0.036990149651784328 -0.02541546411561817 -0.026369157509263701 0.0056884638694511712 -0.0013032935712434482 -0.02722355557457461 0.0023755612932207337 0.0011746972625923757 0.012394099826007664 -0.0013770434778630149 0.0047000670193763708 0.055132502038635955 0.018548385694592513 -0.02202621462180759 0.00083598616955342364 0.027167796920745921 -0.021500255565217265 0.0063362960200582163 -0.011258293350508937 0.037558648717237707 0.022712554373606333 0.012898089060945065 -0.0040169880697383045 0 0.0038400841850977628 0.010595651322221565 -0.004442351798721658 0.026350678059103672 -0.014375386559604358 0.0015257277730074091 -0.0053866373852757398 -0.0031536152969488629 -0.016114084632245045 -0.017065096468148709 -0.025750198948207223 -0.0084498883384821945 0.0040882559700663916 0.048009861281273353 -0.0076178449588190861 -0.016347619202732217 0.016143049582886402 -0.0086046113848963872 -0.0017851738119711725 -0.01251641278031668 -0.00013894982702517103 0.011036966672568002 -0.0040252544696600112 0.015448546276125486 -0.01968976321750867 -0.01159630276590793 0.008730426344334458 -0.0095674085533623675 -0.033589513788590292 -0.014884464223646532 0.0031704139972742809 -0.011580753309483563 0.017947594200321597 0.032727624311097367 -0.00097498464588278609 -0.022263831042758954
leaf_weight=104.50163287296891 712.86158374324441 185.04045202210546 86.492357881739736 82.91596607491374 67.172910284250975 169.33052060939372 44.047232901677489 97.180713392794132 134.78182942606509 44.083545686677098 58.238354662433267 31.431418970227242 68.254957428202033 169.66644598543644 73.181998806074262 48.399610897526145 89.406225500628352 51.373900936916471 62.329374976456165 59.730753278359771 347.63373866677284 58.772273367270827 93.953428968787193 75.504015035927296 769.32221052609384 318.21106653660536 49.83689615316689 49.840425653383136 48.704963168129325 87.899218134582043 293.01908770017326 92.716935444623232 562.32509448565543 44.496922655031085 113.29465642571449 131.33817802369595 210.62947564385831 74.980268621817231 250.39629278331995 44.404075112193823 62.117166139185429 63.956580949947238 140.89156373403966 73.83137983828783 77.180917693302035 46.563984306529164 83.993269888684154 52.342956151813269 43.955405749380589 53.135517165064812 184.61698258109391 99.259796250611544 85.657653855159879 54.378371924161911 84.68558849580586 39.32645564712584 226.77214523591101 41.487289344891906 127.24760483950377 137.20261135697365 83.988406397402287 74.375536171719432 239.92664811573923 102.97275932133198 260.8898157607764 287.12245541810989 146.31410275027156 129.89688487350941 94.553825616836548 473.63163529336452 151.26924759149551 75.889057923108339 61.65125054307282 102.50193101726472 51.696793507784605 71.366602459922433 94.794362878426909 371.91459771431983
leaf_count=1218 13597 2527 1036 938 827 3190 628 1078 1561 552 825 569 782 1083 1459 593 1243 550 391 1171 2405 1108 602 987 9480 3847 674 698 535 560 3679 953 6741 513 1969 1706 2480 833 3159 741 856 782 1808 942 880 630 1023 674 577 629 2130 1418 989 581 1084 496 2586 664 864 2594 973 924 2993 1156 4891 1907 1761 865 628 3126 973 986 737 1171 605 1008 1075 4054
internal_value=0 0.00031055 0.00344834 -0.00163756 0.00311402 -0.00374896 0.00297611 -0.00226171 0.00851466 0.00380932 0.0113405 0.0121987 0.0197987 0.028826 0.00656959 -0.00221957 0.00715697 0.0201414 -0.00960172 0.00623085 -0.0121514 -0.000185574 -0.0212064 -0.00895885 0.00756172 0.0112639 0.0155088 0.0257907 0.0323762 0.0401259 0.00967572 -0.00498788 -0.00259855 0.00533747 -0.01202 0.00791357 0.00446019 0.0184239 0.0119743 0.00849439 0.0119092 0.0180328 -0.00338862 -0.00173361 0.0172236 0.00723498 -0.00398118 0.0220089 -0.0268673 0.0150799 -0.00791292 -0.000895074 -0.0152392 0.00479727 -0.00718976 0.0264612 -0.012972 -0.000786897 -0.00500256 0.00318619 -0.00562269 -0.00404886 -0.0110796 -0.00720994 0.000568186 0.0061282 -0.00457437 -0.00846947 -0.0123385 -0.0150749 -0.0239114 0.000505842 0.00399948 0.00855933 -0.00116516 0.0198869 -0.0157222 -0.0186466
internal_weight=0 10662.6 4092.6 6570 2717.93 1687.19 782.145 571.907 2405.41 1065.76 475.84 1339.66 473.572 286.989 1910.06 589.918 243.558 154.152 905.045 122.06 782.985 341.397 441.587 346.36 1827.14 1057.82 739.611 259.627 209.786 161.081 479.985 807.873 715.156 186.583 172.067 866.083 659.764 206.318 449.135 117.323 159.298 314.353 199.13 142.086 210.237 123.745 133.83 276.71 148.457 346.155 412.61 227.993 152.831 102.778 183.945 224.367 302.276 85.8914 3852.07 264.45 3587.62 2796.99 790.624 1665.19 1131.81 548.012 583.795 1562.21 849.352 754.798 281.166 437.481 361.592 287.217 154.199 133.018 550.697 455.903
internal_count=131528 129733 49813 79920 33032 20576 9740 7194 29237 13422 6330 15815 5294 3057 23522 7092 2967 1724 10836 1562 9274 6267 3007 4125 22584 13104 9257 3252 2554 2019 6005 9510 8557 2237 3077 10521 7982 2539 5502 1974 1934 3941 2633 1724 2546 1510 1697 3697 1795 4308 5260 3130 1816 1174 2502 3023 3573 1405 46888 3458 43430 34335 9095 20345 13990 6798 7192 19189 5592 4964 1838 5431 4445 3521 1776 1745 6102 5027
is_linear=0
shrinkage=0.0454652


Tree=2
num_leaves=79
num_cat=0
split_feature=27 28 16 16 2 15 16 2 3 0 3 22 16 16 23 27 6 16 2 3 17 15 2 3 16 15 27 23 3 27 17 22 16 15 28 6 28 23 15 15 27 0 3 2 6 4 15 15 15 4 16 3 3 23 23 16 28 3 16 0 2 27 4 3 15 4 2 28 17 15 2 6 16 16 16 15 15 3
split_gain=31.5656 36.2416 27.2069 38.1751 23.7907 22.289 19.5419 29.6123 25.9835 22.3741 19.4327 17.6597 17.4689 38.0726 15.18 18.9253 14.2795 16.4718 26.1493 32.2505 36.6947 31.3638 26.4269 24.0769 21.4866 15.9809 16.9427 21.0531 23.5635 21.1923 15.2189 15.0538 14.9432 14.5006 14.1887 18.0469 14.0482 13.6315 15.2073 13.4436 13.2322 13.0443 12.4649 12.3985 21.0153 12.3397 11.7645 35.1213 13.842 11.351 18.6634 11.3086 22.382 15.2557 11.2877 11.0583 11.7092 10.7311 10.615 10.4519 13.4697 10.3877 12.6561 10.3746 10.3565 10.2898 10.1952 10.1524 10.1234 10.0189 9.86672 9.46543 15.7991 12.2837 14.5192 10.9188 9.40389 8.6045
threshold=0.35222910344600683 0.22706275433301928 0.91098394989967357 0.44332404434680944 1.419843912124634 9.2659730911254901 0.35286940634250646 0.7522699534893037 0.72028475999832164 0.52101463079452526 0.40361461043357855 -0.7452397048473357 0.15942772477865222 0.25406314432621008 0.34909661114215856 -0.72982063889503468 -7.6097426414489737 0.57597795128822338 0.58067572116851818 0.36176167428493505 53.500000000000007 4.3778991699218759 1.0127825140953066 0.54229289293289196 0.77699401974678051 19.615765571594242 0.71473535895347606 0.76796457171440136 0.40361461043357855 0.95032352209091198 81.500000000000014 -0.39340253174304957 0.87031853199005138 22.938351631164554 0.076279435306787505 3.4264321327209477 0.6835516393184663 0.6419544816017152 3.2421139478683476 11.401950359344484 0.95688340067863475 0.95823037624359142 0.26012130081653601 0.92247882485389721 5.0213804244995126 0.15066008269786837 17.565302848815922 21.186862945556644 24.307783126831058 0.65824809670448314 0.65199697017669689 0.76896047592163097 0.90999990701675426 0.68822142481803905 0.91665130853652965 0.67458954453468334 -0.60003554821014393 0.28966398537158972 0.55929669737815868 0.76465442776680004 0.48654703795909887 0.9279436767101289 0.44023996591567999 0.28611843287944799 16.791408538818363 -0.46194247901439661 0.74306887388229381 -0.24825246632099149 43.500000000000007 14.365822315216066 4.197211980819703 8.629892826080324 0.69267624616622936 0.24656188488006595 0.11081335321068765 22.651930809021 12.721874237060549 0.3122734278440476
decision_type=2 2 2 2 2 2 2 2 2 2 2 2 2 2 2 2 2 2 2 2 2 2 2 2 2 2 2 2 2 2 2 2 2 2 2 2 2 2 2 2 2 2 2 2 2 2 2 2 2 2 2 2 2 2 2 2 2 2 2 2 2 2 2 2 2 2 2 2 2 2 2 2 2 2 2 2 2 2
left_child=1 70 3 6 16 58 7 63 9 -8 -9 12 -12 -14 76 49 -2 18 21 34 40 30 23 36 55 26 41 28 -28 -29 -18 45 33 -27 57 42 -22 38 -13 -17 -21 -26 -36 44 -34 -23 -4 -48 -49 50 -16 53 -53 -6 -45 59 -57 68 -5 60 -19 62 -33 -3 65 -52 69 -25 -20 -41 -1 72 73 74 -55 -73 -7 -58
right_child=4 2 46 5 51 14 8 10 -10 -11 11 37 13 -15 15 39 17 24 19 20 22 31 -24 67 25 32 27 29 -30 -31 -32 61 43 -35 35 -37 -38 -39 -40 66 -42 -43 -44 54 -46 -47 47 48 -50 -51 64 52 -54 71 -56 56 77 -59 -60 -61 -62 -63 -64 -65 -66 -67 -68 -69 -70 -71 -72 75 -74 -75 -76 -77 -78 -79
leaf_value=-0.0053545638952864662 -0.012300149860312023 0.0083369216212751708 -0.001924172311027253 -0.0091280835039494711 -0.019039825582520892 0.027716283231041045 0.051594064800348491 -0.014125699562625762 -0.0015297323286550871 0.012483693420997446 0.003486840730476665 0.01207436110845894 0.054175524490522847 0.0075771776753582121 0.033387267169293286 -0.022236455586795642 -0.0087295132380811498 0.012055681815456812 0 0.023633171592657126 0.010754752757474291 0.019324855573473278 0.016577948531174284 -0.03423587091747219 0.010538458881860079 -0.00062957978359261572 0.018027937468511643 0.033495738251274186 -0.015549823555767709 0.0010105135783418095 0.019994656461904063 0.034195330383170214 -0.0099361991503648175 0.033143802291561296 -0.0020454569707875005 0.0093595483646169084 -0.017959825444145802 0.010038362945005574 -0.022028362796939274 0.017793368849039537 0.0037390968407939006 -0.01097712420789785 -0.030773981363815945 -0.034243557051487732 0.026548015237567058 0.045930351911970417 0.043937723176678808 -0.014291960812952385 0.015562559482031143 -0.0078994099578628095 -0.019965308127283497 -0.028319475547949124 0.0071932303819161273 0.0087313412682536781 -0.0029564972431280535 -0.020383409027198682 0.005912590361926727 -0.0065977102846878294 -0.028713447992392595 0.0075487379744793408 -0.015917628489331381 -0.0035222598890714205 0.0021122647580788783 -0.016318531997677455 0.015230621451859735 0.007114019815035311 -0.0099588746220926356 -0.0083230111708102582 0.028951108414132055 -0.0064821183973396224 0.0076744400290857011 0.025199708234042811 -0.019883682153822892 0.015358249249401481 -0.022207376166571931 -0.0019424175377395555 0 -0.0086475963854455214
leaf_weight=3774.287202488631 100.0513206589967 38.899877713993192 57.086377242580056 176.7569883055985 82.813862489536405 50.051746841520071 57.73699246533215 66.677441701292992 76.321420626714826 74.607599668204784 88.162586472928524 38.546065194532275 67.41649778559804 82.480865491554141 50.996962055563927 122.25092226080596 115.37803107500076 46.587992310523987 51.048608692362905 312.76813834346831 145.36527280323207 89.770581787452102 142.45696536451578 61.186631720513105 123.49437109008431 59.512147001922131 97.729407299309969 166.56917205266654 70.130400775000453 59.352666907012463 51.842484897002578 59.573378724977374 103.90667504258454 39.24666927754879 50.056910609826446 44.637180142104626 41.322083665058017 250.09507203102112 66.341901324689388 63.662246588617563 98.453961895778775 102.65143563598394 104.13887140899897 49.00390638038516 42.549738952890038 89.782169355079532 78.130779903382063 43.124458143487573 91.776749957352877 97.78096785210073 52.32603894919157 99.44451960735023 51.75458999723196 60.339047573506832 51.633383447304368 117.42818807996809 118.7452561929822 123.92809364199638 95.373253723606467 261.50274754501879 108.6120544206351 47.666765352711082 48.98983876593411 166.21571351028979 76.441366316750646 53.081534691154957 266.17320007272065 79.463391887024045 41.569777002558112 66.032259948551655 117.60388212092221 61.72935257665813 74.584051428362727 99.220640340819955 55.280461484566331 50.543914664536715 49.432580657303333 246.46292636170983
leaf_count=45995 1418 657 598 2137 1105 528 716 735 909 921 1212 588 855 987 717 1301 1727 588 621 4018 2031 1184 1757 766 1371 793 1075 1655 761 560 767 671 1519 574 644 540 487 3119 858 661 1225 1028 1290 527 403 1088 726 481 1172 1164 532 1170 585 697 576 1250 1510 1584 1168 2947 1387 618 631 2200 859 541 3368 937 563 857 1501 666 820 1141 602 629 535 2818
internal_value=0 -0.00217417 0.00200735 0.000366929 0.00281677 -0.00510376 0.00662707 0.00350253 0.0190318 0.0309377 0.00823151 0.0109063 0.0204373 0.0297329 -0.00172756 -0.00376223 0.00419798 0.00467491 0.00778087 0.00429008 0.00922245 0.0165745 0.000408514 -0.00659883 0.00164184 0.00635584 0.0107103 0.0163636 0.00367959 0.0253431 0.000155391 0.0245075 -0.00134393 0.013101 -0.00604308 -0.0147114 0.00389477 0.00421899 -0.00906524 -0.00918908 0.0190713 0.000538807 -0.0220495 -0.00743071 0.000772258 0.0336199 0.015547 0.0204015 0.00552829 0.0046047 0.0101072 -0.00526086 -0.0159801 -0.00171027 -0.0193986 -0.00337227 -0.00804824 0.00182012 -0.0164919 0.00195319 -0.00712051 0.0131407 0.0207523 -0.011338 0.00272616 -0.00612645 -0.00485188 -0.020581 0.0133909 0.00524867 -0.0049407 0.00189789 -0.00233282 0.00379468 -0.00590675 0.0129223 0.0146238 -0.00376831
internal_weight=0 6455.87 2563.98 2293.86 4400.28 1220.36 1073.5 864.836 208.666 132.345 659.72 593.043 238.06 149.897 948.23 848.745 3764.57 3664.52 1799.4 1296.4 881.016 503.003 469.794 327.337 1865.12 965.78 619.927 393.782 167.86 225.922 167.221 335.783 345.853 98.7588 415.379 198.833 186.687 354.983 104.888 518.119 411.222 226.146 154.196 247.094 146.456 179.553 270.118 213.032 134.901 330.627 232.846 635.71 151.199 484.511 100.637 899.339 482.636 216.546 272.13 416.703 155.2 156.23 108.563 205.116 181.849 105.408 395.868 140.65 92.6184 129.695 3891.89 401.697 289.424 214.84 115.62 112.273 99.4843 365.208
internal_count=131922 78598 31102 28125 53324 14368 13757 11211 2546 1637 8354 7619 3054 1842 11063 10000 45909 44491 23149 16463 11221 6686 5978 4221 21342 10842 6450 4051 1836 2215 2494 4192 4392 1367 5242 2474 2518 4565 1446 6187 5243 2399 1934 3025 1922 2272 2977 2379 1653 3813 2649 7415 1755 5660 1103 10500 5578 2768 3305 4922 1975 1920 1302 2857 1932 1073 4886 1703 1184 1518 47496 4555 3260 2440 1299 1295 1063 4328
is_linear=0
shrinkage=0.0454652


Tree=3
num_leaves=79
num_cat=0
split_feature=29 14 22 13 13 14 13 14 21 21 4 29 18 22 6 13 28 13 21 0 0 14 5 13 2 6 2 33 2 13 29 13 11 13 21 21 6 2 33 22 22 28 0 28 11 14 29 11 33 13 8 0 11 2 28 22 31 14 22 33 0 29 28 13 2 21 29 1 28 2 6 21 0 13 2 28 5 29
split_gain=52.574 37.9653 59.0678 44.0516 31.063 27.7594 25.6848 24.2665 26.3049 38.5244 24.5601 23.482 28.4536 22.8417 19.6626 18.8866 60.3299 21.2633 18.3508 17.7666 17.3803 16.6882 23.8461 15.3642 15.002 16.7441 14.6146 23.4406 14.3905 17.9399 19.9501 14.1455 14.1052 29.7975 14.6385 18.1918 17.2326 13.9627 13.8629 13.6922 13.2886 13.5878 16.5311 13.1884 20.8235 18.7431 18.9027 13.1591 13.1066 12.8854 12.5982 12.4475 12.9186 11.9209 25.6288 13.7153 13.1897 11.6295 11.5542 11.3622 10.9333 10.862 10.5444 10.3076 10.1916 10.0994 15.3961 9.8566 11.7999 9.79481 9.79459 9.76269 9.70655 9.29947 9.10946 8.93681 8.84362 8.7165
threshold=-0.60785761475563038 -7.4560420513153067 -0.25609861314296717 -0.010107879992574452 -0.086294468492269502 -16.010805130004879 -0.0079099894501268846 -2.6097148656845088 11.331831455230715 14.550053119659426 1.2101726531982424 0.6078576147556306 59.500000000000007 -1.1755350232124326 1.4100441932678225 0.06374381855130197 0.43245348334312445 0.04955588839948178 4.2282092571258554 0.74056315422058117 0.55220460891723644 -4.7087907791137686 1.568915128707886 0.039425874128937728 0.87688210606575023 3.993996381759644 1.09033739566803 0.9590476155281068 0.60865783691406261 0.089943870902061476 -1.0000000180025095e-35 0.076250329613685622 0.09343378990888597 0.050222272053360946 0.74866950511932384 -1.8589257001876829 -1.7642409205436704 0.80934584140777599 1.0013927817344668 0.51008379459381115 -0.65865451097488392 0.41268247365951544 0.8845326602458955 -0.90159028768539418 0.076756905764341368 -1.9433576464653013 -1.0000000180025095e-35 0.12702469527721408 0.99611112475395214 0.037440961226820953 -0.43076220154762263 0.43834514915943151 0.0096519612707197684 0.48654703795909887 0.65106672048568737 -0.80256089568138111 1.0000000180025095e-35 -4.0650339126586905 0.67729565501213085 0.9590476155281068 0.97257375717163097 1.0000000180025095e-35 0.9015902876853944 -0.049629449844360345 0.99671331048011791 0.28629142045974737 0.6078576147556306 1.21109014749527 -0.93585023283958424 0.59048122167587291 6.3852362632751474 1.1039370298385622 0.60743495821952831 -0.021009942516684529 1.09033739566803 0.098011311143636717 -1.334826588630676 0.87837970256805431
decision_type=2 2 2 2 2 2 2 2 2 2 2 2 2 2 2 2 2 2 2 2 2 2 2 2 2 2 2 10 2 2 2 2 2 2 2 2 2 2 8 2 2 2 2 2 2 2 2 2 10 2 2 2 2 2 2 2 2 2 2 10 2 2 2 2 2 2 2 2 2 2 2 2 2 2 2 2 2 2
left_child=18 2 4 26 11 -4 51 13 14 47 -11 12 19 -5 49 17 -17 20 -1 -2 -16 22 28 67 48 60 73 -28 65 30 37 58 33 34 35 -8 72 -30 -27 77 -32 42 -42 44 70 -45 -47 -10 -24 -9 -48 63 -53 54 -54 -55 -57 -33 62 -58 -26 -36 -25 -6 -19 76 -67 68 -23 -38 -22 -70 -37 -3 -63 -52 -15 -7
right_child=1 3 5 7 6 39 32 8 9 10 -12 -13 -14 21 15 16 -18 64 -20 -21 43 23 24 31 25 38 27 -29 29 -31 40 57 -34 -35 61 36 69 -39 -40 -41 41 -43 -44 45 -46 46 50 -49 -50 -51 75 52 53 55 -56 56 59 -59 -60 -61 -62 74 -64 -65 -66 66 -68 -69 71 -71 -72 -73 -74 -75 -76 -77 -78 -79
leaf_value=-0.037153826667170257 -0.030492679764084322 -0.020958322147385935 -0.0077746756879158605 -0.023064037080263673 0.0084905841041730094 0.0072301599188294855 -0.0032552336688277061 0.0067809115508579302 -0.0057529475112493645 0.031561027072777116 -0.0019459366242203611 -0.030510006001348695 0.029462365819173456 0.0028232921316601396 -0.016993529868395238 -0.003949732684427245 0.055076329129167254 -0.00061718738084473373 -0.0028465698067655786 0.006202748741006763 -0.0049069059465113706 -0.027132837911998723 0.0077256908764967384 0.0095633599852207683 0.0034520723754225273 0.028836783220836402 -0.0085252420251996346 -0.041521693612651886 -0.0087494850848102278 0.018053417428838908 -0.023192291311302762 0.006480175722750176 -0.01681080952740072 0.032942320066397926 -0.023815408256164183 0.041189912660912729 -0.017387542382371769 0.019449232479096884 0.0010806432160992234 -0.0030444264513089596 -0.024013809384464152 0.0084030847594481796 -0.0044439756948772141 -0.0019116489013583093 -0.027070898119801911 0.033641186257389787 0.024298655198424064 -0.027450567452670584 0.03678811333793678 0.038103508922583795 0.011123680379014978 -0.005361159149876873 0.043582533002387965 0.020096271477847021 0.0006743030014867362 0.0051371929573139847 0.0052661603697642572 -0.019932873233672703 -0.012637853709809939 0.023808517258709874 -0.02199058559612475 0.012796693071195108 -0.011688535972075793 0.039415483098589464 -0.023612548046141678 -0.010044785064057857 0.013234092803424797 -0.00094100201105579422 -0.028312304904970317 0.009391577036432926 0.021533511320175384 -0.0074437106738850815 0.014586062927182376 -0.001035622811472057 -0.015123622127219813 -0.0056490653950992484 0.02976274005812771 -0.002507139958800792
leaf_weight=98.363620784133673 48.720048973336816 70.765831520780921 893.26960576325655 110.0214823987335 43.78953505307436 873.29824045673013 246.44049921445549 56.743793107569218 118.03160845302045 62.949568375945091 130.3237417023629 63.051372395828366 47.46508639678359 56.266880750656128 59.197965513914824 82.746219146996737 56.572138320654631 88.556325703859329 52.785975387319922 50.501987835392356 56.527474390342832 95.83651733212173 75.282964438199997 352.07132894173265 71.706700563430786 66.854694835841656 96.209490843117237 92.134527184069157 55.77291913330555 57.228160189464688 137.4141239374876 43.717078778892756 62.570831203833222 67.110971549525857 64.270819364115596 43.57272625900805 39.345796143636107 84.031188145279884 87.033098025247455 670.78252573683858 128.07885286398232 90.140677584335208 309.7737374138087 172.83089034259319 50.16089334897697 91.993611976504326 95.176621481776237 130.34214136376977 64.724781014025211 62.825611924752593 171.51303224079311 78.428761361166835 71.193475212901831 303.19569169729948 50.596910741180182 687.45582584105432 124.30948574095964 109.26308327540755 70.609265062958002 183.34337139129639 57.951348945498466 49.611296452581882 50.347174264490604 65.152939694002271 76.195470159873366 131.36784015409648 99.591529443860054 218.32129278592765 50.398225042968988 76.596644436940551 48.829616650938988 515.5809512399137 118.86536680534482 154.86064202152193 39.79682145640254 97.382570181041956 51.164156613871455 231.74565641768277
leaf_count=1214 571 850 11916 1348 532 11346 3298 545 1402 841 1670 830 619 579 621 922 489 893 612 521 635 979 1381 3838 816 489 1822 603 616 740 1610 587 869 868 857 594 523 1020 1497 8598 1475 1058 3519 1883 538 1044 945 1378 430 747 1840 1055 949 3976 751 8792 2320 1476 704 1180 714 727 562 859 727 1512 1192 2469 590 1035 596 5583 1543 1983 558 975 534 2951
internal_value=0 0.000769007 0.00350211 -0.00192049 0.00834106 -0.00124483 0.00980841 -0.000712523 0.00365302 -0.00580457 0.0091476 -0.00819529 0.00163963 -0.00303142 0.00699549 0.0050653 0.0205647 0.00280135 -0.0258772 -0.0118366 0.00576455 -0.00228268 0.000887966 -0.00572768 0.0101312 0.00379078 -0.0160982 -0.0254588 -0.00235508 -0.0054949 -0.00731149 -0.000196402 0.00309633 0.00491448 0.00189019 0.00556516 0.0134804 0.00793171 0.0138817 0.00202269 -0.0106158 -0.00709812 -0.0104479 0.00762307 -0.00392517 0.0105628 0.0153711 -0.0175926 0.0221617 0.0243484 0.0103 0.0131363 0.0119371 0.0129393 0.0267446 0.011527 0.00879578 -0.012102 0.00362237 0.01664 -0.00787929 -0.0101699 0.00669376 0.0281729 -0.0118552 0.00547489 0 -0.00958762 -0.0123435 0 0.00724803 -0.00957713 0.0228507 -0.00775817 0 0.00487697 0.016711 0.0051424
internal_weight=0 10657.9 5294.48 5363.42 2625.39 2669.1 2415.65 4949.45 1708.9 441.647 193.273 209.738 146.687 3240.55 1267.25 1147.68 139.318 1008.36 151.15 99.222 843.613 3130.53 1624.38 1506.14 423.554 283.546 413.97 188.344 1200.83 862.44 805.211 626.008 808.182 745.611 678.5 524.821 278.381 139.804 153.888 1775.83 665.407 527.993 437.853 784.415 155.518 628.897 456.066 248.374 140.008 119.569 364.072 1607.47 1498.52 1420.09 121.79 1298.3 995.109 152.98 473.028 307.653 129.658 153.679 402.419 108.942 164.752 338.39 230.959 880.137 661.816 115.942 105.357 565.979 162.438 225.626 89.4081 268.896 107.431 1105.04
internal_count=131731 129905 68638 61267 33827 34811 31286 56009 18691 5291 2511 2541 1711 37318 13400 12108 1411 10697 1826 1092 9077 35970 19182 16788 5327 3516 5258 2425 13855 10038 9298 7167 10872 10003 9135 6993 3695 1636 1986 22895 7662 6052 4994 8456 1769 6687 4804 2780 1811 1292 3760 20414 19023 17968 1700 16268 12292 2063 5104 3500 1530 2142 4400 1391 1620 3817 2704 9621 7152 1558 1231 6173 2137 2833 1285 2815 1113 14297
is_linear=0
shrinkage=0.0454652


Tree=4
num_leaves=79
num_cat=0
split_feature=29 14 13 1 13 16 29 21 18 13 0 0 5 18 21 21 21 13 16 32 21 21 29 0 29 23 13 12 12 14 23 16 11 16 32 13 0 13 5 23 0 32 9 21 16 11 0 29 21 23 13 11 12 21 11 23 13 23 16 13 13 12 23 12 14 4 13 23 13 11 13 12 13 13 29 12 29 4
split_gain=54.1731 44.4085 36.5192 34.9028 34.7388 35.4656 27.4119 19.3282 25.4629 19.2505 24.5776 18.1649 17.617 17.6117 17.5034 42.4708 22.9763 27.7446 18.5009 17.4671 21.6756 16.6317 15.1524 15.076 13.7921 12.6249 18.5316 20.2234 14.6846 18.4001 12.0498 11.6798 24.3484 20.7649 21.1946 17.3919 15.3334 15.2602 12.4431 11.3456 12.4802 11.1861 16.456 13.5838 14.4626 28.6003 27.4296 16.9724 42.6897 18.2717 12.927 16.8084 11.2302 16.4661 13.5566 11.0075 10.9843 10.9555 10.8145 10.7272 19.9355 11.0719 20.5819 10.395 10.2187 12.2907 9.69098 9.65903 9.45793 12.5685 10.8253 9.14782 9.07599 10.5833 20.2107 9.05228 8.97984 12.7326
threshold=-0.60785761475563038 -7.7153582572937003 -0.086294468492269502 0.62516388297081005 -0.010537162888795136 0.58824092149734508 -1.0000000180025095e-35 -15.846765995025633 61.500000000000007 0.069052677601575865 0.5958106815814973 1.6891733407974245 1.8303309679031374 71.500000000000014 8.1679577827453631 2.998349785804749 15.180628776550295 0.053665287792682655 0.90776243805885326 1.0000000180025095e-35 0.74866950511932384 4.2282092571258554 1.0000000180025095e-35 1.1566135287284853 1.0000000180025095e-35 1.2918069958686831 0.077947549521923079 0.020051446743309501 0.15267430990934375 -5.1168336868286124 0.53888216614723217 0.46092945337295538 0.033287825062870986 0.36109177768230444 1.0000000180025095e-35 -0.0079099894501268846 0.7766501009464265 0.050222272053360946 -0.60931408405303944 0.75265201926231395 0.99859184026718151 1.0000000180025095e-35 0.15894068032503131 -1.2637376785278318 0.67458954453468334 0.021631171926856044 0.81632515788078319 0.87837970256805431 5.5364832878112802 0.39684779942035681 0.02643462456762791 0.088948864489793791 -0.030131870880722996 0.11181953176856042 0.031042410992085937 0.61510300636291515 0.084627825766801848 0.44316869974136358 0.52165070176124584 0.059511771425604827 0.045301778241992004 0.073137536644935622 0.87115079164505016 0.018726299516856674 -2.787331104278564 1.6761128306388857 0.032603044062852866 0.75265201926231395 0.010482620447874071 0.022037391550838951 0.048187768086791045 0.019390788860619072 0.055144086480140693 0.041967166587710387 0.6078576147556306 0.12544197589159015 0.6078576147556306 1.4742808341979983
decision_type=2 2 2 2 2 2 2 2 2 2 2 2 2 2 2 2 2 2 2 2 2 2 2 2 2 2 2 2 2 2 2 2 2 2 2 2 2 2 2 2 2 2 2 2 2 2 2 2 2 2 2 2 2 2 2 2 2 2 2 2 2 2 2 2 2 2 2 2 2 2 2 2 2 2 2 2 2 2
left_child=21 2 7 31 5 -3 14 -2 -9 12 57 -5 41 30 15 19 17 -16 -17 20 -6 -1 -10 -7 -15 26 27 -12 29 -28 -14 33 58 35 36 -4 71 -34 -37 -32 -41 43 50 -8 46 55 52 49 66 -47 -43 -52 -45 -54 -55 -46 -19 -11 -33 60 61 64 -63 -48 -26 -66 -49 -22 69 -42 76 -35 73 -51 -75 -62 -70 -78
right_child=1 4 3 11 6 23 9 8 22 10 25 -13 13 24 16 18 -18 56 -20 -21 67 -23 -24 -25 59 -27 28 -29 -30 -31 39 32 37 34 -36 38 -38 -39 -40 40 68 42 -44 44 45 47 63 48 -50 72 51 -53 53 54 -56 -57 -58 -59 -60 -61 75 62 -64 -65 65 -67 -68 -69 70 -71 -72 -73 -74 74 -76 -77 77 -79
leaf_value=-0.038051024938405641 0.011814474017467906 0.002919362403331089 0.012098386053097012 0.0032179216442512976 0.021204917792021185 -0.029643738546866243 -0.027279678356694037 -0.025076049535940999 0.021833536282197731 0.0047446768920917648 -0.0056920627279052373 -0.0062944229066986528 0.023705235171020852 -0.016956483864204508 0.0072340520845287594 0.013248414932181126 0.02062941781628384 -0.028685589297425922 0.037958255066412143 -0.022236466562994821 -0.020236458270325098 -0.0041749742297309215 -0.013884608388548504 -0.0036505709383144874 -0.0029041726604976687 -0.019914814995591744 0.015272110001307217 0.029719723960618578 0.019385345324118612 -0.01655036172106087 -0.0094390058190468445 0.0021305524005361194 -0.014730401099119597 0.049479910677789701 0.00099919982569071945 0.0033651591989941445 0.0073879451336640953 0.011390243442475807 -0.023732124695827542 0.013406521661103362 0.0083176092216883553 -0.013909193268384225 -0.022351310262550623 -0.027710215408467642 0.027615837971786523 0.0073534514223914721 0.020379373737933606 -0.026937257232002944 0.031260404937497398 -0.022962419510094041 0.014512898458230797 -0.017214374771621178 0.017873714929750175 -0.023008533321665445 0.0033940116221413625 0.00029005122212739655 -0.0033914270550490207 0.038696427568905636 0.035254772297805936 0.016265364597608353 -0.029089812038568121 -0.025425754223549316 0.0017575977332431937 -2.2409556902041479e-05 0.029640186759577664 0.00052058599826257672 -0.0020650593297234479 0.0034854825297345937 -0.00097273346429218839 -0.019293407591841276 -0.01254564117472202 0.021099858722844537 -0.034252311380698189 0.010974522314477448 -0.025943267304979936 -0.0031988531908232801 0.031654837914631709 0.0036404364775570993
leaf_weight=95.698104206472635 58.346805911511183 148.49794089794159 700.08261784911156 2922.1729326751083 77.514491491019726 221.70699975825846 50.946151863783598 192.65503192134202 44.556950094178319 37.436303386464715 48.291019953787327 476.93418017216027 53.822155637666583 173.77862668782473 127.18707739003003 329.1283651124686 64.614866709336638 109.97515270113945 81.114774374291301 75.792310491204262 65.957875682041049 49.309638598933816 44.494452496990561 65.140720468014479 103.30681131966412 51.502595050260425 43.831002406775951 84.709490379318595 40.395130474120378 158.55465627089143 139.30772165954113 39.68859270401299 141.11648260429502 82.902713743969798 66.194824017584324 117.74527452886105 47.860856145620346 62.300977535545826 44.174291592091322 217.65227292850614 47.349133856594563 189.45244060829282 224.9660669695586 44.765869641676545 47.026173042133451 51.023774333298206 151.09602765738964 63.52674712613225 56.222099851816893 176.75790263898671 98.604861330240965 47.200318589806557 52.105984207242727 81.015864569693804 69.183465804904699 84.93161579221487 60.094263320788741 52.895830757915974 48.34005524776876 52.372291639447212 79.838288716971874 77.591593030840158 184.08573122508824 70.244678659364581 61.53849058970809 61.872198585420847 72.53173846565187 64.026273757219315 102.20119413547218 90.724509663879871 55.144136695191264 56.409991946071386 82.961262028664351 67.013492295518517 48.970609424635768 50.351532189175487 59.138122288510203 83.854871464893222
leaf_count=1187 720 1906 9165 37633 911 2540 510 2153 638 520 592 6244 540 1884 1414 3913 844 992 815 817 743 576 512 1043 1317 591 641 862 499 2052 1568 546 1815 1042 840 1678 611 903 634 2533 565 2074 2473 567 546 452 1583 649 562 1925 1114 518 556 917 864 1002 710 763 733 533 827 892 2232 716 640 667 754 786 1100 1078 644 768 1047 721 577 568 684 985
internal_value=0 0.000306729 0.00334956 0.00437811 -0.00251491 -0.0147932 -0.00144573 -0.0109246 -0.0159065 -0.00315683 0.00495851 0.00186294 -0.00436686 -0.000987722 0.00504846 0.00927651 -0.00293449 -0.0084287 0.018578 -0.0040961 0.00260082 -0.0272888 0.00363703 -0.0240427 -0.00564491 0.000202437 0.00327254 0.0167198 -0.00405134 -0.00925644 0.00359269 0.0103976 0.00205583 0.0125183 0.024008 0.00898751 0.0316949 -0.00642856 -0.00413568 0.00205649 0.00461463 -0.00745805 -0.0128526 -0.00500714 -0.00394873 -0.00785808 0.00222931 -0.0119856 -0.000480064 -0.0170029 -0.00614267 0.0037274 -0.00800269 -0.0029433 -0.0107632 0.0109236 -0.0203172 0.0259566 0.0216068 -0.00255804 -0.00432632 0 -0.0063861 0.0138052 0.00722501 0.0159081 -0.0144729 -0.00843774 5.61236e-05 -0.00951479 0.00468501 0.039257 -0.0204827 -0.0159984 -0.00455893 -0.0198416 0.00889796 0.0161156
internal_weight=0 10678.8 5145.98 4805.92 5532.84 435.346 5097.5 340.053 281.706 4042.09 517.616 3399.11 3524.48 1693.93 1055.41 693.534 361.871 297.256 410.243 283.291 207.499 145.008 89.0514 286.848 844.736 427.284 375.781 133.001 242.781 202.386 849.194 1406.82 291.446 1115.37 253.368 862.002 187.174 203.417 161.92 795.372 656.064 1830.55 560.224 1270.32 1219.38 750.965 468.412 619.008 192.281 426.727 335.258 145.805 247.071 202.305 150.199 131.958 170.069 90.3321 88.0286 670.957 618.585 488.395 261.677 221.341 226.718 123.411 136.058 129.984 438.412 138.074 300.338 139.313 375.703 292.742 115.984 130.19 245.194 142.993
internal_count=131736 129973 66635 62612 63338 5489 57849 4023 3303 45904 6520 43877 39384 19257 11945 7985 3960 3116 4728 3257 2440 1763 1150 3583 9560 5237 4646 1454 3192 2693 9697 18735 3997 14738 3261 11477 2421 2718 2312 9157 7589 20127 6179 13948 13438 8235 5203 6687 1965 4722 3706 1632 2904 2337 1781 1548 1702 1283 1279 7676 7143 5748 3124 2299 2624 1307 1403 1529 5056 1643 3413 1810 4270 3223 1298 1395 2769 1669
is_linear=0
shrinkage=0.0454652


Tree=5
num_leaves=79
num_cat=0
split_feature=30 18 18 16 3 2 23 16 0 2 3 18 6 3 2 18 3 6 20 2 2 2 6 3 0 30 3 23 3 2 20 3 6 16 2 9 3 20 9 23 3 3 18 16 18 30 0 16 2 3 16 20 23 3 3 20 2 23 23 16 30 23 18 18 3 5 2 3 6 3 0 6 16 5 3 16 2 6
split_gain=26.9292 63.7027 32.3569 47.446 30.0832 28.7625 23.5622 21.8682 26.6046 23.742 22.4735 20.4718 20.0705 21.917 19.6352 22.191 18.7045 16.9854 16.5765 16.33 14.6162 14.5216 17.0101 30.2637 20.307 23.8981 16.2912 25.5378 20.7325 22.3588 23.5961 15.0316 14.7284 14.3626 14.1769 13.3543 13.292 20.2916 17.5763 13.2752 12.9664 15.7825 15.6672 12.9065 12.7302 11.7969 18.6615 17.7887 16.3173 28.092 20.3786 14.021 14.8382 12.7467 13.7838 12.1878 13.5786 11.199 10.9568 10.9542 10.7841 10.7378 10.2186 10.0118 11.2642 9.83847 11.1312 10.4323 9.59614 9.43258 13.368 9.35349 21.4489 27.1606 23.923 18.8938 18.9955 17.8378
threshold=-0.56174489110708226 72.500000000000014 66.500000000000014 0.60405150055885326 0.73105365037918102 0.67226174473762523 1.3451102972030642 0.78042379021644603 0.5958106815814973 1.617136597633362 0.48196534812450414 83.500000000000014 1.8832781314849856 0.91586557030677807 1.3328914046287539 84.500000000000014 0.29990671575069433 6.629406452178956 5.5623028278350839 1.007126033306122 0.61341494321823131 0.79198092222213756 -1.5792003870010374 0.77737960219383251 0.60364127159118663 1.0000000180025095e-35 0.3122734278440476 0.83881008625030529 0.19442226737737658 0.64091819524765026 -1.0032168030738828 0.40361461043357855 -13.43602132797241 0.84731388092041027 1.1953549981117251 0.24033547937870028 0.34503790736198431 -0.57167118787765492 0.29276648163795477 0.62307655811309826 0.38818165659904486 0.59377011656761181 22.500000000000004 0.46092945337295538 19.500000000000004 0.81174489855766307 0.47093896567821508 0.24656188488006595 0.92247882485389721 0.61168324947357189 0.92039778828620922 1.0717419385910036 0.9097878932952882 0.60556471347808849 0.73412626981735241 1.8460655808448794 1.9384822249412539 0.97900775074958812 0.7649136781692506 0.48290918767452246 0.81174489855766307 0.4164456725120545 79.500000000000014 89.500000000000014 0.4720743596553803 5.6283488273620614 1.3890150785446169 0.60556471347808849 4.6924128532409677 0.37879064679145819 0.90980237722396862 -6.9768261909484854 0.43484169244766241 -4.1941378116607657 0.24981635808944705 0.22749124467372897 0.61341494321823131 -0.23524219542741773
decision_type=2 2 2 2 2 2 2 2 2 2 2 2 2 2 2 2 2 2 2 2 2 2 2 2 2 2 2 2 2 2 2 2 2 2 2 2 2 2 2 2 2 2 2 2 2 2 2 2 2 2 2 2 2 2 2 2 2 2 2 2 2 2 2 2 2 2 2 2 2 2 2 2 2 2 2 2 2 2
left_child=2 6 71 5 7 11 12 69 -9 10 33 -4 21 20 -6 -16 -7 -8 -17 -12 -14 26 24 31 25 -23 28 61 39 30 -30 -24 44 -10 60 45 -18 -38 -39 -2 -29 42 57 -37 -26 47 -47 -3 49 51 55 52 -49 62 -55 -50 -57 -42 63 -22 -33 -28 -48 -45 -65 66 -60 -67 -53 -5 -71 -1 74 -74 -73 -76 -77 -75
right_child=1 35 3 4 14 16 17 8 9 -11 19 -13 13 -15 15 18 36 -19 -20 -21 59 22 23 -25 32 -27 27 40 29 -31 -32 34 -34 -35 -36 43 37 38 -40 -41 41 -43 -44 58 -46 46 53 48 50 -51 -52 68 -54 54 -56 56 -58 -59 65 -61 -62 -63 -64 64 -66 67 -68 -69 -70 70 -72 72 73 77 75 76 -78 -79
leaf_value=-0.0060557034122171137 -0.027861352761757052 -0.030285015028031523 0.054771677426437244 0.0028839035000051824 0.036610322812507784 0.034806048203324447 -0.007914109522110916 0.028521624706879051 0.014602034399912436 -0.016822088751796596 0.033053146048305448 0.020036776310260358 0.0087814444304897214 0.023816674930759136 -0.0078774321214999631 0 -0.015041113735053808 0.011100201387306864 0.03340767823652372 0.0049016552361395033 -0.025888017061876663 0.045118657037768573 0.0065200235477590194 -0.0088334816677035927 0.032378483834307761 0.0076371159179288725 0.00834691822057145 -0.0096545567681386446 0.040219394195629234 -0.010433530784883731 0.009227155572200758 0.02474994828788276 0.001178297799531721 -0.011143721990535302 0.007121461620484229 0.0090124149342088074 -0.0089589803312960167 0.02303448318866352 -0.0066428881015973126 0.0058610604503669551 -0.008272445420521881 -0.0055338596984449307 0.033421813514118826 -0.02540058081792048 0.00035001990385830214 0.0088100544813738847 -0.0059264742430795497 -0.0075184652981697712 -0.0059176388198749711 -0.02516255371237968 0.0086880343317481141 0.023633677139978843 0.020681308741306095 0.0058444738692469351 -0.020276118124503868 -0.026572961319615646 -0.00300400370673016 0.020063421088770704 0.011616914660285789 -0.0066651838483381678 0.054247205033307537 -0.01343230867221216 -0.028716392886047628 0.010249110463392904 -0.016527607520826122 -0.02678013493077416 -0.011546497675257814 -0.0012508393163944453 0.00080186806613794588 -0.022943247427761805 -0.00047693814580614254 0.034049635215209657 0.025046837823683006 -0.011677381786059362 -0.0054897345550296069 0.030790559954693188 0.0054008301307478437 0
leaf_weight=499.8216475751251 41.489057688042521 62.731640797108412 61.205880869179964 69.489416787400842 64.353156229481101 57.01314764842391 711.1101080942899 71.947449577972293 55.711882678791881 129.99260679446161 73.163268299773335 109.76607249677181 100.2905570268631 49.145963644608855 96.533337347209454 53.492378450930119 43.726854620501399 106.7881067506969 75.543223656713963 109.93867837078869 72.574131248518825 49.612426538020372 89.108560938388109 73.175111226737499 57.925416044890881 121.08217085339129 48.028905754908919 76.445720495656133 79.991746757179499 55.048972183838487 151.74878551997244 90.560909790918231 1062.2963041681796 166.29676781222224 49.407268933951855 151.77916490472853 78.146984122693539 192.64879392832518 47.239415803924203 44.97733853943646 51.866622978821397 77.211621461436152 77.193807542324066 87.417225757613778 49.268316492438316 51.637648563832045 58.799969015643001 191.88332769833505 221.31741753965616 70.504102259874344 88.235134426504374 101.3370268214494 43.601321879774332 74.778161823749542 81.375129871070385 207.62981109879911 74.267465243116021 53.132410902529955 158.18010598607361 418.24895537644625 54.086325816810131 359.39052669331431 236.17898183688521 52.411043165251613 69.472832785919309 45.378860715776682 52.78204957395792 114.93640005961061 67.153561018407345 161.93771154619753 88.680973872542381 59.333123655989766 64.092554811388254 430.517643654719 235.96012892201543 74.427860068157315 319.68544859625399 704.80566441081464
leaf_count=6397 640 882 874 863 792 609 8795 874 638 1361 696 1386 1138 657 1175 647 478 1445 933 1126 937 631 1050 928 718 1518 498 972 1077 794 2006 933 13275 1949 552 1850 1071 2497 574 752 579 1008 986 1015 506 637 676 2307 2636 845 952 1116 531 768 1015 2301 1049 667 1661 4821 650 4533 2725 535 821 498 728 1461 690 1824 899 786 788 4839 3521 908 4176 8235
internal_value=0 -0.00173561 0.00291594 0.00750121 0.0023064 0.0180502 0.00156948 -0.0016578 0.00335207 -0.000132097 0.00521869 0.0337381 0.00322191 -0.00398289 0.0149965 0.0080763 0.0112659 -0.00532935 0.0202534 0.0168868 -0.00652374 0.00488246 0.00753106 0.0163746 0.00510077 0.0196102 0.000801691 -0.00304151 0.00853405 0.0144476 0.0206433 0.0230917 0.00288057 -0.0043201 0.0301638 -0.00772068 0.0070754 0.0104198 0.016977 -0.0103082 0.00610904 0.0110173 0.018261 -0.00251223 0.0186492 -0.0100168 -0.0158885 -0.00731033 -0.00580218 0.000385778 -0.0108169 0.00517144 -0.00182987 -0.0188764 -0.00763305 -0.0143755 -0.0206658 0.0058335 -0.00565044 -0.00979631 0.0372946 -0.0106889 -0.0244797 -0.0138759 -0.00466719 -0.000783001 0.00548541 -0.00925979 0.0150509 -0.0112315 -0.0153203 -0.000538966 0.000905025 -0.00273747 0.00729131 0.00449148 0.0105849 -0.00443298
internal_weight=0 6634.99 4195.47 1806.83 1217.08 589.747 4271.21 927.159 607.051 535.103 405.111 170.972 3453.31 640.26 289.922 225.569 418.775 817.898 129.036 183.102 591.114 2813.05 1696.52 356.338 1340.18 170.695 1116.53 743.27 373.256 286.79 231.741 283.163 1169.49 222.009 194.055 2363.79 361.762 318.035 239.888 86.4664 335.85 259.404 182.193 732.358 107.194 1631.43 502.77 1128.66 1065.93 474.479 591.45 403.975 235.485 451.132 156.153 503.215 281.897 104.999 580.579 490.823 144.647 407.419 294.979 209.301 121.884 371.277 210.962 160.315 168.491 320.108 250.619 2388.64 1888.82 1199.42 689.407 630.073 394.113 1135.32
internal_count=131681 80765 50916 21266 13777 7489 53066 10230 6644 5770 4409 2260 42826 7553 3547 2755 5229 10240 1580 1822 6896 35273 20761 4113 16648 2149 14512 9243 5269 3877 3083 3185 14499 2587 2135 27699 4620 4142 3071 1392 4212 3240 2232 8569 1224 19130 5821 13309 12427 5489 6938 4644 2838 5184 1783 5986 3350 1246 6719 5758 1583 5031 3401 2371 1356 4348 2389 1959 1806 3586 2723 29650 23253 13862 9391 8605 5084 13074
is_linear=0
shrinkage=0.0454652


Tree=6
num_leaves=79
num_cat=0
split_feature=21 0 20 15 3 15 1 11 11 12 3 3 3 11 21 15 21 15 0 12 0 21 12 0 12 33 33 3 15 0 11 20 21 5 11 18 21 5 18 18 33 11 3 3 3 12 32 3 3 17 33 3 15 5 21 18 5 5 0 20 18 11 5 11 33 3 3 3 3 3 17 33 5 3 17 0 12 33
split_gain=18.1969 34.1962 34.5076 25.7795 29.7281 20.0394 18.1909 18.0775 27.25 26.6928 37.3269 18.3173 30.7739 21.8603 16.2263 21.1536 27.3866 26.4287 24.342 23.5339 21.9088 20.0065 21 17.8847 17.6495 31.2303 16.4709 28.325 35.9305 26.9216 20.161 31.8449 15.8604 16.7942 15.2817 15.0288 14.7069 16.5428 14.5999 13.4979 13.1772 15.489 12.6594 18.4049 13.154 12.6036 21.3427 23.2227 27.7639 21.1991 20.1016 18.9913 49.295 19.6602 13.3764 12.7952 17.8154 12.5704 12.4988 15.0426 12.4771 18.3336 12.1241 11.2523 13.497 11.1954 11.1797 10.9306 10.5399 10.4217 10.0864 9.96144 9.73526 10.1184 20.2544 25.8124 19.5427 33.6908
threshold=1.0000000180025095e-35 1.5193263292312624 3.1358755826950078 5.2109196186065683 0.87238886952400219 12.244857788085939 1.0047823786735537 0.10223751887679101 0.043856251984834678 -0.075112745165824876 0.81785786151885997 0.68727469444274913 0.29802863299846655 0.1664596498012543 3.7468047142028813 19.992835044860843 14.550053119659426 29.381448745727543 0.50944951176643383 0.0071281432174146184 1.1917126774787905 10.041567325592043 0.074589464813470854 1.5524206161499026 0.055720567703247077 2.0062500238418584 0.99611112475395214 0.61428228020668041 13.532823562622072 0.99114263057708751 0.061782857403159148 0.46711941063404089 10.245564460754396 0.2277723625302315 0.086204137653112425 9.5000000000000018 11.571187973022463 3.8510341644287114 17.500000000000004 76.500000000000014 0.99393379688262951 0.01874383166432381 0.33040916919708258 0.43565839529037481 0.40122389793396002 -0.024451578035950657 1.0000000180025095e-35 0.47048982977867132 0.62797316908836376 76.500000000000014 2.9781250953674321 0.28966398537158972 7.4000742435455331 0.96132138371467601 -1.5310364365577696 34.500000000000007 0.96132138371467601 6.8338983058929452 1.0701367855072024 2.5425305366516118 45.500000000000007 0.068704996258020415 -1.0440369844436643 0.03884811885654927 1.0013927817344668 0.36176167428493505 0.96788653731346141 0.67501461505889904 0.46072389185428625 0.34503790736198431 4.5000000000000009 1.0013927817344668 -4.4679553508758536 0.40361461043357855 58.500000000000007 0.84134694933891307 0.03155620954930783 0.99611112475395214
decision_type=2 2 2 2 2 2 2 2 2 2 2 2 2 2 2 2 2 2 2 2 2 2 2 2 2 8 10 2 2 2 2 2 2 2 2 2 2 2 2 2 10 2 2 2 2 2 2 2 2 2 8 2 2 2 2 2 2 2 2 2 2 2 2 2 8 2 2 2 2 2 2 8 2 2 2 2 2 10
left_child=1 2 3 7 5 6 45 8 9 10 -1 12 13 -9 24 18 19 20 -16 32 -18 22 26 36 72 -26 60 29 -29 30 -28 -32 33 -17 -31 -12 -21 -38 -13 63 68 -42 -10 44 62 55 47 49 50 51 -49 52 -47 65 -48 -5 -57 -19 59 -41 61 -20 -44 -24 -65 -53 -37 -8 -11 -55 -22 -23 -2 76 75 -75 -74 -78
right_child=14 -3 -4 4 -6 -7 67 11 42 40 35 38 -14 -15 15 16 17 57 21 23 70 71 39 -25 25 -27 27 28 -30 34 31 -33 -34 -35 -36 66 37 -39 -40 58 41 -43 43 -45 -46 46 54 48 -50 -51 -52 53 -54 69 -56 56 -58 -59 -60 -61 -62 -63 -64 64 -66 -67 -68 -69 -70 -71 -72 -73 73 74 -76 -77 77 -79
leaf_value=0.035830234063379235 0.0098058124789845019 -0.0080944202289784471 -0.023348089136959925 0.00031308259329527273 -0.012442350415032567 -0.0082237610619805192 -0.00034603053099492597 0.018274916828091708 -0.0051536622960873194 0.013520412524889251 0.015959316630687888 0.024692401678984462 -0.016565597123934673 -0.01453579991694234 -0.016371357229630967 -0.015117993497192493 0.039655755124899161 -0.02065647831411533 -0.0038418872764735901 -0.0090136112899611466 -0.0084698734253849921 0.028921143180976473 0.025574864994771431 0.0071943555973066923 -0.022916073487580478 0.0010842208953425361 0.0050539569415604824 0.012146573363310263 -0.024927523165918678 0.014449532993561616 0.0081251859987640264 0.04302977044067588 0.031775401820876424 0.015646894427949715 -0.011258112180971823 -0.029891604406566571 -0.0073963618179029959 -0.033319722302980595 -0.0064858922038063512 0.001769774999906639 -0.021255930422567834 -0.0022015031521633319 -0.0047391450845004103 0.008069955932478088 0.045273646802878389 -0.0028251506948218153 0.012859667054820965 0.063303100238864068 0.0043836558861177306 0.035592189264472406 0.022239645614499228 -0.024414663903038963 0.047984773039962861 0 -0.01907547176207005 0.035011326339419301 0.002619072350673545 0.0059352637619711525 0.0012629890614425684 -0.021560797059889149 -0.0038932727336505055 0.027559561594823142 0.030205163476969159 -0.013271133994639746 0.014688213349517023 0.001428912365320221 0.0011173968144312992 0.018652975784087988 -0.0046780406745355425 0.029493759621584979 0.01854446191058343 0.0038575615300953858 -0.0023782362291121777 -0.022643673069154376 0.00072613375641369124 -0.0046127824336614671 -0.0056054086761693003 0.042524405311518264
leaf_weight=79.101724343374372 115.3738476485014 600.4556761495769 92.485931819304824 231.80503480695188 127.66035372950137 111.4070512726903 342.6766060218215 112.25775701925159 99.523366136476398 86.654261710122228 50.778147423639894 63.342779871076345 361.608367966488 60.536529013887048 120.80203518271446 73.514202618971467 63.594024138525128 67.470002697780728 73.112614104524255 470.39584575034678 49.215526606887579 93.765241220593452 42.025111302733421 88.18333469145 256.41442820429802 189.52905446104705 94.712209813296795 125.38836083561182 88.079313315451145 94.430240012705326 91.21307609975338 154.49089048057795 36.266821699216962 65.30974131077528 87.770015187561512 41.785007696598768 92.60586978495121 137.69230499863625 51.453114686533809 75.893793044611812 187.40239442884922 177.09588484466076 35.451760694384575 579.43598199076951 49.863912001252174 75.454819368198514 55.884317299351096 67.643386617302895 47.929383018985391 84.292741723358631 54.822634845972061 55.354046273976564 74.067699497565627 46.474501207470894 45.003374310210347 63.27626689337194 82.300306525081396 68.579200441017747 157.05658723600209 183.91611679457128 403.28524461202323 70.14751554094255 36.595631886273623 73.484802305698395 61.911644564941525 74.317473109811544 43.879212280735373 71.244673976674676 234.07762398943305 53.860686503350735 54.88531849347055 58.81218520924449 605.90395006164908 247.26533282734454 546.96028630807996 509.0405503846705 57.373537570238113 54.046936802566051
leaf_count=990 1390 7686 1108 2902 1680 1508 4071 1481 1518 1731 626 820 4543 827 1389 1142 840 950 1376 5600 638 624 649 1027 1754 3459 648 837 572 605 616 953 576 879 552 518 1250 1527 616 842 1262 1161 521 7802 654 947 752 449 583 1037 932 639 820 525 539 795 906 987 1836 2030 6689 1231 544 479 1145 812 587 828 4718 648 668 1053 7438 2803 6166 5881 1063 378
internal_value=0 0.00199634 0.00345399 0.00409057 0.00823935 0.00990805 0.0112817 0.000945251 0.00342442 -0.00195499 0.0117809 -0.00545913 -0.00904589 0.00643403 -0.00175552 0.000286625 -0.0043476 0.00740411 0.00304445 -0.00811655 0.019362 0.0042547 0.00291447 -0.0114771 -0.00447402 -0.0126901 0.00619699 0.0106183 -0.00310726 0.0162978 0.0237871 0.0306122 0.00666871 -0.000269761 0.00182841 -0.00245074 -0.0139242 -0.0234143 0.0105649 -0.00408249 -0.00639069 -0.0122575 0.00951469 0.0116831 0.0276506 0.014313 0.0178257 0.020902 0.0353983 0.0152096 0.0466176 0.0102247 0.0226334 0.00169554 -0.00110904 0.00722496 0.017596 -0.00712185 -0.00857778 -0.0146389 0.000119267 0.0115406 0.013038 0.00616617 -8.09096e-05 -0.00964721 -0.0141367 0.00295775 0.000196787 0.0166258 0.0054845 0.0199241 -0.00271493 -0.00347228 -0.00585788 -0.0106619 0.000802979 0.017997
internal_weight=0 4809.26 4208.8 4116.32 1765.48 1637.82 1526.41 2350.84 1701.64 900.774 215.544 649.199 534.403 172.794 5999.92 3418.01 1267.71 303.744 2150.3 963.968 167.695 2029.49 1876.92 788.877 2581.91 445.943 1282.63 736.084 213.468 522.616 340.416 245.704 175.091 138.824 182.2 136.442 700.694 230.298 114.796 594.288 685.23 364.498 800.871 701.347 121.911 1112.49 735.105 634.217 170.395 463.822 122.466 379.529 149.523 230.007 100.888 377.382 145.577 136.049 416.866 259.81 546.545 143.26 72.0474 177.422 135.396 129.672 85.6642 413.921 320.732 100.335 104.101 152.577 2135.96 2020.59 1303.27 756.306 717.324 111.42
internal_count=131628 61086 53400 52292 21373 19693 18185 30919 22632 11593 2721 8287 6851 2308 70542 40210 16084 4083 24126 12001 2146 22737 21060 9404 30332 5213 14079 4783 1409 3374 2217 1569 2597 2021 1157 1731 8377 2777 1436 6981 8872 2423 11039 9521 1719 13286 8683 7392 1964 5428 1381 4391 1767 2624 1291 4603 1701 1937 4708 2872 9296 2607 1065 2273 1624 1451 1105 4899 6449 1173 1306 1677 25119 23729 14850 8684 8879 1441
is_linear=0
shrinkage=0.0454652


Tree=7
num_leaves=79
num_cat=0
split_feature=14 7 22 14 22 13 7 16 7 13 6 3 16 3 13 16 11 23 12 4 33 33 14 17 16 3 33 14 4 33 12 6 3 6 33 23 22 12 33 13 14 14 3 13 11 13 17 33 12 16 16 7 3 16 3 11 33 14 23 3 3 17 12 12 13 16 3 12 3 3 7 9 13 22 33 22 11 13
split_gain=25.6117 85.8049 33.8093 25.526 23.1086 22.0873 21.2235 16.9326 16.921 21.5012 15.4536 17.2471 18.3646 15.2557 13.6403 19.0539 22.0383 27.2667 14.875 16.3039 19.2795 13.0814 12.7307 12.6679 12.6382 34.5517 26.3374 21.5473 22.6258 44.9232 24.936 49.2509 19.3849 18.734 19.7745 15.8988 16.3812 14.9867 14.6894 19.1871 13.0647 13.0183 17.6908 28.8158 12.2689 12.0324 23.8602 18.0854 17.9599 27.2282 12.6564 13.9209 12.9113 12.5741 16.6061 11.6478 10.8845 10.7701 10.6407 10.5469 11.3241 10.5326 10.3464 11.0054 10.1882 10.047 9.94683 9.91629 9.59118 11.4001 9.58157 9.5317 9.51676 9.38599 9.35716 9.25752 9.64219 13.4642
threshold=-7.3916492462158194 1.0000000180025095e-35 -0.27897568047046656 -16.010805130004879 -1.2007415890693662 -0.086294468492269502 -1.2035064697265623 0.34827354550361639 12.21452856063843 0.050222272053360946 -1.7642409205436704 0.75791373848915111 0.49162454903125768 0.52089086174964916 -0.018915127031505104 0.095407132059335722 0.11120495572686197 0.7649136781692506 -0.035673936828970902 -0.15632542967796323 0.89692735671997081 1.0013927817344668 -18.288596153259274 79.500000000000014 0.67079788446426403 0.74111106991767894 2.9781250953674321 -2.6097148656845088 0.77499046921730053 0.90112781524658214 0.064614851027727141 9.0089292526245135 0.35302986204624182 0.71423265337944042 1.0000000180025095e-35 0.72762423753738414 -0.13599161803722379 -0.020440633408725258 1.0013927817344668 0.065183099359273924 -3.7752743959426875 -4.4119248390197745 0.91586557030677807 0.020593828521668914 0.072969969362020506 -0.041633980348706238 50.500000000000007 0.9590476155281068 -0.01054189959540963 0.24285105615854266 0.23126422613859179 -10.782234668731688 0.33578196167945867 0.42583873867988592 0.52089086174964916 0.079384312033653273 0.89692735671997081 -12.898808956146238 0.69153264164924633 0.8816988766193391 0.92208704352378856 60.500000000000007 -0.11097460985183714 -0.027224233373999592 0.0045283548533916482 0.78042379021644603 0.4966669380664826 0.0064877222757786521 0.76181551814079296 0.4234482347965241 -14.621373176574705 0.30013526976108557 0.044681027531623847 -0.55586692690849293 0.9590476155281068 -0.26208329200744623 0.076756905764341368 0.015538497827947141
decision_type=2 2 2 2 2 2 2 2 2 2 2 2 2 2 2 2 2 2 2 2 10 8 2 2 2 2 8 2 2 10 2 2 2 2 10 2 2 2 8 2 2 2 2 2 2 2 2 10 2 2 2 2 2 2 2 2 10 2 2 2 2 2 2 2 2 2 2 2 2 2 2 2 2 2 10 2 2 2
left_child=2 56 5 71 44 58 14 21 9 10 11 12 -9 64 15 22 45 -18 19 20 -16 -8 70 -23 25 26 35 32 29 72 73 -32 37 34 -34 -6 -37 -26 39 -39 61 65 75 -44 -3 48 47 -47 49 55 -50 52 -52 54 57 -17 -2 -48 74 -5 -61 -40 -62 -64 -12 -35 -36 -15 69 -58 -7 -4 -29 -31 -1 76 77 -43
right_child=1 4 3 59 24 6 7 8 -10 -11 13 -13 -14 67 18 16 17 -19 -20 -21 -22 23 -24 -25 27 -27 -28 28 -30 30 31 -33 33 41 66 36 -38 38 40 -41 -42 42 43 -45 -46 46 53 -49 50 -51 51 -53 -54 -55 -56 -57 68 -59 -60 60 62 -63 63 -65 -66 -67 -68 -69 -70 -71 -72 -73 -74 -75 -76 -77 -78 -79
leaf_value=-0.00039840731500436231 -0.0091504739130812904 -0.031243628128061165 -0.010952973752173103 0.0032938453400400193 0.0030904635777670077 -0.0037349907812088507 -0.022990401232656905 0.034286317784336148 -0.013501017076974785 0.033196888388074282 0 -0.008995024405890199 0.0020243912301763285 0.025516773440971575 0.0031640877524611267 0.050638782699450567 0.047863729563380288 0.0070555476965808318 -0.0069287581762758812 -0.0022306640926350947 0.041737380412627027 0.014368365846729252 -0.021784543048625267 -0.015925957585230861 0.018174903365971599 -0.010441440649097142 0.0001389623359122244 0.002907770590314186 -0.00038457738091575205 0.043192557266276493 -0.012702926193297003 0.030754742311113362 0.0014083735111871584 -0.0016734309141852738 -0.033788219861604199 0.038975211298491061 0.01304337347087807 0.021239141029351406 0.008199058727814677 -0.0075087871108508088 -0.021978876423341485 -0.0083273960150952696 -0.01066338138738209 0.036688333661998029 -0.00039683941937249925 0.011067929369822722 0.042959093829323461 0.038369074511878848 -0.022631227226497175 -0.0046309273804480836 -0.00088036448700571355 -0.0072835966152047316 0.029965261758900935 -0.01233133071359856 0.0038023908208778085 0.01622640082467432 -0.0078201209038724784 0.0097433187947320518 0.003450127372562087 -0.022045858101069658 0.017392789321330256 -0.016332570601031136 -0.015596526520919203 0.0070649751085119627 -0.026349815108191461 0.013309446107751255 -0.011642093646480349 -0.003335318781457527 -0.0074689182091575695 -0.028625319199102193 0.022003953384967023 -0.0012607911334676354 -0.016051180420663218 0.020078099427598785 -0.026991202895202338 -0.0045961028606999067 -0.0060263851185938713 -0.035201465900871649
leaf_weight=49.605095135048032 327.50679165124893 68.277038307860494 574.60646194964647 1598.5010761823505 85.863930240273476 75.030626343563199 89.254617534577847 84.874430805444717 82.062750676646829 58.730373891070485 48.860168099403381 49.5446742400527 68.486212303861976 38.604985248297453 59.096709009259939 39.885936906561255 81.236393122002482 64.025668809190392 181.50489886105061 100.90522848628461 51.296228788793087 57.357538564130664 44.875337798148394 49.143292207270861 114.72578337416053 184.26245271973312 229.58121255598962 102.88633149862289 1081.317534070462 84.119708731770515 108.54220052063465 98.303335502743721 83.517111180350184 300.27319927327335 107.37592886388302 114.52442050725222 111.26204229146242 110.53366310894489 106.90332337282598 76.503587268292904 80.338606268167496 83.30260543525219 54.608522789552808 43.597521841526031 47.533876806497574 96.263414582237601 44.219589391723275 131.87119160592556 44.420168386772275 66.31043160520494 49.356580875813961 119.03631912358105 52.479062274098396 47.676814794540405 197.76477170549333 60.668813889846206 81.11871399730444 48.231732672080398 87.821998747065663 66.053879469633102 45.315597243607044 49.561618745326996 101.26407227665186 69.797638485208154 65.915171409025788 126.63328892365098 91.466742068529129 50.519318763166666 106.17456717044115 274.65163633227348 42.343083659186959 349.98503157310188 102.71707997471094 106.96484245359898 69.96842410415411 382.45251233503222 143.39761413447559 86.136483451351523
leaf_count=1026 5948 827 7954 20365 562 1069 626 1067 1144 752 768 617 897 493 1164 516 898 734 2332 1248 359 1099 750 910 1571 2179 4263 1939 12067 516 684 650 1542 3671 722 752 722 770 1868 532 1454 917 700 533 532 1875 598 835 679 719 617 1324 683 521 2268 862 544 590 1050 835 595 809 1269 1004 912 1538 553 733 741 1841 639 4426 2016 696 476 4232 1505 1008
internal_value=0 -0.00213989 0.00228394 -0.00117963 0.000246863 0.00596638 0.00718852 0.000704139 0.00486853 0.00829979 0.00429236 0.0131147 0.0206153 -0.00433754 0.00998928 0.0122282 0.0142964 0.0308888 0.00237473 0.0105727 0.0223638 -0.0105624 -0.00204693 0 0.000787175 0.00626217 0.012074 -0.000271432 0.00351525 0.0105382 0.0194184 0.00791471 -0.00342147 -0.00608241 -0.0166005 0.020596 0.0268678 0.00390333 0 0.00931603 -0.00756254 -0.00356178 -0.00701098 0.0105067 -0.0194345 0.011717 0.0161154 0.0274566 0.00574732 0.0172645 -0.00146772 0.00290539 0.0150975 0.00807909 0.0117225 0.0317866 -0.0159404 0.0272814 -0.0080532 0.0018411 -0.00614059 0 -0.000745354 -0.00612241 -0.0152223 0.00274179 -0.0242809 0.0092095 -0.0205273 -0.0241597 0.00557661 -0.00735841 -0.00645945 0.0311947 -0.0167313 -0.00960194 -0.0154297 -0.0227774
internal_weight=0 5356.94 5454.77 2805.52 4567.48 2649.25 2441.85 743.354 547.598 465.535 406.805 202.905 153.361 203.9 1698.5 1305.7 1143.45 145.262 392.803 211.298 110.393 195.755 162.249 106.501 4451.67 725.494 541.232 3726.18 1684.85 603.533 397.93 206.846 2041.33 1502.76 282.36 311.65 225.786 538.567 423.841 187.037 236.804 1220.4 793.495 98.206 115.811 998.185 566.028 228.135 432.157 166.865 265.292 220.872 101.836 337.893 290.216 100.555 789.452 92.4513 207.396 1880.93 282.431 156.465 216.377 171.062 114.775 426.906 198.843 89.1243 461.945 355.77 117.374 924.591 205.603 191.085 119.574 695.289 312.837 169.439
internal_count=131702 61404 70298 36448 52330 33850 31298 10018 7383 6239 5487 2581 1964 2906 21280 16177 13719 1632 5103 2771 1523 2635 2458 2009 50971 8478 6299 42493 18568 6501 2546 1334 23925 16921 2817 2036 1474 7004 5433 1302 4131 14104 8895 1233 1359 12087 6687 2710 5400 2097 3303 2624 1300 3977 3456 1378 9074 1188 2552 24068 3703 2677 2868 2273 1680 5209 1275 1226 3126 2385 1708 12380 3955 1212 1502 7662 3430 1925
is_linear=0
shrinkage=0.0454652


end of trees

feature_importances:
Column_3=74
Column_13=55
Column_16=37
Column_33=35
Column_0=32
Column_21=32
Column_12=30
Column_2=28
Column_11=26
Column_15=26
Column_28=24
Column_23=23
Column_14=22
Column_6=21
Column_18=19
Column_29=19
Column_5=16
Column_4=14
Column_27=14
Column_22=13
Column_7=12
Column_17=12
Column_30=11
Column_20=8
Column_9=5
Column_8=4
Column_10=4
Column_32=4
Column_1=3
Column_31=1

parameters:
[boosting: gbdt]
[objective: binary]
[metric: auc]
[tree_learner: serial]
[device_type: cpu]
[data_sample_strategy: bagging]
[data: ]
[valid: ]
[num_iterations: 600]
[learning_rate: 0.0454652]
[num_leaves: 79]
[num_threads: 2]
[seed: 2024]
[deterministic: 0]
[force_col_wise: 0]
[force_row_wise: 0]
[histogram_pool_size: -1]
[max_depth: -1]
[min_data_in_leaf: 525]
[min_sum_hessian_in_leaf: 0.001]
[bagging_fraction: 0.774687]
[pos_bagging_fraction: 1]
[neg_bagging_fraction: 1]
[bagging_freq: 1]
[bagging_seed: 2024]
[feature_fraction: 0.515409]
[feature_fraction_bynode: 1]
[feature_fraction_seed: 2024]
[extra_trees: 0]
[extra_seed: 29642]
[early_stopping_round: 0]
[early_stopping_min_delta: 0]
[first_metric_only: 0]
[max_delta_step: 0]
[lambda_l1: 1.07292]
[lambda_l2: 4.08529]
[linear_lambda: 0]
[min_gain_to_split: 0]
[drop_rate: 0.1]
[max_drop: 50]
[skip_drop: 0.5]
[xgboost_dart_mode: 0]
[uniform_drop: 0]
[drop_seed: 2449]
[top_rate: 0.2]
[other_rate: 0.1]
[min_data_per_group: 100]
[max_cat_threshold: 32]
[cat_l2: 10]
[cat_smooth: 10]
[max_cat_to_onehot: 4]
[top_k: 20]
[monotone_constraints: ]
[monotone_constraints_method: basic]
[monotone_penalty: 0]
[feature_contri: ]
[forcedsplits_filename: ]
[refit_decay_rate: 0.9]
[cegb_tradeoff: 1]
[cegb_penalty_split: 0]
[cegb_penalty_feature_lazy: ]
[cegb_penalty_feature_coupled: ]
[path_smooth: 0]
[interaction_constraints: ]
[verbosity: -1]
[saved_feature_importance_type: 0]
[use_quantized_grad: 0]
[num_grad_quant_bins: 4]
[quant_train_renew_leaf: 0]
[stochastic_rounding: 1]
[linear_tree: 0]
[max_bin: 255]
[max_bin_by_feature: ]
[min_data_in_bin: 3]
[bin_construct_sample_cnt: 200000]
[data_random_seed: 6648]
[is_enable_sparse: 1]
[enable_bundle: 1]
[use_missing: 1]
[zero_as_missing: 0]
[feature_pre_filter: 1]
[pre_partition: 0]
[two_round: 0]
[header: 0]
[label_column: ]
[weight_column: ]
[group_column: ]
[ignore_column: ]
[categorical_feature: ]
[forcedbins_filename: ]
[precise_float_parser: 0]
[parser_config_file: ]
[objective_seed: 12337]
[num_class: 1]
[is_unbalance: 0]
[scale_pos_weight: 1]
[sigmoid: 1]
[boost_from_average: 1]
[reg_sqrt: 0]
[alpha: 0.9]
[fair_c: 1]
[poisson_max_delta_step: 0.7]
[tweedie_variance_power: 1.5]
[lambdarank_truncation_level: 30]
[lambdarank_norm: 1]
[label_gain: ]
[lambdarank_position_bias_regularization: 0]
[eval_at: ]
[multi_error_top_k: 1]
[auc_mu_weights: ]
[num_machines: 1]
[local_listen_port: 12400]
[time_out: 120]
[machine_list_filename: ]
[machines: ]
[gpu_platform_id: -1]
[gpu_device_id: -1]
[gpu_use_dp: 0]
[num_gpu: 1]

end of parameters

pandas_categorical:null
