tree
version=v4
num_class=1
num_tree_per_iteration=1
label_index=0
max_feature_idx=33
objective=binary sigmoid:1
feature_names=Column_0 Column_1 Column_2 Column_3 Column_4 Column_5 Column_6 Column_7 Column_8 Column_9 Column_10 Column_11 Column_12 Column_13 Column_14 Column_15 Column_16 Column_17 Column_18 Column_19 Column_20 Column_21 Column_22 Column_23 Column_24 Column_25 Column_26 Column_27 Column_28 Column_29 Column_30 Column_31 Column_32 Column_33
feature_infos=[0.22403052449226379:4.806818962097168] [0.027025075629353523:26.170040130615234] [0.17134076356887817:8.6935958862304688] [0.087584272027015686:1] [-28.67047119140625:41.262332916259766] [-36.190670013427734:42.326030731201172] [-36.841156005859375:62.500308990478516] [-45.158794403076172:63.120437622070312] [-22.455821990966797:30.680826187133789] [0:0.95389312505722046] [0:0.64536702632904053] [0:0.40022626519203186] [-0.51016271114349365:0.5480339527130127] [-0.15599349141120911:0.22172828018665314] [-46.22015380859375:17.161741256713867] [-8.3726015090942383:64.2962646484375] [0:1] [0:95] [0:95] [-1:1] [-29.775985717773438:44.984848022460938] [-30.525325775146484:55.0223388671875] [-2.8409864902496338:15.253066062927246] [0.049656935036182404:5.4310722351074219] [-1:1] [0:1] [0:1] [-1:1] [-1:1] [-0.78183150291442871:0.97492790222167969] [-0.90096884965896606:1] [0:1] [0:1] [0.8888888955116272:4.5999999046325684]
tree_sizes=1731 1816 1801 1813 1802 1764 1816

Tree=0
num_leaves=15
num_cat=0
split_feature=28 32 30 29 2 29 2 33 33 28 33 3 14 15
split_gain=56.7009 69.3766 93.5684 52.6045 40.9511 34.712 33.6699 51.5751 30.1544 28.7114 28.6448 25.7218 30.7806 49.5169
threshold=-0.22706275433301923 1.0000000180025095e-35 1.0000000180025095e-35 -1.0000000180025095e-35 1.1305866837501528 0.87837970256805431 1.4504799246788027 1.0013927817344668 0.9590476155281068 0.47136868536472326 1.0013927817344668 0.34503790736198431 -7.1301894187927237 11.496576786041262
decision_type=2 2 2 2 2 2 2 8 10 2 8 2 2 2
left_child=8 2 6 -3 10 -5 11 -8 -1 -7 -4 -2 -13 -14
right_child=1 3 4 5 -6 9 7 -9 -10 -11 -12 12 13 -15
leaf_value=-1.0927609943284191 -1.0947628780431187 -1.0934110929482055 -1.0902686239648665 -1.0986516882677368 -1.0949053472509744 -1.0931284099466843 -1.0890199155497728 -1.0966148524051857 -1.0943986947400448 -1.0993559904239958 -1.0934863158062094 -1.0990223440395204 -1.0929399550038008 -1.0983172510690584
leaf_weight=2158.8060989268124 770.94280194304883 346.25724559277296 683.71065018326044 1027.0295586846769 552.50784347578883 251.39275677874684 170.44106571376324 172.07149042189121 2563.1836557984352 97.596891898661852 554.99432250857353 531.50605778023601 327.73934403248131 345.36430489644408
leaf_count=44391 11146 4627 4990 13750 7099 3369 1200 3300 18718 1334 11761 7531 3944 3915
internal_value=-1.09447 -1.09513 -1.09442 -1.09683 -1.09268 -1.09772 -1.09575 -1.09291 -1.09364 -1.09482 -1.09166 -1.09627 -1.09719 -1.09565
internal_weight=0 5831.55 4109.28 1722.28 1791.21 1376.02 2318.07 342.513 4721.99 348.99 1238.7 1975.55 1204.61 673.104
internal_count=141075 77966 54886 23080 23850 18453 31036 4500 63109 4703 16751 26536 15390 7859
is_linear=0
shrinkage=1


Tree=1
num_leaves=15
num_cat=0
split_feature=28 27 30 29 33 12 16 15 29 33 15 13 16 11
split_gain=60.0067 113.332 78.7028 75.7059 34.2102 25.8408 32.8698 60.094 50.8151 33.8359 23.4714 24.3631 22.719 21.9015
threshold=-0.18436925113201139 -0.16288578510284421 1.0000000180025095e-35 -1.0000000180025095e-35 1.0545857548713686 -0.070298451930284486 0.57597795128822338 11.315594196319582 0.87837970256805431 0.94700106978416454 6.508254051208497 -0.0042385719716548911 0.14274949580430987 0.033287825062870986
decision_type=2 2 2 2 8 2 2 2 2 10 2 2 2 2
left_child=4 3 5 -2 12 -3 8 -8 9 -7 11 -5 -1 -14
right_child=1 2 -4 10 -6 6 7 -9 -10 -11 -12 -13 13 -15
leaf_value=0.002826404201979469 0.001199489731960114 0.003593376584882613 0.0023019246616429153 -0.0028699464766242292 0.0017636037291663275 -0.0015963933311663133 0.0046105052746154736 -0.001211394426627974 0.00063373562647905685 -0.0069289218226459516 -0.0042451587910493733 0.0013514436085849098 0.0011647878384952635 -0.00091436435878521787
leaf_weight=264.48605027794838 449.79665395244956 116.07672316208482 1406.5064402334392 492.88549024611712 2218.1639332696795 267.08435424044728 225.84842416644096 796.71689966507256 297.82873597368598 274.17616342008114 1159.2834719829261 173.69981868751347 735.92864718288183 1645.292205825448
leaf_count=1949 6022 1600 18762 7004 45757 5745 2722 10239 4198 2003 15058 2460 5442 11901
internal_value=0 -0.000690108 0.000472969 -0.00243331 0.000839526 -0.000811182 -0.00112103 5.97769e-05 -0.00259543 -0.00443016 -0.00335159 -0.00170702 4.66704e-05 -0.00025317
internal_weight=0 5659.9 3384.24 2275.67 4863.87 1977.73 1861.65 1022.57 839.089 541.261 1825.87 666.585 2645.71 2381.22
internal_count=140862 75813 45269 30544 65049 26507 24907 12961 11946 7748 24522 9464 19292 17343
is_linear=0
shrinkage=0.0101079


Tree=2
num_leaves=15
num_cat=0
split_feature=28 27 2 16 33 33 11 0 16 3 23 2 13 15
split_gain=62.1756 121.414 41.0057 41.6177 34.4293 29.2046 22.9072 41.7409 24.085 22.3432 22.2101 23.9873 19.1776 18.4032
threshold=-0.22706275433301923 -0.16288578510284421 1.4504799246788027 0.13028623908758166 0.99393379688262951 1.0545857548713686 0.033771678805351264 0.8382391929626466 0.14274949580430987 0.33320306241512304 0.8840271830558778 1.1585342288017275 0.018483444117009643 6.2896611690521249
decision_type=2 2 2 2 10 8 2 2 2 2 2 2 2 2
left_child=5 10 3 9 -4 6 -1 -8 -9 -3 11 12 13 -2
right_child=1 2 4 -5 -6 -7 7 8 -10 -11 -12 -13 -14 -15
leaf_value=0.0016044450188743556 -0.00083287235588899245 0.0077045617835171977 0.00033640112076861706 -0.00027423654527796229 0.0060352302270592463 0.0017348280638558641 -0.0041634197532712264 0.003243015422125821 -0.00034462924683320985 0.00093337037829490375 -0.0011012932972155388 -0.0044763160308164754 0.00031847059402575974 -0.0052242821666288169
leaf_weight=757.95716233551502 236.32533367723227 97.056275468319654 232.83062914945185 2782.6345325894654 227.09175368398428 2158.4402521830052 260.41052071750164 213.666234344244 1349.6994849964976 130.34702778048813 877.79780609719455 781.92887458391488 256.15514249354601 203.83775143325329
leaf_count=5596 3441 1582 4302 36585 1626 44441 1982 1549 9690 2220 11932 10590 3088 2589
internal_value=0 -0.000690002 0.000502841 5.63924e-05 0.00328947 0.000867776 0.000124266 -0.000472902 0.000133291 0.00415199 -0.0024599 -0.00322959 -0.0017387 -0.00301134
internal_weight=0 5826.01 3469.96 3010.04 459.922 4740.17 2581.73 1823.78 1563.37 227.403 2356.04 1478.25 696.318 440.163
internal_count=141213 77955 46315 40387 5928 63258 18817 13221 11239 3802 31640 19708 9118 6030
is_linear=0
shrinkage=0.0101079


Tree=3
num_leaves=15
num_cat=0
split_feature=28 32 30 29 0 2 29 2 28 16 15 16 15 13
split_gain=57.8095 64.1445 102.256 44.0574 37.2011 38.4554 36.6149 34.8741 33.0117 29.8273 62.9548 42.1292 41.5727 38.7958
threshold=-0.18436925113201139 1.0000000180025095e-35 1.0000000180025095e-35 -1.0000000180025095e-35 0.52101463079452526 0.79198092222213756 0.87837970256805431 1.4504799246788027 0.47136868536472326 0.5513630509376527 11.496576786041262 0.14677932858467105 8.8951816558837908 0.0091658681631088274
decision_type=2 2 2 2 2 2 2 2 2 2 2 2 2 2
left_child=-1 2 7 -3 5 -4 -5 9 -8 11 12 -2 -11 -13
right_child=1 3 4 6 -6 -7 8 -9 -10 10 -12 13 -14 -15
leaf_value=0.00073385377757605706 0.0013636771731178037 0.00073468038225219521 0.0021219707811920251 -0.0042690580238705644 0.0024595623963625762 -0.0045494039223663027 0.0016732352406743358 0.0014466391729145982 -0.0050785997399973902 -0.0018358135443796583 -0.0024160458760344949 -0.0052905757814438719 0.0056312388157073465 0.00097139765280118825
leaf_weight=4869.721047218889 143.30417712777853 331.08716648630798 160.49560921639204 974.66381854563951 1429.1093436554074 169.52065873891115 235.97443704865873 330.25392243266106 97.531197346746922 104.95927482098341 743.17650311812758 642.00435272976756 200.47759297862649 104.70648057945073
leaf_count=65099 2509 4441 2244 13136 18903 2322 3187 4372 1324 1391 9468 8905 2330 1429
internal_value=0 -0.000766004 -6.83643e-05 -0.0024474 0.0017459 -0.00121037 -0.00328313 -0.00149394 -0.000252021 -0.00201939 -0.000803571 -0.00338775 0.00295373 -0.00435787
internal_weight=0 5667.26 4028.01 1639.26 1759.13 330.016 1308.17 2268.88 333.506 1938.63 1048.61 890.015 305.437 746.711
internal_count=141060 75961 53873 22088 23469 4566 17647 30404 4511 26032 13189 12843 3721 10334
is_linear=0
shrinkage=0.0101079


Tree=4
num_leaves=15
num_cat=0
split_feature=27 23 0 29 29 0 29 16 5 14 11 5 33 27
split_gain=58.7157 51.933 40.6766 40.2772 28.93 27.156 25.2455 27.015 37.428 31.2408 23.3172 23.2141 26.2454 22.9218
threshold=-0.71473535895347584 0.8840271830558778 0.52101463079452526 -1.0000000180025095e-35 0.87837970256805431 1.3454846739768984 -0.60785761475563038 0.1677515730261803 -4.373703956604003 -7.5216050148010245 0.082800339907407774 1.2407009005546572 0.99472221732139599 0.35222910344600683
decision_type=2 2 2 2 2 2 2 2 2 2 2 2 10 2
left_child=1 3 13 -1 -3 6 -4 8 -8 11 -6 -9 -13 -2
right_child=2 4 5 -5 10 -7 7 9 -10 -11 -12 12 -14 -15
leaf_value=0.00084256759477755784 -0.0026044325691555654 -0.00096108512092870182 0.0049203911276613698 -0.004314531702721597 0.0037334813644269377 0.0023381776076540038 -0.00068186854651123977 -5.5082045780801383e-05 0.0039094973319601023 0.00073920990673856379 -0.0012000982718257871 -0.00019617782301482596 -0.0041400726101526687 0.0018821345465160103
leaf_weight=178.06854402273893 611.67271414957941 1380.0902998633683 120.39605810493231 717.84300014749169 276.84553851373494 907.09329243935645 271.00495736300945 1450.5598631128669 460.98337665013969 3179.5824041441083 128.91178049705923 357.89424484781921 373.482207223773 126.66196269728243
leaf_count=2454 8213 18428 1560 9502 3935 12223 4070 20089 7263 39536 1618 7408 2661 2100
internal_value=0 -0.00126762 0.000462221 -0.00324624 -0.00024282 0.000700899 0.000452808 0.000351854 0.00216538 9.39915e-05 0.00207487 -0.000827043 -0.00228691 -0.00176909
internal_weight=0 2681.76 7859.33 895.912 1785.85 7121 6213.9 6093.51 731.988 5361.52 405.757 2181.94 731.376 738.335
internal_count=141060 35937 105123 11956 23981 94810 82587 81027 11333 69694 5553 30158 10069 10313
is_linear=0
shrinkage=0.0101079


Tree=5
num_leaves=15
num_cat=0
split_feature=0 2 23 3 16 30 16 18 5 31 11 33 17 3
split_gain=46.5725 30.6781 30.1417 51.2126 45.5491 39.5257 48.9346 42.3959 31.1681 30.3244 29.9273 27.3567 26.7177 26.1707
threshold=0.55220460891723644 0.59497067332267772 1.5202746987342837 0.5729874074459077 0.15510571002960208 1.0000000180025095e-35 0.57182708382606517 90.500000000000014 -4.0257663726806632 1.0000000180025095e-35 0.026649106293916706 0.94700106978416454 34.500000000000007 0.26012130081653601
decision_type=2 2 2 2 2 2 2 2 2 2 2 10 2 2
left_child=1 -1 3 4 8 6 11 -7 -2 10 -5 -6 -13 -10
right_child=2 -3 -4 9 5 7 -8 -9 13 -11 -12 12 -14 -15
leaf_value=0.00049675840435303427 0 -0.0031877242334574789 0.0015781424093844333 9.9433481099786997e-05 -0.00042943145881892098 0.00071809891698228516 0.00063834855799622047 0.004977908990783598 0 0.00068403562621283933 -0.002213926092684091 -0.0064736478561455198 -0.0015092993874224606 0.0067144067179442371
leaf_weight=310.89820497483015 183.5368572678417 714.38812433555722 1420.11930902116 786.22944162972271 493.39511411450803 1346.5598832480609 1517.8971913773566 293.56950369849801 82.61551127396524 835.10419539362192 1802.2430251576006 225.04841325432062 275.9216293245554 264.05617669411004
leaf_count=4445 2651 9956 18821 10584 10116 18147 18875 3756 1358 10487 24150 1621 2002 4019
internal_value=0 -0.00203585 0.000223704 -9.84968e-06 0.000671634 0.00030185 -0.000482599 0.00152467 0.00344696 -0.000953173 -0.00149743 -0.00222597 -0.00388272 0.00519848
internal_weight=0 1025.29 9526.3 8106.18 4682.6 4152.39 2512.26 1640.13 530.209 3423.58 2588.47 994.365 500.97 346.672
internal_count=140988 14401 126587 107766 62545 54517 32614 21903 8028 45221 34734 13739 3623 5377
is_linear=0
shrinkage=0.0101079


Tree=6
num_leaves=15
num_cat=0
split_feature=28 32 30 29 22 2 20 29 33 28 2 21 11 0
split_gain=62.9469 56.6385 93.0225 45.4607 37.6484 34.2344 34.4723 29.536 28.7821 28.7597 27.6666 26.8866 26.8133 28.7268
threshold=-0.20576497167348859 1.0000000180025095e-35 1.0000000180025095e-35 -1.0000000180025095e-35 -0.89157262444496144 1.4504799246788027 -2.3518431186676021 0.87837970256805431 1.0545857548713686 0.47136868536472326 1.1305866837501528 -9.3041572570800763 0.033771678805351264 0.82560044527053844
decision_type=2 2 2 2 2 2 2 2 8 2 2 2 2 2
left_child=8 2 5 -3 -4 -2 -7 -5 11 -9 -6 -1 -13 -14
right_child=1 3 4 7 10 6 -8 9 -10 -11 -12 12 13 -15
leaf_value=0.0037440374778030172 -0.0019510531131093232 0.00089972147466708008 -0.00093298041793773751 -0.0040287625806555002 0.0034462926668229663 0.005890974098531912 -0.00068895262480941021 0.001308372167563762 0.0016882562686749763 -0.0048925276731863381 0.00023727293221466756 0.001378008635936543 -0.0041736932061931234 -0.00033030629956462966
leaf_weight=185.19177612662315 1950.169316438958 339.87592450715601 414.95119503885508 986.31428843922913 929.04275701195002 111.61132796108723 225.98738033883274 244.58581355586648 2199.1823791395873 99.968924650922418 429.77404614165425 756.41226626187563 229.85821185261011 1436.9989170506597
leaf_count=1363 26256 4538 5556 13368 12556 1418 3010 3286 45178 1344 5489 5592 1753 10309
internal_value=0 -0.000729689 -7.37714e-05 -0.00229249 0.00164903 -0.00142819 0.00145123 -0.00313845 0.000837353 -0.000442801 0.00246796 0.000101647 -0.000170934 -0.0009011
internal_weight=0 5732.28 4061.54 1670.74 1773.77 2287.77 337.599 1330.87 4807.64 344.555 1358.82 2608.46 2423.27 1666.86
internal_count=141016 76821 54285 22536 23601 30684 4428 17998 64195 4630 18045 19017 17654 12062
is_linear=0
shrinkage=0.0101079


end of trees

feature_importances:
Column_29=11
Column_33=10
Column_2=9
Column_16=9
Column_28=8
Column_0=6
Column_15=6
Column_11=5
Column_30=5
Column_3=4
Column_27=4
Column_5=3
Column_13=3
Column_23=3
Column_32=3
Column_14=2
Column_12=1
Column_17=1
Column_18=1
Column_20=1
Column_21=1
Column_22=1
Column_31=1

parameters:
[boosting: gbdt]
[objective: binary]
[metric: auc]
[tree_learner: serial]
[device_type: cpu]
[data_sample_strategy: bagging]
[data: ]
[valid: ]
[num_iterations: 600]
[learning_rate: 0.0101079]
[num_leaves: 15]
[num_threads: 2]
[seed: 2024]
[deterministic: 0]
[force_col_wise: 0]
[force_row_wise: 0]
[histogram_pool_size: -1]
[max_depth: -1]
[min_data_in_leaf: 1280]
[min_sum_hessian_in_leaf: 0.001]
[bagging_fraction: 0.829452]
[pos_bagging_fraction: 1]
[neg_bagging_fraction: 1]
[bagging_freq: 1]
[bagging_seed: 2024]
[feature_fraction: 0.727545]
[feature_fraction_bynode: 1]
[feature_fraction_seed: 2024]
[extra_trees: 0]
[extra_seed: 29642]
[early_stopping_round: 0]
[early_stopping_min_delta: 0]
[first_metric_only: 0]
[max_delta_step: 0]
[lambda_l1: 4.00664]
[lambda_l2: 7.63247]
[linear_lambda: 0]
[min_gain_to_split: 0]
[drop_rate: 0.1]
[max_drop: 50]
[skip_drop: 0.5]
[xgboost_dart_mode: 0]
[uniform_drop: 0]
[drop_seed: 2449]
[top_rate: 0.2]
[other_rate: 0.1]
[min_data_per_group: 100]
[max_cat_threshold: 32]
[cat_l2: 10]
[cat_smooth: 10]
[max_cat_to_onehot: 4]
[top_k: 20]
[monotone_constraints: ]
[monotone_constraints_method: basic]
[monotone_penalty: 0]
[feature_contri: ]
[forcedsplits_filename: ]
[refit_decay_rate: 0.9]
[cegb_tradeoff: 1]
[cegb_penalty_split: 0]
[cegb_penalty_feature_lazy: ]
[cegb_penalty_feature_coupled: ]
[path_smooth: 0]
[interaction_constraints: ]
[verbosity: -1]
[saved_feature_importance_type: 0]
[use_quantized_grad: 0]
[num_grad_quant_bins: 4]
[quant_train_renew_leaf: 0]
[stochastic_rounding: 1]
[linear_tree: 0]
[max_bin: 255]
[max_bin_by_feature: ]
[min_data_in_bin: 3]
[bin_construct_sample_cnt: 200000]
[data_random_seed: 6648]
[is_enable_sparse: 1]
[enable_bundle: 1]
[use_missing: 1]
[zero_as_missing: 0]
[feature_pre_filter: 1]
[pre_partition: 0]
[two_round: 0]
[header: 0]
[label_column: ]
[weight_column: ]
[group_column: ]
[ignore_column: ]
[categorical_feature: ]
[forcedbins_filename: ]
[precise_float_parser: 0]
[parser_config_file: ]
[objective_seed: 12337]
[num_class: 1]
[is_unbalance: 0]
[scale_pos_weight: 1]
[sigmoid: 1]
[boost_from_average: 1]
[reg_sqrt: 0]
[alpha: 0.9]
[fair_c: 1]
[poisson_max_delta_step: 0.7]
[tweedie_variance_power: 1.5]
[lambdarank_truncation_level: 30]
[lambdarank_norm: 1]
[label_gain: ]
[lambdarank_position_bias_regularization: 0]
[eval_at: ]
[multi_error_top_k: 1]
[auc_mu_weights: ]
[num_machines: 1]
[local_listen_port: 12400]
[time_out: 120]
[machine_list_filename: ]
[machines: ]
[gpu_platform_id: -1]
[gpu_device_id: -1]
[gpu_use_dp: 0]
[num_gpu: 1]

end of parameters

pandas_categorical:null
