tree
version=v4
num_class=1
num_tree_per_iteration=1
label_index=0
max_feature_idx=33
objective=binary sigmoid:1
feature_names=Column_0 Column_1 Column_2 Column_3 Column_4 Column_5 Column_6 Column_7 Column_8 Column_9 Column_10 Column_11 Column_12 Column_13 Column_14 Column_15 Column_16 Column_17 Column_18 Column_19 Column_20 Column_21 Column_22 Column_23 Column_24 Column_25 Column_26 Column_27 Column_28 Column_29 Column_30 Column_31 Column_32 Column_33
feature_infos=[0.22403052449226379:4.806818962097168] [0.027025075629353523:26.170040130615234] [0.17134076356887817:8.6935958862304688] [0.087584272027015686:1] [-28.67047119140625:41.262332916259766] [-36.190670013427734:42.326030731201172] [-36.841156005859375:62.500308990478516] [-45.158794403076172:63.120437622070312] [-22.455821990966797:30.680826187133789] [0:0.95389312505722046] [0:0.64536702632904053] [0:0.40022626519203186] [-0.51016271114349365:0.5480339527130127] [-0.15783818066120148:0.22172828018665314] [-46.22015380859375:17.161741256713867] [-8.3726015090942383:64.2962646484375] [0:1] [0:95] [0:95] [-1:1] [-29.775985717773438:44.984848022460938] [-30.712318420410156:55.0223388671875] [-2.5033562183380127:15.253066062927246] [0.049656935036182404:5.4310722351074219] [-1:1] [0:1] [0:1] [-1:1] [-1:1] [-0.78183150291442871:0.97492790222167969] [-0.90096884965896606:1] [0:1] [0:1] [0.8888888955116272:4.5999999046325684]
tree_sizes=1724 1810 1802 1789 1758 1807 1792 1792 1811 1785 1805 1809 1811 1804 1804 1789 1810 1786 1814 1800 1782 1803 1814 1759 1794 1791 1801 1758 1797 1809 1797 1773 1803 1791 1787 1809 1810

Tree=0
num_leaves=15
num_cat=0
split_feature=28 27 30 14 33 2 0 0 33 14 18 33 20 22
split_gain=79.7321 106.693 82.9495 67.1685 53.7139 47.6585 42.303 39.6777 71.1711 34.9846 40.571 39.5265 29.0347 28.0665
threshold=-0.24825246632099149 -0.076279435306787477 1.0000000180025095e-35 -19.263205528259274 1.0013927817344668 0.77471739053726207 0.58921161293983471 0.91274365782737743 0.90112781524658214 -7.4838857650756827 45.500000000000007 0.97973212599754345 -1.7600827217102049 0.41649654507637029
decision_type=2 2 2 2 8 2 2 2 10 2 2 10 2 2
left_child=4 5 3 -3 12 -2 -7 8 -4 11 -11 -5 -1 -14
right_child=1 2 7 9 -6 6 -8 -9 -10 10 -12 -13 13 -15
leaf_value=-1.087886375150654 -1.088638915067982 -1.0846585970364861 -1.0883750814033797 -1.0907880831761314 -1.0877361628291524 -1.0953338252654563 -1.0917333116577408 -1.0903879970861652 -1.0827972040636091 -1.0931322908197354 -1.0886049038274861 -1.0955103899774534 -1.0917235795026166 -1.0886297576058179
leaf_weight=492.25588867813349 364.96336616389453 173.85020321421325 682.1234035063535 516.00870925188065 2851.4011946953833 438.4667818788439 1754.0884219240397 298.40250355377793 371.8920978307724 267.22764018364251 748.49129221588373 302.60618939995766 918.99300798773766 416.9225480183959
leaf_count=3254 5002 2779 11928 9240 50272 5607 23428 3697 2429 3540 9149 1953 5935 2710
internal_value=-1.08963 -1.09037 -1.08919 -1.09048 -1.0886 -1.09192 -1.09249 -1.08726 -1.08633 -1.09107 -1.08977 -1.09262 -1.08994 -1.09073
internal_weight=0 5918.12 3360.6 2008.18 4679.57 2557.52 2192.56 1352.42 1054.02 1834.33 1015.72 818.615 1828.17 1335.92
internal_count=140923 78752 44715 26661 62171 34037 29035 18054 14357 23882 12689 11193 11899 8645
is_linear=0
shrinkage=1


Tree=1
num_leaves=15
num_cat=0
split_feature=22 27 2 30 14 2 0 27 30 33 13 2 30 1
split_gain=71.4452 95.988 56.8798 50.6128 36.7466 31.6301 30.6034 28.8693 24.5882 30.552 24.5747 23.508 23.4617 40.9377
threshold=-0.39170710742473597 -0.20576497167348859 1.0150257349014284 1.0000000180025095e-35 -19.964941978454586 0.58689990639686596 0.52021619677543651 -0.83743050694465626 1.0000000180025095e-35 0.90112781524658214 -0.075897756963968263 1.3423042893409731 1.0000000180025095e-35 1.403605103492737
decision_type=2 2 2 2 2 2 2 2 2 10 2 2 2 2
left_child=1 2 -1 4 -3 -5 -7 8 -2 -10 -9 -6 13 -12
right_child=7 3 -4 5 11 6 -8 10 9 -11 12 -13 -14 -15
leaf_value=-0.00017644010287514174 0.00031138534641074098 0.0044888272112738638 -0.0043562853979137806 0.0046970439511719838 -0.0018819016108874962 -0.0035059429507670386 0.001642736707855907 0.00452065882580219 -0.00034286154224354924 -0.0059976326299711171 -0.00051421444371674025 0.0022744672976384478 0.0017158057827341923 0.0020381584558204213
leaf_weight=517.95258831046522 822.9481206741184 104.81130682490766 1043.0844126977026 284.69306650198996 1324.0710287448019 132.25550667569041 666.71518805623055 194.53896344639361 272.49931848421693 161.85073841363192 2029.3157401792705 140.29408327490091 1976.0392575785518 922.69344195351005
leaf_count=7075 10768 1715 13845 3702 17201 1739 8965 2715 4734 1068 26607 2042 26312 12439
internal_value=0 -0.00101954 -0.00300283 0.000137555 -0.00100452 0.00182389 0.000715145 0.000675122 -0.000675068 -0.0026088 0.00101492 -0.00144646 0.000861547 0.000273082
internal_weight=0 4213.88 1561.04 2652.84 1569.18 1083.66 798.971 6379.89 1257.3 434.35 5122.59 1464.37 4928.05 2952.01
internal_count=140927 56284 20920 35364 20958 14406 10704 84643 16570 5802 68073 19243 65358 39046
is_linear=0
shrinkage=0.0101079


Tree=2
num_leaves=15
num_cat=0
split_feature=28 2 30 33 22 33 13 2 5 15 13 3 32 2
split_gain=77.6552 63.9912 102.155 50.523 46.6413 46.5627 32.0519 31.1618 29.9716 25.9935 27.5495 23.5107 23.4722 22.1614
threshold=-0.3317298144102096 0.85019415616989147 1.0000000180025095e-35 1.0013927817344668 -0.67656201124191273 1.0013927817344668 -0.085559077560901628 0.61841103434562694 -1.9795703291893003 3.3992233276367192 0.03524135239422322 0.41910050809383398 1.0000000180025095e-35 1.4520530700683596
decision_type=2 2 2 8 2 8 2 2 2 2 2 2 2 2
left_child=5 2 -2 11 8 7 -6 -1 -3 -9 -11 -4 13 -8
right_child=1 4 3 -5 6 -7 12 9 -10 10 -12 -13 -14 -15
leaf_value=-0.0036869242852131993 -0.0011522730957595458 -0.0002799772541259611 0.0080155044528474311 0.00093460126996682447 0.004507785959465254 0.0018522080685829847 -0.0010980465529368422 0.003569242614945462 -0.0043776522114929144 -0.0011878502124207254 0.0021376733419361735 0.0027766115460617353 -0.0020645438770195254 0.001723049079390444
leaf_weight=228.68262016773224 1575.0480216499418 265.58858347125351 212.55524784326553 612.82196976058185 99.27348380163312 2667.1815220117569 786.98441931046546 201.42261329293251 793.89536429569125 928.76049046963453 338.17713384330273 219.66288466006517 1243.2065458539873 433.70981967262924
leaf_count=1476 21276 3883 1387 11337 1464 46929 10054 1338 10588 6054 2190 1398 16115 5542
internal_value=0 -0.000736781 0.0004539 0.00290394 -0.00160824 0.00101928 -0.000844901 -0.000268483 -0.00339776 0.00025278 -0.000260926 0.00553944 -0.00109021 -5.8269e-05
internal_weight=0 6242.75 2620.09 1045.04 3622.66 4364.22 2563.17 1697.04 1059.48 1468.36 1266.94 432.218 2463.9 1220.69
internal_count=141031 83044 35398 14122 47646 57987 33175 11058 14471 9582 8244 2785 31711 15596
is_linear=0
shrinkage=0.0101079


Tree=3
num_leaves=15
num_cat=0
split_feature=27 30 23 29 1 21 5 0 0 30 27 16 23 16
split_gain=57.6967 75.6437 66.0178 61.2255 51.9076 39.3548 36.4588 27.1969 25.7854 25.3279 24.2355 20.4354 20.2065 25.7632
threshold=-0.71473535895347584 1.0000000180025095e-35 0.96098509430885326 -1.0000000180025095e-35 1.4287383556365969 -7.6967809200286856 0.1122109852731228 0.44613337516784674 0.58921161293983471 1.0000000180025095e-35 0.69930991530418407 0.10216408595442773 0.86514982581138622 0.89102825522422802
decision_type=2 2 2 2 2 2 2 2 2 2 2 2 2 2
left_child=2 4 3 6 5 11 -1 -3 10 -4 -7 -2 13 -9
right_child=1 7 9 -5 -6 8 -8 12 -10 -11 -12 -13 -14 -15
leaf_value=-0.002210951112361385 0 -0.0021481975798145177 0.00099106155507094353 -0.0043889040649897539 0.0019033675222779965 -0.004372497228475364 0.005679832798048976 0.002156431115661139 -0.00074966220590059834 -0.0016497775557346218 -0.00016786251004609988 0.0057215030472925468 0.00093980338226600771 0.0066863430406342381
leaf_weight=114.17127305828035 156.27468132600188 170.77964068576694 1018.6376474183053 871.18092355132103 809.27588144689798 438.40028611198068 103.65846086293459 1465.4079851508141 2848.2791118770838 572.84989261627197 235.2052268460393 118.78285842202604 1515.4429054260254 148.41916879452765
leaf_count=1603 2463 2248 13382 11783 10844 5880 1435 19107 36870 7562 3303 1856 20582 1922
internal_value=0 0.000436227 -0.00127776 -0.00318628 -0.000393553 -0.000896597 0.00142957 0.00160492 -0.00119365 1.18387e-05 -0.00298213 0.00269319 0.00182738 0.00262752
internal_weight=0 7906.27 2680.5 1089.01 4606.22 3796.94 217.83 3300.05 3521.88 1591.49 673.606 275.058 3129.27 1613.83
internal_count=140840 105075 35765 14821 61216 50372 3038 43859 46053 20944 9183 4319 41611 21029
is_linear=0
shrinkage=0.0101079


Tree=4
num_leaves=15
num_cat=0
split_feature=22 27 30 0 14 29 2 13 0 0 0 2 14 29
split_gain=64.1783 98.9091 82.1314 56.6937 47.8353 41.8081 44.2564 40.4955 32.6332 34.782 32.2983 27.5349 28.9391 24.4054
threshold=0.35753664374351507 -0.49049438536167139 1.0000000180025095e-35 0.5599370300769807 -18.043401718139645 -1.0000000180025095e-35 1.0150257349014284 -0.028644086793065068 0.44613337516784674 0.7957231104373933 0.98083767294883739 1.2792378664016726 -15.071656227111815 0.87837970256805431
decision_type=2 2 2 2 2 2 2 2 2 2 2 2 2 2
left_child=1 3 4 -1 -3 -5 -7 -6 -4 11 -8 12 -10 -12
right_child=-2 2 8 5 7 6 10 -9 9 -11 13 -13 -14 -15
leaf_value=-0.0082717727768358423 0.0014538091233592641 0.0027904767454800879 -0.0024751874634272582 0.0010232873718778858 -0.0038552644706575647 0.00024042354634545092 -0.0051222146704784756 -0.0006362753026455209 0 0.00069152595731823566 -0.0029577144335255941 0 0.0048046589374908782 0.0011538751979284
leaf_weight=144.19045647233725 2368.0481653120369 337.88972466811538 166.4640532899648 417.89697901532054 476.4604128152132 433.88922120817006 607.88075439631939 2636.4406185671687 164.82030530460179 1152.8028892166913 492.81412530690432 218.76478191465139 766.47640986926854 187.48426044546068
leaf_count=1901 32360 5533 2207 5699 6431 5752 8524 33261 2267 15017 6333 2891 9858 2541
internal_value=0 -0.000432512 0.000251248 -0.0022173 -0.000747304 -0.00176255 -0.00246353 -0.00115018 0.00166104 0.00198474 -0.0034016 0.00323296 0.00398541 -0.0017655
internal_weight=0 8204.27 5920.12 2284.16 3450.79 2139.97 1722.07 3112.9 2469.33 2302.86 1288.18 1150.06 931.297 680.298
internal_count=140575 108215 77465 30750 45225 28849 23150 39692 32240 30033 17398 15016 12125 8874
is_linear=0
shrinkage=0.0101079


Tree=5
num_leaves=15
num_cat=0
split_feature=28 27 29 30 14 2 22 11 5 14 13 2 18 28
split_gain=76.9663 105.631 76.468 69.3724 63.2267 41.6328 49.1906 37.6726 37.0132 35.8604 43.7258 35.238 33.5947 33.5511
threshold=-0.3317298144102096 -0.076279435306787477 -1.0000000180025095e-35 1.0000000180025095e-35 -19.263205528259274 0.76120200753211986 -0.3649959117174148 0.041776698082685478 -3.345266461372375 -7.4838857650756827 -0.0029535921057686205 0.81491085886955272 44.500000000000007 0.032717135734856136
decision_type=2 2 2 2 2 2 2 2 2 2 2 2 2 2
left_child=-1 2 7 4 -3 -4 8 -2 -7 -6 -11 13 -12 -5
right_child=1 3 5 11 9 6 -8 -9 -10 10 12 -13 -14 -15
leaf_value=0.0010419056486727371 0.0050147879273553415 0.0047988846863125196 0.00029131957256939051 -0.00079689459538938453 -0.0028197179192495834 -0.00063260256890418842 -0.0013632539881331693 -0.00059595908197657436 -0.0056838773649582723 0.0047023674502841475 -0.0041506076697476833 0.00045548868676270035 0.00020057596754791769 0.0046875639115266906
leaf_weight=4381.9812955055386 169.22550020739436 182.70969724655151 303.77794617041945 122.61644476093352 849.87286863103509 198.54321782104671 687.62353850342333 361.2087628915906 981.41147403046489 160.10854947753251 234.05180473253131 693.71467223577201 662.81162466481328 606.41049074195325
leaf_count=58094 2388 2905 4222 1593 11732 2854 9295 4713 12586 1992 3185 9143 7976 8158
internal_value=0 -0.000705895 -0.00220805 0.000440393 -0.000716854 -0.0030517 -0.00361604 0.00116453 -0.00487756 -0.00128354 0 0.00216309 -0.000915607 0.00371145
internal_weight=0 6214.09 2701.79 3512.3 2089.55 2171.36 1867.58 530.434 1179.95 1906.84 1056.97 1422.74 896.863 729.027
internal_count=140836 82742 36058 46684 27790 28957 24735 7101 15440 24885 13153 18894 11161 9751
is_linear=0
shrinkage=0.0101079


Tree=6
num_leaves=15
num_cat=0
split_feature=28 3 30 1 11 18 13 13 29 16 23 12 13 15
split_gain=76.7994 39.8885 52.9613 32.5974 26.7687 28.9753 24.1855 24.1278 25.7786 25.5054 22.0063 21.0273 37.7252 19.9904
threshold=-0.3317298144102096 0.36858567595481878 1.0000000180025095e-35 0.32895509898662573 0.13927808403968814 18.500000000000004 -0.07419854030013083 0.035851256921887405 -1.0000000180025095e-35 0.21283780038356784 0.83237400650978099 -0.0031931661069393154 -0.026498089544475075 12.89257860183716
decision_type=2 2 2 2 2 2 2 2 2 2 2 2 2 2
left_child=7 2 6 -3 5 -4 -2 9 -9 -1 -10 -8 -13 -14
right_child=1 3 4 -5 -6 -7 11 8 10 -11 -12 12 13 -15
leaf_value=0.0021787719876281333 0.0036797187376160574 -0.0039856076199023174 -3.5733878625290238e-05 -0.00095675514781877816 -0.00090379849783435613 0.0056786372845288252 -0.0032802475679054857 -0.00035801005391365639 0.0069950151084122543 8.7569069976397115e-05 0.0023200713284276227 -0.003918626092541541 0.0046624525286825709 0
leaf_weight=778.00482647493482 102.68461663648486 404.13842918910086 104.22329415939748 4212.6067877802998 114.71250866353512 335.08690840564668 332.26806534454226 229.50479281507432 142.18026230297983 2661.8009485546499 572.35237593576312 179.1355634406209 131.80645917356014 291.95868141949177
leaf_count=11366 1685 5792 1398 55346 1413 4637 5153 2812 1640 34853 7346 2306 1599 3470
internal_value=0 -0.000758666 0.000601954 -0.00123679 0.00311688 0.00425487 -0.000714768 0.00098717 0.00242589 0.000576075 0.00337049 -0.00126614 -6.26635e-05 0.00151396
internal_weight=0 6208.62 1591.88 4616.75 554.023 439.31 1037.85 4383.84 944.037 3439.81 714.533 935.169 602.901 423.765
internal_count=140816 82799 21661 61138 7448 6035 14213 58017 11798 46219 8986 12528 7375 5069
is_linear=0
shrinkage=0.0101079


Tree=7
num_leaves=15
num_cat=0
split_feature=27 30 0 1 14 13 14 2 0 18 33 17 33 17
split_gain=61.9207 83.8013 62.2979 50.25 44.0137 41.5177 39.1252 37.3719 64.3748 41.7457 35.9236 24.5232 24.0842 33.1729
threshold=-0.71473535895347584 1.0000000180025095e-35 0.99994850158691417 1.403605103492737 -17.851621627807614 -0.029164540581405159 -10.119950771331785 0.59582167863845836 0.45460835099220281 77.500000000000014 1.0013927817344668 66.500000000000014 0.99393379688262951 18.500000000000004
decision_type=2 2 2 2 2 2 2 2 2 2 8 2 10 2
left_child=2 3 6 4 10 12 -1 9 -9 -3 -2 -10 13 -6
right_child=1 7 -4 -5 5 -7 -8 8 11 -11 -12 -13 -14 -15
leaf_value=-0.005631268925426057 0.0074628449458146954 0.0019437191994401944 -3.2931781174763866e-05 0.0017209491150303785 0.0020212284296430975 -0.00088590352741603235 -0.0016115185187171898 -0.0053458086874589601 0.00061947689097293019 0.0077541080450774895 0.00026581119656856169 0.0026977253978055938 -0.0071671984403127607 -0.0046288386972636623
leaf_weight=421.12868816033006 91.264536991715431 442.43839098326862 1550.5909553598613 846.9718263708055 108.2877311706543 2897.7340161819011 706.081762207672 140.75543849356472 1536.9899436552078 192.77435785159469 298.90239281952381 1003.3518057819456 173.85633876174688 193.15634886175394
leaf_count=6231 601 5753 20052 11340 1854 37027 9433 1821 20396 2311 5808 13625 1168 3447
internal_value=0 0.000398501 -0.00137667 -0.000476091 -0.000983795 -0.00136371 -0.00317677 0.0016248 0.00107522 0.00384118 0.00216197 0.00146183 -0.00413284 -0.00211798
internal_weight=0 7926.48 2677.8 4610.17 3763.2 3373.03 1127.21 3316.31 2681.1 635.213 390.167 2540.34 475.3 301.444
internal_count=140867 105151 35716 61245 49905 43496 15664 43906 35842 8064 6409 34021 6469 5301
is_linear=0
shrinkage=0.0101079


Tree=8
num_leaves=15
num_cat=0
split_feature=28 2 33 0 32 29 11 0 2 20 0 16 29 28
split_gain=67.3061 74.4738 45.6294 40.4276 41.0097 48.9118 52.926 38.4981 31.1344 30.8849 26.3951 23.6192 23.0933 33.2865
threshold=-0.22706275433301923 0.85019415616989147 1.0013927817344668 0.4625371545553208 1.0000000180025095e-35 -1.0000000180025095e-35 0.051903977990150459 1.05026251077652 0.61841103434562694 -2.9783921241760249 0.87357509136199962 0.21674086898565295 1.0000000180025095e-35 -0.72982063889503468
decision_type=2 2 8 2 2 2 2 2 2 2 2 2 2 2
left_child=2 -2 8 -3 9 6 -6 -7 -1 10 -5 -10 13 -13
right_child=1 3 -4 4 5 7 -8 -9 11 -11 -12 12 -14 -15
leaf_value=-0.003602112159134605 0.00059622048849626726 -0.0062599446157102128 0.0016921986730113055 0.0051125359440848655 0.0065051969473308652 -0.0048702508095174726 -0.0020377048057888193 -0.00086374336353468146 0.00282766152309432 -0.00097027632584606818 -0.00051085251995426281 0.00015888126720533581 0.00065649380751474503 -0.0048434742377460064
leaf_weight=248.1113328114152 2478.3643915634602 185.88155202567577 2907.9701661411673 171.0970496442169 105.03988372720778 781.77756956778467 201.10671639628708 399.96664356812835 278.86493388563395 1353.1794711183757 138.22192694991827 282.10342338681221 817.0508024841547 229.85120995342731
leaf_count=1604 33632 2336 51108 2625 1491 10740 2628 5053 1849 17545 1603 1817 5297 1495
internal_value=0 -0.000717997 0.000901245 -0.00170551 -0.00140949 -0.00262756 0.000851263 -0.00356253 -0.000318154 -0.000288069 0.00252011 0.000178151 -0.000360469 -0.00204723
internal_weight=0 5814.64 4763.95 3336.27 3150.39 1487.89 306.147 1181.74 1855.98 1662.5 309.319 1607.87 1329.01 511.955
internal_count=140823 77653 63170 44021 41685 19912 4119 15793 12062 21773 4228 10458 8609 3312
is_linear=0
shrinkage=0.0101079


Tree=9
num_leaves=15
num_cat=0
split_feature=28 27 30 2 33 2 33 22 33 14 20 16 1 33
split_gain=70.8285 90.6528 62.9388 60.5886 51.1288 43.962 39.8651 38.7416 38.3836 36.1127 35.9043 27.6373 27.4023 25.8894
threshold=-0.35222910344600672 -0.076279435306787477 1.0000000180025095e-35 1.2166335582733157 1.0013927817344668 0.60444912314414989 0.99611112475395214 -0.32161961495876307 0.97973212599754345 -8.8273644447326642 -1.5247982144355772 0.7515971064567567 1.6044653058052065 1.0013927817344668
decision_type=2 2 2 2 8 2 10 2 10 2 2 2 2 8
left_child=4 5 3 8 10 -2 -5 -7 -3 -10 -1 -11 -12 -4
right_child=1 2 13 6 -6 7 -8 -9 9 11 12 -13 -14 -15
leaf_value=0.0018805457559054359 0.0029141151365815994 -0.000300720012325302 0.0037005011833411857 0 0.0018394031118831714 -0.0033204914774365964 0.0069888528080758374 -0.00064259157234587195 -0.0066685707491534142 0.00075053327386632356 -0.0021459733536717041 -0.0040240391558119181 0.0015521816826081565 0.00083159444752639632
leaf_weight=479.45828478783369 154.60497398674488 1064.1035536304116 547.99446600675583 216.98016213998199 2628.2229929883033 1702.4840132594109 140.7668874040246 882.56435807794333 229.96836660057306 227.91173350811005 951.42271287739277 232.70694004744291 241.30105324834585 895.5209946334362
leaf_count=3153 2101 19018 3554 3676 46084 22655 908 11878 1527 1508 6150 1483 1564 15578
internal_value=0 -0.000721848 0.000333148 -0.000764104 0.000959411 -0.00210305 0.00294803 -0.00242643 -0.0015534 -0.00340124 -0.000401665 -0.00160139 -0.00135895 0.00196235
internal_weight=0 6295.61 3555.95 2112.44 4300.41 2739.65 357.747 2585.05 1754.69 690.587 1672.18 460.619 1192.72 1443.52
internal_count=140837 83886 47252 28120 56951 36634 4584 34533 23536 4518 10867 2991 7714 19132
is_linear=0
shrinkage=0.0101079


Tree=10
num_leaves=15
num_cat=0
split_feature=22 3 30 13 33 13 3 14 22 2 5 14 14 0
split_gain=52.7004 43.0155 69.6967 60.4895 42.9557 41.7414 36.9466 27.2738 26.1698 31.0329 37.8014 22.605 21.4924 24.0284
threshold=0.35753664374351507 0.46355517208576208 1.0000000180025095e-35 -0.082652881741523729 1.0013927817344668 0.051995458081364639 0.21291415393352511 -3.6331044435501094 -0.60474553704261769 0.77471739053726207 -3.0911982059478755 -10.68403100967407 -2.4790099859237666 0.58921161293983471
decision_type=2 2 2 2 8 2 2 2 2 2 2 2 2 2
left_child=1 2 3 -1 5 -5 -6 -4 9 -3 -11 -8 13 -12
right_child=-2 8 7 4 6 -7 11 -9 -10 10 12 -13 -14 -15
leaf_value=0.0060564276547141523 0.0012717655852405301 0.00066674610648194833 0.0015070572396607132 -0.0044432275352844948 -0.0043550811167361644 0.00072633138160901835 -0.0011224807897716991 0.0055350545384031686 -0.00054010661251358504 0.00080718399017561354 -0.006691875132396212 0.0018062368146741694 -8.5447987782858841e-05 -0.0028248222410282194
leaf_weight=117.56998615153134 2376.8172020036727 286.60931517183781 1153.3997051175684 561.68811118602753 165.16523774527013 201.59912744164467 415.27335559204221 212.12888966873288 3231.6147137843072 208.85049663484097 314.97235435992479 689.39644876122475 159.51635077781975 502.07922019436955
leaf_count=1661 32333 4059 15253 3648 2796 1313 7469 2631 41901 3090 4109 11511 2128 6915
internal_value=0 -0.000434222 0.000402687 -0.000716817 -0.00114953 -0.00303164 0 0.00218957 -0.00106809 -0.00219107 -0.00291581 0.000668701 -0.00375326 -0.00441281
internal_weight=0 8219.86 3516.22 2150.69 2033.12 763.287 1269.84 1365.53 4703.64 1472.03 1185.42 1104.67 976.568 817.052
internal_count=140817 108484 46282 28398 26737 4961 21776 17884 62202 20301 16242 18980 13152 11024
is_linear=0
shrinkage=0.0101079


Tree=11
num_leaves=15
num_cat=0
split_feature=28 27 29 30 2 15 11 0 2 33 16 33 0 33
split_gain=72.5625 94.0276 71.1978 67.5932 47.946 46.8362 45.9886 43.4735 46.8204 41.4298 39.1458 46.951 33.0402 45.2857
threshold=-0.3317298144102096 -0.11969653144478797 -1.0000000180025095e-35 -0.56174489110708226 1.5761187076568606 11.226728916168215 0.037967644631862647 1.0371875762939455 0.89397308230400097 1.0013927817344668 0.58662420511245739 0.97973212599754345 0.95509275794029247 0.99472221732139599
decision_type=2 2 2 2 2 2 2 2 2 8 2 10 2 10
left_child=9 2 6 4 10 12 -2 8 -4 -1 11 -3 13 -5
right_child=1 3 7 5 -6 -7 -8 -9 -10 -11 -12 -13 -14 -15
leaf_value=-0.00018731929250176817 0.0056715777995747438 -0.0015900233943914697 -0.00072384694339807602 0.00170035073290934 0.0036251589122279632 -0.00029683574332904742 -0.0007238293779702927 -0.00057471274610686152 -0.0049421633321222267 0.0018046991303936873 -0.0001923771560027548 -0.0076193952686678494 -0.00088074296129872476 0.0060266013293816204
leaf_weight=1709.7524264603853 154.05161850713193 394.04528372175992 388.95391228049994 710.71779501996934 162.19444679841399 867.18696976266801 365.44427242130041 600.40967441536486 1111.2037529479712 2679.9090701770037 626.00537677109241 215.49980360269547 204.32685162872076 415.17101640999317
leaf_count=11113 2185 7389 5421 12916 1966 10870 4780 7644 15085 46942 7808 1438 2647 2719
internal_value=0 -0.000675403 -0.00213115 0.000376543 -0.00134167 0.00148871 0.0011505 -0.00296318 -0.00388452 0.00102063 -0.00204451 -0.00385514 0.00267806 0.00336122
internal_weight=0 6215.21 2620.06 3595.15 1397.74 2197.4 519.496 2100.57 1500.16 4389.66 1235.55 609.545 1330.22 1125.89
internal_count=140923 82868 35115 47753 18601 29152 6965 28150 20506 58055 16635 8827 18282 15635
is_linear=0
shrinkage=0.0101079


Tree=12
num_leaves=15
num_cat=0
split_feature=28 27 29 30 13 33 11 0 2 2 0 33 15 13
split_gain=68.7583 90.3823 84.6078 61.9322 57.0727 51.4058 43.7963 43.5815 39.6826 38.6262 35.7892 51.5997 33.7256 30.1984
threshold=-0.35222910344600672 -0.076279435306787477 -1.0000000180025095e-35 1.0000000180025095e-35 -0.07419854030013083 1.0013927817344668 0.037048256024718292 1.0371875762939455 1.2166335582733157 0.77471739053726207 0.96951234340667736 0.90112781524658214 3.2176160812377934 0.035851256921887405
decision_type=2 2 2 2 2 8 2 2 2 2 2 10 2 2
left_child=5 2 6 4 -3 12 -2 9 -6 -4 11 -5 -1 -14
right_child=1 3 7 10 8 -7 -8 -9 -10 -11 -12 -13 13 -15
leaf_value=0.0033572882980589473 0.0057775315444282861 0.0054999798154059757 -0.00040192674716792382 0.0010095004985338112 -0.0018225143976566751 0.0018395081404157889 -0.00035137276551361845 -0.0006340718221982298 0.002012289009009786 -0.0046488700903574917 -0.0014152647926951602 0.0054292883378230516 -0.0018084163681838796 0.0014664587392861997
leaf_weight=201.11544789373875 158.39093499444425 130.28462129831314 291.81490879878402 763.89834248833358 1672.1796599794179 2622.449749622494 381.99061791412532 624.45620902627707 313.84982240945101 1266.4440875444561 246.10616679862142 440.967026732862 1108.1642999351025 367.97306111454964
leaf_count=1331 2225 1976 4082 13245 22167 45993 5007 7971 4104 17354 3032 2844 7211 2359
internal_value=0 -0.000702214 -0.0020884 0.000346806 -0.000741557 0.000954736 0.00142661 -0.00297905 -0.00119081 -0.00388524 0.00195758 0.00268449 -0.000406669 -0.000961414
internal_weight=0 6290.38 2723.1 3567.29 2116.31 4299.7 540.382 2182.72 1986.03 1558.26 1450.97 1204.87 1677.25 1476.14
internal_count=140901 84007 36639 47368 28247 56894 7232 29407 26271 21436 19121 16089 10901 9570
is_linear=0
shrinkage=0.0101079


Tree=13
num_leaves=15
num_cat=0
split_feature=28 27 29 30 14 33 11 0 14 13 33 0 33 6
split_gain=60.5827 86.7538 76.6489 60.9702 57.7769 46.9017 46.8859 43.4358 34.4532 35.9219 35.0789 30.748 60.8242 28.6887
threshold=-0.3317298144102096 -0.11969653144478797 -1.0000000180025095e-35 1.0000000180025095e-35 -19.263205528259274 1.0013927817344668 0.037048256024718292 1.0371875762939455 -7.4838857650756827 -0.0033897443208843465 0.97973212599754345 0.96951234340667736 0.90112781524658214 -3.6543539762496944
decision_type=2 2 2 2 2 8 2 2 2 2 10 2 10 2
left_child=5 2 6 4 -3 13 -2 -4 10 -10 -6 12 -5 -1
right_child=1 3 7 11 8 -7 -8 -9 9 -11 -12 -13 -14 -15
leaf_value=0.0019747675399208174 0.0060089567141938865 0.0044898067028343912 -0.0038072676051197074 0.00085711144159307507 -0.0010471376331640506 0.0017669609649401926 -0.00047839009969412316 -0.00049588559123475272 0.0042738599994977082 -0.00080554143888746999 -0.0053984596854758033 -0.0011613726060448065 0.005593500526533947 -0.0010949351907503829
leaf_weight=394.16483315825462 150.91522465460002 189.20497955568135 1493.9814550559968 785.70071102678776 540.60989981144667 2686.685774512589 367.58962043002248 598.15281056798995 160.31081874296069 920.80205105058849 316.68425583839417 244.51841929554939 446.3011425063014 1311.8328110277653
leaf_count=2605 2105 2985 20574 13640 9774 46962 4836 7639 1995 11511 2067 3009 2874 8494
internal_value=0 -0.000615484 -0.00201841 0.000391624 -0.000689036 0.000933906 0.00139261 -0.00288506 -0.00123097 0 -0.00273479 0.00197164 0.00262945 -0.000356421
internal_weight=0 6214.77 2610.64 3604.13 2127.61 4392.68 518.505 2092.13 1938.41 1081.11 857.294 1476.52 1232 1706
internal_count=141070 83009 35154 47855 28332 58061 6941 28213 25347 13506 11841 19523 16514 11099
is_linear=0
shrinkage=0.0101079


Tree=14
num_leaves=15
num_cat=0
split_feature=28 27 29 30 0 33 16 14 33 14 13 21 0 33
split_gain=61.3036 88.7984 85.2018 58.4036 49.7796 45.3229 41.7265 63.9024 55.714 34.6109 35.189 31.3192 37.8989 53.698
threshold=-0.37256073951721186 -0.076279435306787477 -1.0000000180025095e-35 -0.56174489110708226 1.0371875762939455 1.0013927817344668 0.58662420511245739 -17.118154525756832 0.97973212599754345 -14.413261890411375 0.011802653782069685 1.9252766966819765 0.95509275794029247 0.99393379688262951
decision_type=2 2 2 2 2 8 2 2 10 2 2 2 2 10
left_child=5 2 9 6 -4 -1 7 -3 -9 -2 -11 12 13 -5
right_child=1 3 4 11 -6 -7 -8 8 -10 10 -12 -13 -14 -15
leaf_value=-0.00035489336370130123 -0.0024470693825910054 0.0021667018513590406 -0.0038628584556602949 0.0013905013247601269 -0.00045912122330195619 0.0017719978258748262 0.00049917310412290279 -0.0017922489338906484 -0.0087356510706371546 0.0072070981092359635 0.0007327866346272155 -2.0651782105128805e-05 -0.0013066448045275466 0.0060892881695192224
leaf_weight=1637.4158206358552 146.93758683465421 173.32981687784195 1557.7192543651909 712.68113900348544 652.76316782645881 2596.8234568312764 710.57947287335992 317.34328544698656 206.89229161292315 133.47454883344471 267.1033810377121 850.64857645891607 215.131979720667 407.60753877460957
leaf_count=10644 1863 2795 21535 12873 8358 45390 8919 5679 1379 2102 3333 10730 2745 2635
internal_value=0 -0.000628068 -0.00199227 0.000409503 -0.00288102 0.000940805 -0.00117628 -0.00292735 -0.00469468 0.0015132 0.00308369 0.00144998 0.0024117 0.00316566
internal_weight=0 6352.21 2758 3594.21 2210.48 4234.24 1408.14 697.565 524.236 547.516 400.578 2186.07 1335.42 1120.29
internal_count=140980 84946 37191 47755 29893 56034 18772 9853 7058 7298 5435 28983 18253 15508
is_linear=0
shrinkage=0.0101079


Tree=15
num_leaves=15
num_cat=0
split_feature=0 27 30 27 23 29 1 14 33 13 33 11 23 33
split_gain=46.2896 45.3517 62.6481 42.7954 37.9179 49.2724 36.7685 31.7051 40.1721 44.3083 37.6939 31.4369 30.286 39.6045
threshold=0.53103706240654003 -0.71473535895347584 1.0000000180025095e-35 -0.49049438536167139 1.0325137972831728 -1.0000000180025095e-35 1.4162929058074953 -17.118154525756832 0.97973212599754345 0.032867427915334708 1.0013927817344668 0.05551817640662194 0.83237400650978099 0.99393379688262951
decision_type=2 2 2 2 2 2 2 2 10 2 8 2 2 10
left_child=3 4 6 -1 5 11 7 10 -9 -10 -3 -2 13 -4
right_child=1 2 12 -5 -6 -7 -8 8 9 -11 -12 -13 -14 -15
leaf_value=-0.0083431195659785656 0.0058381419060520535 0.0074557009818328112 0.0014770672976178324 -0.0012844928683178652 0.00018194223208219581 -0.0033020843289696044 0.0017565627834482444 0 -0.0037513414287256588 0.0003303526731617926 0.00011373088418003084 -0.0012477297077376213 0.00084599980232622158 0.0052400704625471172
leaf_weight=96.1389867849648 101.60039651766419 90.960209414362907 796.28450729884207 795.55775298923254 1436.2115620281547 928.09113619662821 825.95043389685452 1729.0036235172302 805.88742087781429 380.19452721625566 304.10363591276109 133.4647691231221 1655.3553512785584 489.6236906722188
leaf_count=1292 1430 592 13364 10861 18914 12728 11035 29425 5298 2481 5911 1800 22231 3198
internal_value=0 0.000241668 0.000664203 -0.0021549 -0.000891821 -0.00224479 -0.000129016 -0.000614672 -0.000989106 -0.0024153 0.002014 0.00173536 0.00179083 0.00296365
internal_weight=0 9676.73 7077.36 891.697 2599.37 1163.16 4136.1 3310.15 2915.09 1186.08 395.064 235.065 2941.26 1285.91
internal_count=140560 128407 93535 12153 34872 15958 54742 43707 37204 7779 6503 3230 38793 16562
is_linear=0
shrinkage=0.0101079


Tree=16
num_leaves=15
num_cat=0
split_feature=28 27 29 30 13 0 2 11 33 2 2 0 33 29
split_gain=67.1616 101.191 83.9769 60.1708 57.9823 45.3297 50.9798 37.383 33.1136 37.494 32.5951 32.3717 50.2052 32.4831
threshold=-0.37256073951721186 -0.032717135734856122 -1.0000000180025095e-35 1.0000000180025095e-35 -0.07419854030013083 0.98833799362182628 0.60444912314414989 0.037048256024718292 1.0013927817344668 0.61841103434562694 1.2323799729347231 0.96951234340667736 0.90112781524658214 0.6078576147556306
decision_type=2 2 2 2 2 2 2 2 8 2 2 2 10 2
left_child=8 2 7 4 -3 6 -4 -2 9 -1 -6 12 13 -5
right_child=1 3 5 11 10 -7 -8 -9 -10 -11 -12 -13 -14 -15
leaf_value=-0.00394925928357994 0.0052038115448691863 0.0057754292383585806 0.0015219223418855409 0.003175034201379628 -0.0016412810089119518 -0.00088861282510307212 -0.0046013987469893285 -0.00030874100560822159 0.0016579664223395827 0.00043195216610122169 0.0018809303912610484 -0.0011195068945552902 0.0055133852117691604 -0.00096012841115997269
leaf_weight=223.33845251053572 167.84665220975876 125.8301723189652 140.17506908811629 374.15826797299087 1680.3937801513821 757.60245086438954 1374.2313494998962 399.13066541962326 2585.3647369388491 1423.9496331289411 302.59931516461074 249.23802708089352 427.23628357052803 368.24378183856606
leaf_count=1447 2328 1905 1997 6499 22214 9756 18920 5225 45140 9267 3940 3086 2728 6359
internal_value=0 -0.000696598 -0.00211689 0.000437057 -0.000630866 -0.00298887 -0.00400322 0.00130015 0.000944586 -0.000153053 -0.00107831 0.00204755 0.00275969 0.00108103
internal_weight=0 6366.69 2838.99 3527.7 2108.82 2272.01 1514.41 566.977 4232.65 1647.29 1982.99 1418.88 1169.64 742.402
internal_count=140811 84957 38226 46731 28059 30673 20917 7553 55854 10714 26154 18672 15586 12858
is_linear=0
shrinkage=0.0101079


Tree=17
num_leaves=15
num_cat=0
split_feature=28 27 30 14 0 33 33 2 0 14 33 2 30 2
split_gain=56.9753 84.4233 53.7172 60.6578 38.5379 53.3766 35.6948 34.9276 44.0085 34.8799 33.9874 28.9964 28.0396 27.2781
threshold=-0.39271505177021021 -0.11969653144478797 1.0000000180025095e-35 -19.263205528259274 0.96213337779045116 0.90112781524658214 1.0013927817344668 0.7699982523918153 0.66512262821197521 -7.4178662300109854 0.97973212599754345 0.50128826498985302 0.81174489855766307 0.61841103434562694
decision_type=2 2 2 2 2 10 8 2 2 2 10 2 2 2
left_child=6 7 3 -3 5 12 13 -2 -9 10 11 -5 -4 -1
right_child=1 2 4 9 -6 -7 -8 8 -10 -11 -12 -13 -14 -15
leaf_value=-0.0035235434630893981 0.00090697108853335818 0.004614304761017575 -0.00084544684050784054 0.0030469079353741386 -0.0014521730852192155 0.0053576899178851495 0.0016551726326225317 -0.0047360277212524868 -0.0015385130004767023 0 -0.005193305945816548 -0.0022841867680371041 0.0028719334487210093 0.00025294292447384863
leaf_weight=217.36866889148951 353.49251840636134 194.51408609375358 404.02334578707814 124.03725771233439 277.35855558887124 453.28251070529222 2542.4407062474638 620.76899011619389 1751.4174025524408 1100.9443872589618 333.93781320005655 436.71484604477882 389.727588750422 1400.24810308218
leaf_count=1410 4857 3049 7027 2336 3420 2897 44340 8233 23683 13702 2197 7885 6753 9105
internal_value=0 -0.000608332 0.000373972 -0.000625975 0.00183303 0.00260037 0.000907967 -0.00195913 -0.00240478 -0.0011726 -0.00264613 -0.00100863 0.000939201 -0.000243771
internal_weight=0 6440.22 3714.54 2190.15 1524.39 1247.03 4160.06 2725.68 2372.19 1995.63 894.69 560.752 793.751 1617.62
internal_count=140894 86039 49266 29169 20097 16677 54855 36773 31916 26120 12418 10221 13780 10515
is_linear=0
shrinkage=0.0101079


Tree=18
num_leaves=15
num_cat=0
split_feature=28 27 29 30 14 11 23 33 2 2 29 14 18 33
split_gain=58.4949 69.8129 69.2513 59.6826 61.147 43.9983 43.7601 40.0195 37.1042 33.6126 33.3303 32.7532 39.7036 33.3813
threshold=-0.35222910344600672 -0.16288578510284421 -1.0000000180025095e-35 1.0000000180025095e-35 -18.043401718139645 0.037048256024718292 0.85227778553962719 1.0013927817344668 0.89397308230400097 0.61386308073997509 0.87837970256805431 -7.4838857650756827 40.500000000000007 1.0013927817344668
decision_type=2 2 2 2 2 2 2 8 2 2 2 2 2 8
left_child=7 2 5 4 -3 -2 8 -1 -4 -5 -8 13 -13 -6
right_child=1 3 6 9 11 -7 10 -9 -10 -11 -12 12 -14 -15
leaf_value=-0.00027174684812058392 0.005844700729182961 0.003965626325928207 -0.00090834416621654774 0.0040970951471491629 -0.0055229985844682692 -0.00046234574593645797 -0.0023713124794913902 0.001709632103106736 -0.0052577754985813369 0.00077703473720555877 0.0015911425828121627 -0.0036892733198944259 0.0008047720445578775 -0.0012060440471156945
leaf_weight=1661.2207311466336 151.13669681362808 234.59097105450928 304.79663084819913 458.72871240228415 310.95413246750832 355.73234726674855 648.44561776705086 2641.1852969042957 789.61737195216119 1085.4747096262872 305.36005787178874 253.12193531729281 850.11612055078149 521.27482690662146
leaf_count=10808 2101 3765 4331 5985 2052 4690 8711 46045 10642 14365 4107 3419 10382 9440
internal_value=0 -0.00059293 -0.00187841 0.000282527 -0.00078458 0.00139836 -0.00271119 0.00093607 -0.00409788 0.00180471 -0.00105805 -0.00139449 -0.000208128 -0.00290279
internal_weight=0 6269.35 2555.09 3714.26 2170.06 506.869 2048.22 4302.41 1094.41 1544.2 953.806 1935.47 1103.24 832.229
internal_count=140843 83990 34582 49408 29058 6791 27791 56853 14973 20350 12818 25293 13801 11492
is_linear=0
shrinkage=0.0101079


Tree=19
num_leaves=15
num_cat=0
split_feature=28 27 30 27 14 29 14 13 12 7 18 3 29 16
split_gain=54.6335 76.2045 64.9846 60.2863 59.2544 36.311 33.2696 48.6753 33.0647 36.9962 29.7206 29.3241 27.7478 24.5766
threshold=-0.35222910344600672 -0.49049438536167139 1.0000000180025095e-35 -0.91080963611602772 -17.851621627807614 0.87837970256805431 -7.5470964908599845 -0.0033897443208843465 0.032456278800964362 -0.7259913682937621 46.500000000000007 0.33972992002964025 -1.0000000180025095e-35 0.10216408595442773
decision_type=2 2 2 2 2 2 2 2 2 2 2 2 2 2
left_child=-1 3 4 5 13 -2 -6 -8 9 11 -9 -4 -5 -3
right_child=1 2 8 12 6 -7 7 10 -10 -11 -12 -13 -14 -15
leaf_value=0.00089823263353219578 -0.0017287959306283864 0 0.0043459625874878657 -0.0002484279700333933 -0.0029696298283513663 0.0022967436042641612 0.0043708688290600159 -0.0040405254981763358 -0.00036913615023283425 0.0042350764416974902 -0.00012646997226603343 -0.00047347897919526637 -0.0055364377315526179 0.0061156547632887012
leaf_weight=4325.4953998848796 1066.8365955390036 115.63516887463629 162.90359303914011 143.67202428169549 890.37243703939021 276.84432939812541 177.92395534738898 274.17653155699372 557.92675609514117 639.51965258643031 749.23999318853021 483.46658926829696 569.8091420121491 148.35875227488577
leaf_count=57198 14366 1847 2264 1955 12255 3751 2220 3680 7257 8064 9136 6697 7949 2391
internal_value=0 -0.000577734 0.000194815 -0.00216933 -0.000905487 -0.000861139 -0.00149122 -0.000350161 0.0016204 0.00251202 -0.00123649 0.000715777 -0.00454166 0.00349783
internal_weight=0 6256.69 4199.52 2057.16 2355.71 1343.68 2091.71 1201.34 1843.82 1285.89 1023.42 646.37 713.481 263.994
internal_count=141030 83832 55811 28021 31529 18117 27291 15036 24282 17025 12816 8961 9904 4238
is_linear=0
shrinkage=0.0101079


Tree=20
num_leaves=15
num_cat=0
split_feature=28 2 30 0 13 28 14 15 7 2 13 22 10 0
split_gain=58.6087 55.3018 87.2635 42.3722 38.1918 24.9404 29.6615 23.7023 31.121 22.2584 22.0698 23.0274 22.8067 21.1498
threshold=-0.3317298144102096 0.85019415616989147 1.0000000180025095e-35 0.4625371545553208 -0.088426191359758363 0.56457334756851207 -13.261910438537596 11.693021297454836 -0.4869039505720138 0.52273920178413402 0.035851256921887405 0.35753664374351507 0.13871447741985324 0.58533722162246715
decision_type=2 2 2 2 2 2 2 2 2 2 2 2 2 2
left_child=10 2 13 -3 -5 9 -7 8 -8 -4 11 12 -1 -2
right_child=1 3 5 4 -6 6 7 -9 -10 -11 -12 -13 -14 -15
leaf_value=-0.00075107384577044521 -0.0026896190461837997 -0.0060082294923228174 0.0045768028113217342 0.0041207315553872352 -0.0013090374870834767 0 0.0029719786753950495 0.0018774200468058223 0.010127088021406761 -0.0003980954086067371 0.0023505870768269492 0.0015500841892208091 0.0017058402779260181 -0.00010796964276780991
leaf_weight=1492.1254987157881 478.60375304892659 186.53958497196436 113.86262600123882 127.38288127817214 3264.7074556387961 125.88783096894622 145.0865504425019 175.62704716064036 160.3617779109627 328.31920707039535 949.21831885911524 1453.823375672102 509.49095276556909 1083.4666230417788
leaf_count=19241 6673 2386 1464 1914 43167 2026 2048 2090 2071 4307 11820 20310 6570 14664
internal_value=0 -0.000546383 0.000560242 -0.00136462 -0.00108443 0.00281401 0.00415145 0.00527968 0.00701311 0.000848839 0.000976985 0.000583609 -0.000101431 -0.000933995
internal_weight=0 6189.85 2611.22 3578.63 3392.09 1049.15 606.963 481.075 305.448 442.182 4404.66 3455.44 2001.62 1562.07
internal_count=140751 82810 35343 47467 45081 14006 8235 6209 4119 5771 57941 46121 25811 21337
is_linear=0
shrinkage=0.0101079


Tree=21
num_leaves=15
num_cat=0
split_feature=28 27 30 2 33 2 33 0 33 33 3 2 16 16
split_gain=54.29 97.8528 66.7693 43.8498 42.6266 41.8634 41.1937 33.8028 64.4397 32.3581 31.5203 29.7315 28.5184 35.9276
threshold=-0.22706275433301923 -0.11969653144478797 1.0000000180025095e-35 1.2166335582733157 1.0013927817344668 0.76120200753211986 0.99611112475395214 0.90931785106658947 0.90112781524658214 0.97973212599754345 0.77941641211509716 0.61841103434562694 0.51536467671394359 0.78597670793533336
decision_type=2 2 2 2 8 2 10 2 10 10 2 2 2 2
left_child=4 5 3 9 11 -2 -5 8 -4 -3 -7 -1 -11 -14
right_child=1 2 7 6 -6 10 -8 -9 -10 12 -12 -13 13 -15
leaf_value=-0.0035712884219861276 0.001165240435230263 -0.00019836335738631562 0.0010706006117326831 -0.00012867864504034714 0.0015979532897550908 -0.0039920752694649697 0.0068165164660995278 -0.00067393376216653316 0.0062441730992400819 -0.0059047455533712805 -0.0014161420191681666 0.00013890114164150886 0.0014572678765460772 -0.0043020641864853423
leaf_weight=245.39474605768919 312.26025691442192 1007.4164173025638 705.27174836955965 204.78275733441114 2931.7836439590901 1014.8605764582753 131.22586228698492 308.63959873840213 395.38080544769764 239.25804656744003 1076.9835058357567 1601.7117593958974 207.99014194309711 207.63259331882
leaf_count=1594 4246 17993 12166 3462 51195 13463 848 3806 2508 1619 14877 10413 1373 1329
internal_value=0 -0.000613619 0.000478368 -0.000694109 0.000839222 -0.00217482 0.00255702 0.00216425 0.00299582 -0.00138421 -0.00269512 -0.000344844 -0.003124 -0.00134993
internal_weight=0 5811.7 3407.6 1998.31 4778.89 2404.1 336.009 1409.29 1100.65 1662.3 2091.84 1847.11 654.881 415.623
internal_count=140892 77690 45104 26624 63202 32586 4310 18480 14674 22314 28340 12007 4321 2702
is_linear=0
shrinkage=0.0101079


Tree=22
num_leaves=15
num_cat=0
split_feature=22 3 30 14 33 7 0 21 0 32 20 33 30 21
split_gain=45.073 40.3953 55.3075 52.9298 39.805 34.3562 33.6764 28.1604 26.7268 28.3104 28.0778 24.3924 23.3514 24.5853
threshold=0.35753664374351507 0.46355517208576208 1.0000000180025095e-35 -20.95866775512695 1.0013927817344668 7.1314823627471933 0.65518140792846691 -2.3698755502700801 0.44613337516784674 1.0000000180025095e-35 -3.3467630147933956 0.89692735671997081 1.0000000180025095e-35 0.45511806011199957
decision_type=2 2 2 2 8 2 2 2 2 2 2 10 2 2
left_child=1 2 3 -1 5 -5 -6 -4 -3 10 -10 -9 13 -12
right_child=-2 8 7 4 6 -7 -8 11 9 -11 12 -13 -14 -15
leaf_value=0.0043875549377478109 0.0012078724522152882 -0.0047414394552868023 -5.0830328655728269e-05 -0.0048371187457598216 -0.0022007230735699972 -0.00033972008604742689 0.0013087124918489037 0.0015921214815849806 0.0024319039458008365 -0.0017260728863637369 -0.0033986935621218598 0.0051067599146995164 0.00057886833072883675 -0.00031775602310813849
leaf_weight=190.49852784909308 2399.096717203036 182.82114359363914 420.14042944461107 410.75503110140562 424.39938051253557 333.97363956272602 780.33976696245372 587.07119641080499 370.82259949855506 1954.6429024431854 437.70536927133799 358.49868747591972 971.67536934837699 740.17312774993479
leaf_count=2901 32516 2397 5933 2714 7143 2170 13417 9579 5134 26782 6003 2273 12567 9097
internal_value=0 -0.000365888 0.000445238 -0.000554146 -0.00107296 -0.002898 3.29504e-05 0.00203506 -0.000984784 -0.000814464 -8.83824e-05 0.00299735 -0.000549 -0.00151132
internal_weight=0 8163.52 3505.68 2139.97 1949.47 744.729 1204.74 1365.71 4657.84 4475.02 2520.38 945.57 2149.55 1177.88
internal_count=140626 108110 46130 28345 25444 4884 20560 17785 61980 59583 32801 11852 27667 15100
is_linear=0
shrinkage=0.0101079


Tree=23
num_leaves=15
num_cat=0
split_feature=28 27 29 30 0 29 14 2 16 33 15 2 14 7
split_gain=65.1235 75.3022 65.2929 51.8866 40.5062 40.9327 40.3371 40.0905 41.649 47.7158 38.1776 40.4679 42.8426 36.4123
threshold=-0.39271505177021021 -0.16288578510284421 -1.0000000180025095e-35 -0.56174489110708226 0.70808455348014843 0.87837970256805431 -14.283365726470945 1.4957113265991213 0.59474864602088939 0.99393379688262951 11.131989955902101 0.52273920178413402 -7.3524913787841788 6.1395466327667245
decision_type=2 2 2 2 2 2 2 2 2 10 2 2 2 2
left_child=-1 2 6 7 -4 -6 -2 8 9 -3 11 -5 -13 -8
right_child=1 3 4 10 5 -7 13 -9 -10 -11 -12 12 -14 -15
leaf_value=0.001025752857430131 -0.0030533685030994049 -0.0014629870423571627 -0.0046346173311636847 0.0053538653505357308 -0.0027398570463180471 0.0010439428617151235 0.0063158043750051931 0.0030249035295913588 0 -0.0074399942329639729 -0.00029307523406321223 0.00017388309848650744 0.005178873236411718 0
leaf_weight=4174.5323430355638 148.83008109591901 413.71987739950418 741.18815346062183 336.87275603972375 966.46286945044994 393.86999592930079 171.41726662218571 187.67772314697504 634.46333618462086 219.12132200598717 940.1108140796423 849.35544324479997 218.99522569403052 214.02365145087242
leaf_count=55018 1873 7759 9984 4404 13241 5322 2550 2329 7897 1491 11723 12009 2800 2692
internal_value=0 -0.00059356 -0.00190593 0.000308025 -0.0027121 -0.00161498 0.00118387 -0.00117353 -0.00184144 -0.00365976 0.00124518 0.00229898 0.00126693 0.00295054
internal_weight=0 6436.11 2635.79 3800.32 2101.52 1360.33 534.271 1454.98 1267.3 632.841 2345.33 1405.22 1068.35 385.441
internal_count=141092 86074 35662 50412 28547 18563 7115 19476 17147 9250 30936 19213 14809 5242
is_linear=0
shrinkage=0.0101079


Tree=24
num_leaves=15
num_cat=0
split_feature=22 2 30 0 0 33 16 32 14 29 23 29 0 33
split_gain=46.4085 43.8867 72.5524 48.8125 44.3736 54.8186 47.6244 32.9463 41.6082 27.189 46.1985 28.6996 22.8273 24.5857
threshold=0.4828402847051621 0.90456402301788341 1.0000000180025095e-35 0.52547094225883495 0.7778720259666444 0.89692735671997081 0.77124229073524486 1.0000000180025095e-35 -16.944590568542477 -1.0000000180025095e-35 0.96098509430885326 0.87837970256805431 0.58921161293983471 2.2975000143051152
decision_type=2 2 2 2 2 10 2 2 2 2 2 2 2 8
left_child=1 2 12 -3 5 6 -4 8 -5 -9 -11 -12 -1 -14
right_child=-2 3 4 7 -6 -7 -8 9 -10 10 11 -13 13 -15
leaf_value=-0.0024879089774085521 0.001376871034337834 -0.0047681732945239761 0 0.0029940767264486387 0.00026322096823639502 0.006861634350047551 0.007785849166572413 0.00060617818920804612 -0.00050496683222341478 -0.0043820669878926284 -0.0019022192377253129 0.0021525799628446919 -0.0015277931649296888 0.00083383022559537932
leaf_weight=519.60017576441169 2068.4858722388744 319.35804095119238 404.04396226815879 411.40894631110132 722.0199822857976 339.7648893892765 90.101951599121094 385.86822741478682 1997.7729431148618 631.53119128383696 602.55255587212741 237.82377549260855 735.64552294462919 1126.9472152311355
leaf_count=7265 28006 4139 7316 6069 9727 2171 1449 5301 25044 8765 7963 3176 4911 19741
internal_value=0 -0.000307942 0.000467327 -0.000982126 0.00216537 0.00374685 0.00145268 -0.000681279 8.33661e-05 -0.00169087 -0.00232045 -0.000697921 -0.000628178 -7.96854e-05
internal_weight=0 8524.44 3938.12 4586.32 1555.93 833.911 494.146 4266.96 2409.18 1857.78 1471.91 840.376 2382.19 1862.59
internal_count=141043 113037 52580 60457 20663 10936 8765 56318 31113 25205 19904 11139 31917 24652
is_linear=0
shrinkage=0.0101079


Tree=25
num_leaves=15
num_cat=0
split_feature=28 2 22 33 2 16 13 29 20 28 32 2 18 13
split_gain=50.6652 38.2573 45.8967 35.9715 33.6104 27.9832 30.8688 26.9546 22.8463 22.8689 22.277 22.6274 18.2537 30.2496
threshold=-0.35222910344600672 0.89397308230400097 -0.58671990036964405 1.0013927817344668 0.61841103434562694 0.21674086898565295 0.035851256921887405 0.6078576147556306 -2.7108690738677974 0.52803644537925731 1.0000000180025095e-35 1.4420622587203982 43.500000000000007 -0.027597286738455292
decision_type=2 2 2 8 2 2 2 2 2 2 2 2 2 2
left_child=3 12 8 4 -1 -6 7 -7 -3 -10 11 -4 -2 -14
right_child=1 2 10 -5 5 6 -8 -9 9 -11 -12 -13 13 -15
leaf_value=-0.0039263168408798588 -0.00073665280267567145 0 -0.00053006740231679149 0.0015815776727559992 0.0032494085650054908 -0.0029370249507959228 0.0021621196982890343 0.00055371566166214866 -0.0012672762801648188 -0.0046814974822750252 -0.0013801914960828708 0.0024546811884832284 -0.0012125658700291497 0.0017254327584683862
leaf_weight=218.62448033690453 1077.6766804028302 218.33722102455795 620.72882671095431 2643.5043002441525 255.29353615641594 498.35415993630886 333.81927520036697 374.89583695679903 355.43375656940043 639.99226087704301 1145.6854749564081 418.36724257841706 471.04352566972375 1295.8182251602411
leaf_count=1422 15375 3375 8019 45881 1681 3238 2143 2434 4917 8371 15251 5323 6519 16509
internal_value=0 -0.000576639 -0.00130146 0.000845648 -0.000289603 0.000244102 -0.0003746 -0.00140062 -0.00287649 -0.00352169 -0.00040101 0.000642116 0.000276315 0.000917496
internal_weight=0 6243.08 3398.54 4324.49 1680.99 1462.36 1207.07 873.25 1213.76 995.426 2184.78 1039.1 2844.54 1766.86
internal_count=140458 83659 45256 56799 10918 9496 7815 5672 16663 13288 28593 13342 38403 23028
is_linear=0
shrinkage=0.0101079


Tree=26
num_leaves=15
num_cat=0
split_feature=28 27 13 33 6 0 14 23 13 0 3 3 11 27
split_gain=50.8844 77.3109 41.7389 31.615 28.8876 26.8154 24.5392 34.4244 22.2256 22.6668 28.8741 20.8452 19.567 19.224
threshold=-0.35222910344600672 -0.032717135734856122 -0.075897756963968263 1.0013927817344668 -3.222421288490295 0.70479092001914989 -6.5622520446777335 0.74567091464996349 0.034663168713450439 1.2904752492904665 0.52852275967597973 0.2925772368907929 0.017657388001680378 -0.50938662886619557
decision_type=2 2 2 8 2 2 2 2 2 2 2 2 2 2
left_child=3 5 -3 4 -1 13 11 -8 9 10 -6 -5 -7 -2
right_child=1 2 -4 6 8 12 7 -9 -10 -11 -12 -13 -14 -15
leaf_value=0.0020320058110017063 -0.0047367158315835866 0.0046303201515078283 9.1358425675097413e-05 -0.0024492628868474126 -0.0047953893367849443 0.0013121219270744435 0.0088987311041458517 0.0020865473857592997 0.0011120481169706777 0.0004526751829072225 -0.00037404275401312049 0.0011071566353316954 -0.0015230698325625824 -0.0017980488371922624
leaf_weight=411.27800128608942 461.09122128412127 215.08031512796879 3274.5564114153385 178.31594244204462 354.48877447098494 279.42845106124878 81.247293403372169 992.28416320681572 337.9077570810914 277.39982637763023 297.82616092264652 1403.3433698471636 1428.4114397559315 602.47123123519123
leaf_count=2705 6389 3078 43153 2889 2298 3739 1047 16715 2146 1811 1957 25358 19358 8201
internal_value=0 -0.000599195 0.000392188 0.000824274 -0.00024029 -0.00185973 0.00151137 0.00269875 -0.00101704 -0.00183682 -0.00286578 0.000670888 -0.00103181 -0.00313454
internal_weight=0 6261.04 3489.64 4334.09 1678.9 2771.4 2655.19 1073.53 1267.62 929.715 652.315 1581.66 1707.84 1063.56
internal_count=140844 83918 46231 56926 10917 37687 46009 17762 8212 6066 4255 28247 23097 14590
is_linear=0
shrinkage=0.0101079


Tree=27
num_leaves=15
num_cat=0
split_feature=28 27 2 33 6 13 23 13 2 23 3 5 14 3
split_gain=52.0119 77.9333 41.4939 36.752 29.9444 29.4299 29.3898 22.5964 31.3981 21.6664 24.9037 20.8681 18.4936 38.6197
threshold=-0.3317298144102096 0.11969653144478799 0.60907891392707836 1.0013927817344668 -3.222421288490295 -0.075897756963968263 0.88475248217582714 0.03524135239422322 0.94057160615921032 1.0098485350608828 0.66757315397262584 -4.6037881374359122 -2.29516589641571 0.85334494709968578
decision_type=2 2 2 8 2 2 2 2 2 2 2 2 2 2
left_child=3 2 -2 4 11 -3 12 8 -6 10 -7 -1 13 -4
right_child=1 5 6 -5 7 9 -8 -9 -10 -11 -12 -13 -14 -15
leaf_value=-0.00014719341358235356 0.0019204780825406924 0.0041412358674674035 -0.0043322810887987577 0.001510984999913281 -0.003738915444814161 0.00014129418619073219 -0.00082511131136868518 0.00099178166543362374 0 -0.0022702909295073564 0.0034898791965888827 0.0041337293012036628 0 -0.0003893892353978333
leaf_weight=213.45120481401682 258.37255245447159 197.76999228447676 1130.8063416406512 2701.3219841402024 485.74667477607727 2423.3553374409676 1065.9121718518436 338.07749301195145 456.62634445726871 319.97290673665702 246.93184615671635 208.66241103410721 190.37529361620545 358.69286588765681
leaf_count=1389 3535 2821 15500 46840 3216 32744 14252 2143 2930 3506 3140 1389 2498 5023
internal_value=0 -0.000658714 -0.00182737 0.00077649 -0.000366737 0.000431598 -0.00219909 -0.00115579 -0.00197064 0.000162822 0.000475138 0.00191058 -0.00303923 -0.00341665
internal_weight=0 6192.19 3004.16 4403.89 1702.56 3188.03 2745.79 1280.45 942.373 2990.26 2670.29 422.114 1679.87 1489.5
internal_count=140926 83019 40808 57907 11067 42211 37273 8289 6146 39390 35884 2778 23021 20523
is_linear=0
shrinkage=0.0101079


Tree=28
num_leaves=15
num_cat=0
split_feature=28 27 30 14 0 2 33 33 0 2 14 29 14 33
split_gain=48.2794 79.7413 72.9951 54.8742 49.715 48.5206 55.1968 36.3466 36.2943 35.402 32.3197 26.9473 28.4761 24.8913
threshold=-0.22706275433301923 -0.47136868536472315 1.0000000180025095e-35 -17.851621627807614 0.56441459059715282 0.82409617304801952 1.0013927817344668 1.0013927817344668 0.52021619677543651 0.61841103434562694 -9.2497606277465803 -1.0000000180025095e-35 -13.914676189422606 0.97973212599754345
decision_type=2 2 2 2 2 2 8 8 2 2 2 2 2 10
left_child=7 4 3 -3 -2 6 -4 9 -7 -1 13 12 -6 -5
right_child=1 2 5 10 11 8 -8 -9 -10 -11 -12 -13 -14 -15
leaf_value=-0.0038898685183853827 -0.0077973000475138115 0.0032886332625551833 0.0064143650087010841 -0.001741764510916936 -0.003650333424353914 -0.0043390862155786207 0.0010890613477415323 0.0014158240360390953 0.00098333503780644645 0.00015470182383046089 -0.00071024301232415835 -0.0024851723845325966 0.0025041890124715936 -0.0061371571412019337
leaf_weight=246.10287803411484 156.08124970644712 250.01762292720377 358.69366892427206 383.76580602116883 99.80020216666162 151.43484115600586 493.19293498620391 2946.8001819010824 730.02709629945457 1606.6783134639263 1347.0767954755574 1335.1765983849764 246.89046486280859 238.44611980021
leaf_count=1611 2156 3990 2233 6936 1253 1963 9056 51179 9480 10447 17190 18473 3368 1613
internal_value=0 -0.000652852 0.000147221 -0.00105405 -0.00238891 0.00170642 0.00341549 0.000716776 0 -0.00037452 -0.00163644 -0.00183007 0.000577749 -0.00354444
internal_weight=0 5790.6 3952.65 2219.31 1837.95 1733.35 851.887 4799.58 881.462 1852.78 1969.29 1681.87 346.691 622.212
internal_count=140948 77711 52461 29729 25250 22732 11289 63237 11443 12058 25739 23094 4621 8549
is_linear=0
shrinkage=0.0101079


Tree=29
num_leaves=15
num_cat=0
split_feature=28 27 30 14 27 14 29 15 33 6 33 13 12 7
split_gain=47.2756 67.9241 63.4342 62.1111 53.767 38.4452 35.8378 33.7109 33.065 33.265 31.4291 28.6716 26.5388 32.3546
threshold=-0.3317298144102096 -0.49049438536167139 1.0000000180025095e-35 -17.851621627807614 -0.91080963611602772 -9.3195166587829572 0.87837970256805431 2.3870605230331425 1.0013927817344668 -3.5042848587036128 0.97973212599754345 0.035851256921887405 0.032456278800964362 -0.7259913682937621
decision_type=2 2 2 2 2 2 2 2 8 2 10 2 2 2
left_child=8 4 3 7 6 10 -2 -3 9 -1 -5 -11 13 -4
right_child=1 2 12 5 -6 -7 -8 -9 -10 11 -12 -13 -14 -15
leaf_value=0.0021530909881418694 -0.0017415325958224411 -0.00069641697702658772 0.00063672070625102317 -0.001691684693342828 -0.0043633447950040677 -0.00061301595246438943 0.0023186107532176627 0.0063045822933965523 0.0014512437872719677 -0.0020151551925385747 -0.0064879564973054716 0.0013446629586065322 -0.00026466757312164184 0.0039300982601357514
leaf_weight=403.30576077103615 1028.1320757064968 101.06681400351226 647.35124287009239 402.78004174679518 713.70168505050242 1427.227120321244 268.76454364322126 162.76028477400541 2709.0210518371314 975.23373243957758 245.03354361653328 331.60615631937981 551.19825678505003 639.93706352449954
leaf_count=2649 13977 1650 8858 7287 9943 18124 3618 2575 46911 6375 1656 2103 7157 8057
internal_value=0 -0.000612024 0.000114228 -0.000978312 -0.00213573 -0.0015817 -0.000860435 0.00352928 0.000755251 -0.000325235 -0.00362207 -0.00112895 0.00152436 0.00231871
internal_weight=0 6187.95 4177.35 2338.87 2010.6 2075.04 1296.9 263.827 4419.17 1710.15 647.814 1306.84 1838.49 1287.29
internal_count=140940 82902 55364 31292 27538 27067 17595 4225 58038 11127 8943 8478 24072 16915
is_linear=0
shrinkage=0.0101079


Tree=30
num_leaves=15
num_cat=0
split_feature=1 2 20 17 13 23 14 15 23 6 3 3 5 29
split_gain=40.3556 35.6656 27.8784 27.7759 20.8655 22.6954 19.6798 29.0545 18.8064 17.8311 14.5096 22.9542 23.2653 13.4633
threshold=0.67974069714546215 0.90456402301788341 -2.9216593503952022 33.500000000000007 -0.078081887215375886 2.1733179092407231 -7.5470964908599845 3.3992233276367192 0.51119145750999462 -9.8032932281494123 0.64882349967956554 0.51988515257835399 -3.345266461372375 -1.0000000180025095e-35
decision_type=2 2 2 2 2 2 2 2 2 2 2 2 2 2
left_child=1 -1 9 -4 -2 6 7 10 -5 -3 11 12 -6 -10
right_child=4 2 3 8 5 -7 -8 -9 13 -11 -12 -13 -14 -15
leaf_value=0.00010516939256760726 0.0033743402909101857 -0.0018918423674473103 -0.00057941988379185878 -0.0061190391249709101 -0.0028450639911313204 0.0026235169040597444 0.0007180616917161378 -0.0010861239816609509 8.298835341322967e-05 0.002520657598315032 -0.00011573698481884249 0.0052455447067012518 0.002947846761871591 -0.0031708701527557686
leaf_weight=1887.1603094059974 233.37441628612578 147.05996170639992 587.39030359685421 227.13625261373818 113.79821291565895 404.21730185113847 3155.9351974278688 2078.9266451001167 133.14622230455279 213.41474297828972 450.80400195531547 167.7848496530205 156.8348758853972 621.83347160369158
leaf_count=25437 3207 2300 7821 2948 1721 4880 38910 28614 1878 3108 6568 2622 2633 8096
internal_value=0 -0.000863265 -0.0018278 -0.00241329 0.000435208 0.000320125 0.00015841 -0.000423356 -0.00345626 0.000608606 0.00107704 0.00237531 0.000355229 -0.00254884
internal_weight=0 3817.14 1929.98 1569.51 6761.68 6528.3 6124.08 2968.15 982.116 360.475 889.222 438.418 270.633 754.98
internal_count=140743 51588 26151 20743 89155 85948 81068 42158 12922 5408 13544 6976 4354 9974
is_linear=0
shrinkage=0.0101079


Tree=31
num_leaves=15
num_cat=0
split_feature=28 27 30 14 27 2 0 29 29 14 18 27 28 18
split_gain=41.2855 72.8589 72.4961 67.1989 53.75 45.5057 40.8914 34.1013 31.9548 27.4243 27.1512 30.4593 26.5896 25.6298
threshold=-0.24825246632099149 -0.49049438536167139 1.0000000180025095e-35 -17.851621627807614 -0.91080963611602772 0.79732838273048412 0.4625371545553208 0.87837970256805431 -1.0000000180025095e-35 -7.5470964908599845 40.500000000000007 0.11969653144478799 0.054511256515979774 24.500000000000004
decision_type=2 2 2 2 2 2 2 2 2 2 2 2 2 2
left_child=-1 4 3 13 7 12 -7 -2 -6 -5 -11 -12 -4 -3
right_child=1 2 5 9 8 6 -8 -9 -10 10 11 -13 -14 -15
leaf_value=0.0007324260992761975 -0.0016989366592663814 0 -0.00095858633675446349 -0.0030084240995428254 0 -0.0055517244087621622 0.00097025130469721201 0.0025218758697899131 -0.0054496772045858309 -0.0034873069357665813 -0.0032322923902575462 0.0012554162935471212 0.0041512602015285841 0.0066416867989086813
leaf_weight=4727.0522071626037 912.42071658931673 119.04549718089402 103.82149747386575 844.98601493053138 141.74122980609536 102.84628520533442 847.41449622809887 235.31244999542832 563.85481458902359 244.45235770754516 188.42468722723424 699.55958677083254 728.46381351910532 136.91470363177359
leaf_count=62165 12440 1867 1313 11654 1933 1275 11015 3190 7965 3343 2423 8488 9683 2208
internal_value=0 -0.000535548 0.00022104 -0.000979372 -0.00219092 0.00174544 0.00018349 -0.000787575 -0.00438399 -0.00162742 -0.000548204 0.000238504 0.00346271 0.00377567
internal_weight=0 5869.26 4015.93 2233.38 1853.33 1782.55 950.261 1147.73 705.596 1977.42 1132.44 887.984 832.285 255.96
internal_count=140962 78797 53269 29983 25528 23286 12290 15630 9898 25908 14254 10911 10996 4075
is_linear=0
shrinkage=0.0101079


Tree=32
num_leaves=15
num_cat=0
split_feature=28 27 29 30 21 13 0 21 21 21 23 18 29 13
split_gain=46.7063 60.3579 70.4811 48.3491 38.6981 40.4905 36.667 28.7793 43.5515 28.7228 27.912 23.454 23.1255 29.0453
threshold=-0.37256073951721186 -0.11969653144478797 -1.0000000180025095e-35 -0.56174489110708226 -6.3172955513000479 0.011802653782069685 1.0118389725685122 1.7928017377853396 -6.3172955513000479 2.3938648700714116 0.97621023654937755 90.500000000000014 0.6078576147556306 -0.046518392860889428
decision_type=2 2 2 2 2 2 2 2 2 2 2 2 2 2
left_child=-1 2 4 7 -2 -6 -4 8 -3 10 12 -11 13 -5
right_child=1 3 6 9 5 -7 -8 -9 -10 11 -12 -13 -14 -15
leaf_value=0.0008893663231130921 -0.0029399772262170172 0.0020558003910551999 -0.0034091486308443979 0.00067351976119599494 0.0074632917248080499 0.0006167170989916593 -0.00049854525204765432 0.00042082968628194957 -0.0036515547168463713 -0.0013396383504605551 -0.0014384094398122733 0.0023983741301190097 0.001608864171442382 0.0065926255260017339
leaf_weight=4259.2195019386709 130.14127990230918 160.02076752111316 1419.2861999459565 147.85070486553013 138.59268549457192 264.64816037192941 695.90134411491454 652.38517081923783 612.01263091154397 576.1987879537046 176.97072952985764 232.62538876011968 852.14655965194106 270.76961017213762
leaf_count=55968 1703 2443 20008 1944 2078 3349 8995 8266 8375 7298 2220 2841 11659 3735
internal_value=0 -0.000477803 -0.00164187 0.000350458 0.00157887 0.00316336 -0.00247587 -0.00108883 -0.00240809 0.00127748 0.00212891 -0.000202578 0.00266301 0.00464659
internal_weight=0 6329.55 2648.57 3680.98 533.382 403.241 2115.19 1424.42 772.033 2256.56 1447.74 808.824 1270.77 418.62
internal_count=140882 84914 36133 48781 7130 5427 29003 19084 10818 29697 19558 10139 17338 5679
is_linear=0
shrinkage=0.0101079


Tree=33
num_leaves=15
num_cat=0
split_feature=22 13 2 30 13 18 18 2 22 5 14 3 13 29
split_gain=39.2174 37.4069 43.8319 69.8844 33.2443 41.6456 27.844 43.5013 26.9502 22.7884 20.8525 19.2341 26.8929 18.555
threshold=0.35753664374351507 -0.088426191359758363 0.90456402301788341 1.0000000180025095e-35 -0.027597286738455292 42.500000000000007 83.500000000000014 0.58217492699623119 -0.78972703218460072 -1.8875439167022703 -4.7961630821228018 0.21291415393352511 0.03788700886070729 1.0000000180025095e-35
decision_type=2 2 2 2 2 2 2 2 2 2 2 2 2 2
left_child=1 -1 3 4 5 -3 -5 -8 9 -4 -11 -6 -13 -14
right_child=-2 2 8 6 11 -7 7 -9 -10 10 -12 12 13 -15
leaf_value=0.0034988047852159464 0.0011602169811419805 0.00065060556024985688 0 0.0011848052358042747 -0.0033716844077218313 -0.0052286598335025232 0.0089933719403077501 0.0016206867984722179 -0.00077317380733516253 -0.0057491706790441383 -0.0011065121755593509 -0.00047264095271741259 -0.0002780759660505556 0.0040832096722644437
leaf_weight=245.95959444902837 2405.5724680870771 178.34671137668192 167.69231457076967 1087.008589765057 157.47235783748329 315.11954434961081 133.83509482815862 246.69025994837284 3538.2118611820042 305.14938873425126 186.57031821273267 1213.7290502917022 131.22188385017216 259.65117888711393
leaf_count=3492 32525 2867 2584 14537 2313 4165 1593 3194 45914 4280 2510 15622 1674 3344
internal_value=0 -0.000305861 -0.000432369 0.000357476 -0.000745963 -0.00304543 0.00207596 0.00444393 -0.00114193 -0.00302835 -0.00411257 -6.87584e-05 0.000244692 0.00254015
internal_weight=0 8166.66 7920.7 3723.07 2255.54 493.466 1467.53 380.525 4197.62 659.412 491.72 1762.07 1604.6 390.873
internal_count=140614 108089 104597 49309 29985 7032 19324 4787 55288 9374 6790 22953 20640 5018
is_linear=0
shrinkage=0.0101079


Tree=34
num_leaves=15
num_cat=0
split_feature=28 27 29 30 2 15 16 33 11 0 33 23 2 13
split_gain=44.7285 65.249 66.5201 49.0959 45.353 37.6239 37.5194 52.9046 36.8865 36.7425 44.8164 34.7894 41.3981 27.7561
threshold=-0.3317298144102096 -0.076279435306787477 -1.0000000180025095e-35 -0.56174489110708226 1.4957113265991213 11.131989955902101 0.59474864602088939 0.97973212599754345 0.035230413079261787 0.96213337779045116 0.99393379688262951 0.96098509430885326 0.89397308230400097 0.014538369607180359
decision_type=2 2 2 2 2 2 2 10 2 2 10 2 2 2
left_child=-1 2 8 4 6 9 7 -3 -2 10 -5 12 13 -4
right_child=1 3 11 5 -6 -7 -8 -9 -10 -11 -12 -13 -14 -15
leaf_value=0.00078953025861194163 0.0054251332752045878 -0.0012564256878905024 -0.0026945951756747358 0.0014252590033824615 0.0035010510901727801 -0.00029078051761064134 0 -0.0076901877443028939 -0.00024616959683281084 -0.001512535389459049 0.0057404686952580554 -0.00061377971362219905 -0.004555330468719321 0.0026240030501463131
leaf_weight=4415.2549029383808 155.16488624177873 389.03058813512325 252.48514448851347 691.81011088937521 173.93265283480287 863.68351507931948 584.56853419728577 208.62827280163765 373.42757080681622 191.50593219511211 414.27098815143108 691.10503103397787 1012.904354268685 150.98919433914125
leaf_count=57927 2122 7350 3567 12557 2149 10722 7328 1436 4957 2466 2662 9256 14060 2096
internal_value=0 -0.000542598 -0.0017451 0.000348937 -0.0011389 0.00130192 -0.00187366 -0.00363785 0.0013966 0.00238857 0.0031061 -0.00255444 -0.00346456 -0.00059398
internal_weight=0 6153.51 2636.08 3517.43 1356.16 2161.27 1182.23 597.659 528.592 1297.59 1106.08 2107.48 1416.38 403.474
internal_count=140655 82728 36058 46670 18263 28407 16114 8786 7079 17685 15219 28979 19723 5663
is_linear=0
shrinkage=0.0101079


Tree=35
num_leaves=15
num_cat=0
split_feature=22 27 28 30 13 3 16 14 6 15 12 0 12 14
split_gain=43.6448 59.2218 70.1697 64.2304 41.081 28.4868 37.4398 29.2301 29.1163 34.2742 25.0107 35.2147 29.4399 19.5314
threshold=0.35753664374351507 -0.49049438536167139 0.41268247365951544 1.0000000180025095e-35 -0.085559077560901628 0.85334494709968578 0.57807111740112316 -5.3411304950714102 4.4961161613464364 17.265467643737797 0.032456278800964362 0.77187913656234752 -0.0077923473436385384 -10.119950771331785
decision_type=2 2 2 2 2 2 2 2 2 2 2 2 2 2
left_child=1 2 13 4 -3 6 -6 8 9 -8 11 12 -5 -1
right_child=-2 3 -4 10 5 -7 7 -9 -10 -11 -12 -13 -14 -15
leaf_value=-0.0019796567122274391 0.001210946100792577 0.0053108300829897721 -0.0044280104934117477 0.0017870083544266635 -0.0022890230374970726 0.0032402539187344355 0.0050202359993111439 -0.00094811952010083738 -0.0024895666922309101 -0.0013545020449961911 -8.4010815833746619e-05 0.00059435287059618524 0.0057448047873907646 0.00032654540533789977
leaf_weight=579.93760997615755 2404.5447750687599 102.97593473270535 682.16236792877316 507.58562992885709 1491.541819119826 148.91826584562659 289.67383493110538 1198.5885947048664 103.30034288764 104.98257048800588 739.63640884682536 885.48473530076444 364.14041513390839 974.21607708372176
leaf_count=8358 32500 1450 9590 6955 21220 2031 3736 14152 1181 1530 9616 11198 4480 12820
internal_value=0 -0.000336 -0.00173667 0.000186349 -0.000700996 -0.000910318 -0.00112414 -7.05938e-05 0.00194395 0.0032303 0.00142345 0.00207853 0.00352184 -0.00051356
internal_weight=0 8173.14 2236.32 5936.83 3439.98 3337.01 3188.09 1696.55 497.957 394.656 2496.85 1757.21 871.726 1554.15
internal_count=140817 108317 30768 77549 45300 43850 41819 20599 6447 5266 32249 22633 11435 21178
is_linear=0
shrinkage=0.0101079


Tree=36
num_leaves=15
num_cat=0
split_feature=22 27 30 14 29 0 13 12 14 5 17 15 14 21
split_gain=40.7292 70.7088 63.5616 47.1032 44.2955 40.4683 38.5235 22.1299 30.33 27.5543 21.6555 20.1152 19.9835 29.1745
threshold=-0.071377847343683229 -0.50938662886619557 1.0000000180025095e-35 -17.851621627807614 -1.0000000180025095e-35 0.66512262821197521 -0.029164540581405159 0.032456278800964362 -5.0390017032623282 0.80070447921752941 34.500000000000007 14.757837772369387 -10.364995479583738 6.9672956466674814
decision_type=2 2 2 2 2 2 2 2 2 2 2 2 2 2
left_child=1 4 3 -3 10 -6 -5 8 9 -4 -1 -10 -7 -14
right_child=-2 2 7 6 5 12 -8 -9 11 -11 -12 -13 13 -15
leaf_value=0.0048500808255696791 0.00075204842700298555 0.0029679749742012665 0.0022783214508434514 -0.0043069297147834409 -0.006555044628632027 -0.0040285570410671144 -0.00078459262997644782 -0.000117761111784079 0.0020494260184185519 -0.0012478192739223777 -0.0006108732145838579 0.0082783894096881416 0.00027699163908678401 -0.0041611094718292741
leaf_weight=93.460930466651917 4123.8223047330976 275.62948839366436 871.4575036522001 379.60633336566389 283.67583691887558 376.48417377285659 2098.7025265451521 590.22531047090888 138.83734970539808 283.23274485580623 241.52651403658092 122.17118914239109 481.96162551641464 203.43212197162211
leaf_count=1264 55532 4445 11628 5147 3866 5651 26461 7589 1335 3654 3389 1543 6420 2697
internal_value=0 -0.000533106 8.89425e-05 -0.000897935 -0.00231138 -0.00313344 -0.00135197 0.00146221 0.00214648 0.00137604 0.000868625 0.00526816 -0.00214125 -0.00101317
internal_weight=0 6440.4 4759.86 2753.94 1680.54 1345.55 2478.31 2005.92 1415.7 1154.69 334.987 261.009 1061.88 685.394
internal_count=140621 85089 61802 36053 23287 18634 31608 25749 18160 15282 4653 2878 14768 9117
is_linear=0
shrinkage=0.0101079


end of trees

feature_importances:
Column_33=54
Column_2=50
Column_0=46
Column_14=45
Column_30=37
Column_13=36
Column_27=35
Column_29=33
Column_28=31
Column_22=16
Column_3=15
Column_16=15
Column_23=14
Column_18=12
Column_11=11
Column_15=11
Column_21=9
Column_5=8
Column_1=7
Column_6=6
Column_12=6
Column_20=6
Column_7=5
Column_32=5
Column_17=4
Column_10=1

parameters:
[boosting: gbdt]
[objective: binary]
[metric: auc]
[tree_learner: serial]
[device_type: cpu]
[data_sample_strategy: bagging]
[data: ]
[valid: ]
[num_iterations: 600]
[learning_rate: 0.0101079]
[num_leaves: 15]
[num_threads: 2]
[seed: 42]
[deterministic: 0]
[force_col_wise: 0]
[force_row_wise: 0]
[histogram_pool_size: -1]
[max_depth: -1]
[min_data_in_leaf: 1280]
[min_sum_hessian_in_leaf: 0.001]
[bagging_fraction: 0.829452]
[pos_bagging_fraction: 1]
[neg_bagging_fraction: 1]
[bagging_freq: 1]
[bagging_seed: 42]
[feature_fraction: 0.727545]
[feature_fraction_bynode: 1]
[feature_fraction_seed: 42]
[extra_trees: 0]
[extra_seed: 12879]
[early_stopping_round: 0]
[early_stopping_min_delta: 0]
[first_metric_only: 0]
[max_delta_step: 0]
[lambda_l1: 4.00664]
[lambda_l2: 7.63247]
[linear_lambda: 0]
[min_gain_to_split: 0]
[drop_rate: 0.1]
[max_drop: 50]
[skip_drop: 0.5]
[xgboost_dart_mode: 0]
[uniform_drop: 0]
[drop_seed: 17869]
[top_rate: 0.2]
[other_rate: 0.1]
[min_data_per_group: 100]
[max_cat_threshold: 32]
[cat_l2: 10]
[cat_smooth: 10]
[max_cat_to_onehot: 4]
[top_k: 20]
[monotone_constraints: ]
[monotone_constraints_method: basic]
[monotone_penalty: 0]
[feature_contri: ]
[forcedsplits_filename: ]
[refit_decay_rate: 0.9]
[cegb_tradeoff: 1]
[cegb_penalty_split: 0]
[cegb_penalty_feature_lazy: ]
[cegb_penalty_feature_coupled: ]
[path_smooth: 0]
[interaction_constraints: ]
[verbosity: -1]
[saved_feature_importance_type: 0]
[use_quantized_grad: 0]
[num_grad_quant_bins: 4]
[quant_train_renew_leaf: 0]
[stochastic_rounding: 1]
[linear_tree: 0]
[max_bin: 255]
[max_bin_by_feature: ]
[min_data_in_bin: 3]
[bin_construct_sample_cnt: 200000]
[data_random_seed: 175]
[is_enable_sparse: 1]
[enable_bundle: 1]
[use_missing: 1]
[zero_as_missing: 0]
[feature_pre_filter: 1]
[pre_partition: 0]
[two_round: 0]
[header: 0]
[label_column: ]
[weight_column: ]
[group_column: ]
[ignore_column: ]
[categorical_feature: ]
[forcedbins_filename: ]
[precise_float_parser: 0]
[parser_config_file: ]
[objective_seed: 16083]
[num_class: 1]
[is_unbalance: 0]
[scale_pos_weight: 1]
[sigmoid: 1]
[boost_from_average: 1]
[reg_sqrt: 0]
[alpha: 0.9]
[fair_c: 1]
[poisson_max_delta_step: 0.7]
[tweedie_variance_power: 1.5]
[lambdarank_truncation_level: 30]
[lambdarank_norm: 1]
[label_gain: ]
[lambdarank_position_bias_regularization: 0]
[eval_at: ]
[multi_error_top_k: 1]
[auc_mu_weights: ]
[num_machines: 1]
[local_listen_port: 12400]
[time_out: 120]
[machine_list_filename: ]
[machines: ]
[gpu_platform_id: -1]
[gpu_device_id: -1]
[gpu_use_dp: 0]
[num_gpu: 1]

end of parameters

pandas_categorical:null
