tree
version=v4
num_class=1
num_tree_per_iteration=1
label_index=0
max_feature_idx=33
objective=binary sigmoid:1
feature_names=Column_0 Column_1 Column_2 Column_3 Column_4 Column_5 Column_6 Column_7 Column_8 Column_9 Column_10 Column_11 Column_12 Column_13 Column_14 Column_15 Column_16 Column_17 Column_18 Column_19 Column_20 Column_21 Column_22 Column_23 Column_24 Column_25 Column_26 Column_27 Column_28 Column_29 Column_30 Column_31 Column_32 Column_33
feature_infos=[0.22403052449226379:4.806818962097168] [0.027025075629353523:26.170040130615234] [0.17134076356887817:8.6935958862304688] [0.087584272027015686:1] [-28.67047119140625:41.262332916259766] [-36.190670013427734:42.326030731201172] [-36.841156005859375:62.500308990478516] [-45.158794403076172:63.120437622070312] [-22.455821990966797:30.680826187133789] [0:0.95389312505722046] [0:0.64536702632904053] [0:0.40022626519203186] [-0.51016271114349365:0.5480339527130127] [-0.15783818066120148:0.22172828018665314] [-46.22015380859375:17.161741256713867] [-8.3726015090942383:64.2962646484375] [0:1] [0:95] [0:95] [-1:1] [-29.775985717773438:44.984848022460938] [-30.712318420410156:55.0223388671875] [-2.5033562183380127:15.253066062927246] [0.049656935036182404:5.4310722351074219] [-1:1] [0:1] [0:1] [-1:1] [-1:1] [-0.78183150291442871:0.97492790222167969] [-0.90096884965896606:1] [0:1] [0:1] [0.8888888955116272:4.5999999046325684]
tree_sizes=1727 1808 1780 1804 1809 1796 1814 1805 1807 1802 1790 1799 1803 1782 1815 1791

Tree=0
num_leaves=15
num_cat=0
split_feature=28 27 29 29 33 11 22 2 13 6 5 3 13 2
split_gain=80.505 108.46 98.6451 49.0209 48.275 46.6854 39.5674 38.9612 36.5602 35.7309 33.0337 30.1366 29.0174 30.2869
threshold=-0.3317298144102096 -0.076279435306787477 -1.0000000180025095e-35 -1.0000000180025095e-35 1.0013927817344668 0.037967644631862647 -0.32161961495876307 0.89397308230400097 -0.075897756963968263 -3.5042848587036128 -3.345266461372375 0.5585133731365205 0.035851256921887405 0.92474743723869335
decision_type=2 2 2 2 8 2 2 2 2 2 2 2 2 2
left_child=4 2 5 -3 9 -2 7 -4 -5 -1 -9 -7 13 -11
right_child=1 3 6 8 -6 11 -8 10 -10 12 -12 -13 -14 -15
leaf_value=-1.0873192832917795 -1.0836171837387505 -1.0916024079698252 -1.0909014467621958 -1.0841990414612368 -1.0877605392000749 -1.0854742107049768 -1.0907310036080466 -1.090700305292754 -1.0889524396132744 -1.0934327326667512 -1.0955815130149498 -1.091756332432138 -1.0882665646114975 -1.0897850222726468
leaf_weight=395.77431744337082 158.63438263162971 697.3592189643532 397.38975177332759 173.09145510010421 2662.2601887099445 98.354366324841976 671.13250702060759 196.76294806227088 2641.8378701824695 480.10325483232737 915.84040283225477 277.54328960552812 333.24762480705976 492.46485504508018
leaf_count=2632 2224 9260 5496 2502 46912 1096 9065 2852 35042 3158 11563 3827 2122 3162
internal_value=-1.08963 -1.0904 -1.09192 -1.08924 -1.08861 -1.08809 -1.09287 -1.09379 -1.08863 -1.08992 -1.09477 -1.08996 -1.09075 -1.09164
internal_weight=0 6227.95 2715.66 3512.29 4363.85 534.532 2181.13 1509.99 2814.93 1701.59 1112.6 375.898 1305.82 972.568
internal_count=140913 82927 36123 46804 57986 7147 28976 19911 37544 11074 14415 4923 8442 6320
is_linear=0
shrinkage=1


Tree=1
num_leaves=15
num_cat=0
split_feature=28 2 30 33 33 22 6 13 32 5 3 2 28 23
split_gain=74.1837 71.254 97.5018 56.6709 53.6646 43.5686 36.3022 32.3793 30.4283 29.8767 26.9036 24.9522 21.3792 20.0146
threshold=-0.35222910344600672 0.85019415616989147 1.0000000180025095e-35 1.0013927817344668 1.0013927817344668 -0.59272557497024525 -3.3645155429840083 0.034663168713450439 1.0000000180025095e-35 -2.2152858972549434 0.53140258789062511 1.4420622587203982 0.77296444773674022 0.57521376013755809
decision_type=2 2 2 8 8 2 2 2 2 2 2 2 2 2
left_child=4 2 13 12 6 9 -1 10 11 -3 -8 -7 -4 -2
right_child=1 5 3 -5 -6 8 7 -9 -10 -11 -12 -13 -14 -15
leaf_value=0.0022620231854131672 -0.0026326055549452114 -0.000185143418035344 0.0032271326520820786 0.00092440040667540919 0.0019660922001897749 -0.00067105933197994158 -0.0041322537213410041 0.0014155666464808086 -0.0018475471208232791 -0.0039060132605273821 -0.0005689688254087189 0.0023723636062973935 0.0083386554455632221 -0.00015173357100414157
leaf_weight=399.63354045152664 496.57045113295317 313.28453527018428 230.66025060415268 616.42042092233896 2618.7827997654676 725.14700379036367 402.86107593029737 333.69714684784412 1202.8499899543822 997.6476942896843 530.6706670448184 423.76877770386636 199.26892425119877 1093.0884295906872
leaf_count=2656 6951 4499 1491 11406 46162 9316 2596 2125 15709 13148 3475 5409 1284 14481
internal_value=0 -0.000658782 0.00059644 0.00299071 0.00106344 -0.00157255 -0.000333009 -0.00119179 -0.000722524 -0.00305374 -0.00217076 0.000424715 0.00579297 -0.000960928
internal_weight=0 6298.71 2636.01 1046.35 4285.65 3662.7 1666.86 1267.23 2351.77 1310.93 933.532 1148.92 429.929 1589.66
internal_count=140708 83694 35613 14181 57014 48081 10852 8196 30434 17647 6071 14725 2775 21432
is_linear=0
shrinkage=0.0101079


Tree=2
num_leaves=15
num_cat=0
split_feature=28 2 0 13 15 28 5 28 18 0 29 2 13 16
split_gain=72.0145 62.841 48.5984 41.0453 18.9316 22.1992 37.9996 37.1421 28.2592 21.3189 21.0231 21.2084 18.6782 23.1276
threshold=-0.35222910344600672 0.85019415616989147 0.4625371545553208 -0.088426191359758363 30.474096298217777 0.41268247365951544 -3.0911982059478755 0.89194178581237804 73.500000000000014 0.7209918498992921 1.0000000180025095e-35 1.0733758807182314 0.035851256921887405 0.21283780038356784
decision_type=2 2 2 2 2 2 2 2 2 2 2 2 2 2
left_child=12 -2 -3 -4 5 8 7 -7 -5 -10 11 -8 13 -1
right_child=1 2 3 4 -6 6 10 -9 9 -11 -12 -13 -14 -15
leaf_value=0.0022797542146076434 0.0005680888714569627 -0.006437877746566064 0.0042266971524781809 -0.0015321750892195768 0.0025488742719903131 -0.0015715767998860117 0.001457637711127342 0.0056801337804328455 0.0049450890400522503 0 -0.0043734482819054957 -0.0028770668625571114 0.0023796136467396246 0.00024889912210000563
leaf_weight=750.27093765884638 2641.2133401967585 186.73800623044372 127.29842146486044 1232.3258583955467 105.54746292345226 223.42259882576764 150.43960417434573 95.434338103979826 116.10582297295332 356.14754019677639 723.65319621004164 350.83698325231671 918.36644798330963 2611.8045103102922
leaf_count=11092 35715 2326 1887 16396 1391 3103 2028 1298 1613 4429 9511 4265 11601 34350
internal_value=0 -0.000608793 -0.00146668 -0.00117491 -0.00140111 -0.00154756 -0.00243445 0.000556875 -0.000713408 0.00132913 -0.0032446 -0.00149424 0.00108774 0.000718254
internal_weight=0 6309.16 3667.95 3481.21 3353.91 3248.37 1543.79 318.857 1704.58 472.253 1224.93 501.277 4280.44 3362.08
internal_count=141005 83962 48247 45921 44034 42643 20205 4401 22438 6042 15804 6293 57043 45442
is_linear=0
shrinkage=0.0101079


Tree=3
num_leaves=15
num_cat=0
split_feature=28 27 29 30 2 21 33 0 2 33 0 33 33 2
split_gain=70.7663 104.856 86.9735 67.7671 64.9936 44.6154 43.4344 42.9714 49.4332 37.851 36.8244 68.6345 35.469 30.66
threshold=-0.3317298144102096 -0.076279435306787477 -1.0000000180025095e-35 1.0000000180025095e-35 1.2166335582733157 -6.4427173137664786 1.0013927817344668 1.0371875762939455 0.89397308230400097 0.99611112475395214 0.91274365782737743 0.90112781524658214 0.97973212599754345 0.61841103434562694
decision_type=2 2 2 2 2 2 8 2 2 10 2 10 10 2
left_child=6 2 5 4 12 -2 13 8 -4 -6 11 -5 -3 -1
right_child=1 3 7 10 9 -7 -8 -9 -10 -11 -12 -13 -14 -15
leaf_value=-0.00363615889475726 -0.0034393399242718158 -0.00027749492217776745 -0.00083675335209360414 0.0011086504963221703 0.00027780488034354571 0.0031291399112329515 0.0018071934218222663 -0.00067390502920758343 -0.0050144121434762354 0.0071904687087572493 -0.00064281453632496514 0.006504843405142938 -0.0032707545916264651 0.00027702739557455863
leaf_weight=227.97501086443663 130.2322575841099 1060.330509390682 422.17968446202576 699.77899676375091 211.58936155028641 404.28574293293059 2673.542389376089 605.56207697466016 1160.9952513501048 138.86303924024105 334.18411874212325 383.26736980676651 683.44137337058783 1473.8645155504346
leaf_count=1474 1696 18870 5870 12223 3628 5441 47005 7700 15622 898 4125 2498 4453 9597
internal_value=0 -0.000671815 -0.00216013 0.000473098 -0.00066699 0.00142818 0.00100367 -0.0030568 -0.00393519 0.00322485 0.00218076 0.00308754 -0.00148292 -0.000237379
internal_weight=0 6234.71 2723.26 3511.45 2094.22 534.518 4375.38 2188.74 1583.17 350.452 1417.23 1083.05 1743.77 1701.84
internal_count=141100 83024 36329 46695 27849 7137 58076 29192 21492 4526 18846 14721 23323 11071
is_linear=0
shrinkage=0.0101079


Tree=4
num_leaves=15
num_cat=0
split_feature=22 27 30 29 23 2 0 14 2 11 13 33 16 29
split_gain=66.0889 82.9169 61.2917 59.7611 40.5761 39.5283 44.8647 38.7775 36.7865 31.3797 29.5805 35.5361 27.9406 23.5967
threshold=-0.38663049042224878 -0.49049438536167139 1.0000000180025095e-35 -1.0000000180025095e-35 0.690880447626114 0.79265081882476818 0.52021619677543651 -17.851621627807614 0.97233727574348461 0.05551817640662194 -0.075897756963968263 1.0000000180025095e-35 0.55675509572029125 0.6078576147556306
decision_type=2 2 2 2 2 2 2 2 2 2 2 10 2 2
left_child=1 3 7 9 -5 -4 -7 -3 -6 -1 -2 -12 -9 -13
right_child=10 2 5 4 8 6 -8 12 -10 -11 11 13 -14 -15
leaf_value=0.0057153326635016122 0.0041054955920771406 0.0030353779589423037 0.0033989947947490619 -0.0069775303081981172 0.0016813879419086816 -0.0047015166115757711 0.0012507387241834783 -0.0034564519968113801 -0.0039513093918318752 -0.0017573871225306317 0.0010900152650161203 -0.0013312580744120439 -0.00066159206928584943 0.00066656431644902109
leaf_weight=92.351782873272896 233.32323490828276 169.34503588080406 600.32038573548198 376.90172893740237 142.58280018903315 159.5315149333328 561.47622047923505 671.22135739587247 456.81457174755633 117.34327285736799 3699.0114651601762 1404.125906907022 899.77054351195693 1019.8775904402137
leaf_count=1376 3296 2798 8094 4939 1943 1972 7358 9068 6335 1578 65214 9111 11290 6616
internal_value=0 -0.00101783 -0.000122749 -0.00327899 -0.00433537 0.00149915 -4.614e-05 -0.00137849 -0.00254041 0.00143246 0.000608979 0.00046419 -0.00189232 -0.000474584
internal_weight=0 4247.66 3061.67 1185.99 976.299 1321.33 721.008 1740.34 599.397 209.695 6356.34 6123.01 1570.99 2424
internal_count=140988 56751 40580 16171 13217 17424 9330 23156 8278 2954 84237 80941 20358 15727
is_linear=0
shrinkage=0.0101079


Tree=5
num_leaves=15
num_cat=0
split_feature=27 23 29 2 23 13 1 11 29 29 33 29 23 7
split_gain=55.9321 65.9434 50.8028 35.9207 35.583 30.9548 26.0402 24.8995 24.6852 40.4196 46.4806 35.1258 35.1284 36.7202
threshold=-0.71473535895347584 1.0325137972831728 -1.0000000180025095e-35 0.7699982523918153 0.39441722631454473 -0.088426191359758363 1.403605103492737 0.05654862895607949 -0.60785761475563038 -1.0000000180025095e-35 0.99393379688262951 1.0000000180025095e-35 0.90096735954284679 -11.452518939971922
decision_type=2 2 2 2 2 2 2 2 2 2 10 2 2 2
left_child=1 2 7 -4 -2 -6 8 -1 -7 10 -10 12 13 -11
right_child=4 -3 3 -5 5 6 -8 -9 9 11 -12 -13 -14 -15
leaf_value=0.0045497984766574009 -0.0026935818941067669 0.00017883121578574063 0.00079594857925158083 -0.0047074594593323965 0.0043345657145853729 0.0046513927609446986 0.0017057673694624036 -0.0016553044024046628 0 -0.0018597304554973885 -0.0043618173931104327 -3.0405721905854435e-05 -0.0004654649687902085 0.0040399667416906792
leaf_weight=108.90088526532054 347.28155160136521 1434.4574423544109 123.95498444326222 874.92512494511902 211.26733866147697 114.64052523113787 1367.0019465070218 134.50849764235318 670.90124095417559 112.6094884108752 407.23694633692503 3602.3929539155215 383.0959026068449 692.47306699864566
leaf_count=1565 4324 18906 1726 11723 2921 1549 18580 1823 11619 1661 2653 47629 5250 8932
internal_value=0 -0.00127257 -0.00297175 -0.00398343 0.000415696 0.000566418 0.000448224 0.00101345 0.000152349 5.16447e-05 -0.00170172 0.000456766 0.00195844 0.00315521
internal_weight=0 2676.75 1242.29 998.88 7908.9 7561.62 7350.35 243.409 5983.35 5868.71 1078.14 4790.57 1188.18 805.083
internal_count=140861 35743 16837 13449 105118 100794 97873 3388 79293 77744 14272 63472 15843 10593
is_linear=0
shrinkage=0.0101079


Tree=6
num_leaves=15
num_cat=0
split_feature=28 27 29 30 13 23 2 14 13 2 33 2 23 33
split_gain=72.0181 93.4944 89.4515 65.2967 61.7226 51.0022 53.6735 41.0377 42.1905 40.7019 37.281 36.2309 29.5188 43.1091
threshold=-0.39271505177021021 -0.076279435306787477 -1.0000000180025095e-35 1.0000000180025095e-35 -0.07419854030013083 0.96098509430885326 0.73406204581260692 -14.413261890411375 0.011802653782069685 1.2323799729347231 1.0013927817344668 0.61841103434562694 0.98048001527786266 0.90112781524658214
decision_type=2 2 2 2 2 2 2 2 2 2 8 2 2 10
left_child=10 2 7 4 -3 6 -4 -2 -9 -6 11 -1 13 -5
right_child=1 3 5 12 9 -7 -8 8 -10 -11 -12 -13 -14 -15
leaf_value=-0.0039094491481455346 -0.0027699750604393784 0.0058932982827886154 0.00013726159711827818 0.0011563961030846622 -0.0017542372418976064 -0.00076899869596747388 -0.0048913429143366627 0.0076448418282287116 0.00068682429790851952 0.0021349086788247131 0.0018272273426002121 0.00046247255376497654 -0.0012127461033283021 0.0051337547874971932
leaf_weight=216.3164094388485 149.72528636828065 127.36188079416752 243.61093424074352 794.77548821270466 1725.800214920193 784.85164964385331 1230.0287183169276 137.56950040720403 274.06468184478581 311.44453587383032 2534.1049803495407 1395.969448313117 217.79840653017163 459.70245955139399
leaf_count=1400 1898 1952 3412 13842 22727 10415 16402 2143 3425 4097 44434 9091 2699 2993
internal_value=0 -0.000641983 -0.00202322 0.000419837 -0.000682748 -0.00292515 -0.00403629 0.00152488 0.00320565 -0.00113413 0.00106353 -0.000114753 0.00206343 0.00266822
internal_weight=0 6456.73 2819.85 3636.88 2164.61 2258.49 1473.64 561.359 411.634 2037.24 4146.39 1612.29 1472.28 1254.48
internal_count=140930 86005 37695 48310 28776 30229 19814 7466 5568 26824 54925 10491 19534 16835
is_linear=0
shrinkage=0.0101079


Tree=7
num_leaves=15
num_cat=0
split_feature=27 23 29 0 29 2 13 11 33 6 2 1 29 29
split_gain=59.669 59.8279 51.4527 45.0747 32.9852 30.2566 27.0153 26.1932 43.3819 33.5311 25.6439 22.0914 19.1421 32.6777
threshold=-0.71473535895347584 0.85227778553962719 -1.0000000180025095e-35 0.45460835099220281 0.87837970256805431 0.59158998727798473 -0.088426191359758363 0.13190481811761859 0.99393379688262951 13.244645595550539 1.0673229694366457 1.6458753943443301 -0.60785761475563038 -1.0000000180025095e-35
decision_type=2 2 2 2 2 2 2 2 10 2 2 2 2 2
left_child=1 2 -1 5 7 -2 -5 8 -3 -9 -4 12 -8 -14
right_child=3 4 10 6 -6 -7 11 9 -10 -11 -12 -13 13 -15
leaf_value=0.0011623857781655617 0.0010954308498806542 -0.00014629895242336655 -0.0016838171561539487 0.0042277810553169254 0.0021285819018826611 -0.0046575026450010465 0.0041940140243366007 0.0053724114265683506 -0.0041986375770198198 -0.0019228800021181751 -0.0063541993387386487 0.0019886194536261137 -0.001291838884529132 0.00058694262699081866
leaf_weight=169.03710431046784 121.15047870576382 776.81715039536357 214.03969139233232 205.99791226908565 437.0559059381485 273.53958552703261 121.42981201782823 128.7614512424916 425.49293696135283 105.66444083303213 421.45659833773971 944.94348025135696 1145.2105097156018 5098.5941760595888
leaf_count=2378 1691 13188 2951 2819 5837 3707 1616 1761 2786 1268 5588 12648 15166 67425
internal_value=0 -0.00126836 -0.00356382 0.00047472 -0.000250787 -0.00280369 0.000654928 -0.00101005 -0.00163132 0.0019599 -0.0048828 0.000544408 0.000321529 0.00023471
internal_weight=0 2678.33 804.533 7910.87 1873.79 394.69 7516.18 1436.74 1202.31 234.426 635.496 7310.18 6365.23 6243.8
internal_count=140829 35757 10917 105072 24840 5398 99674 19003 15974 3029 8539 96855 84207 82591
is_linear=0
shrinkage=0.0101079


Tree=8
num_leaves=15
num_cat=0
split_feature=28 32 30 14 33 33 0 14 28 29 29 6 15 33
split_gain=69.7724 56.531 101.115 59.0968 51.694 47.1085 46.8748 37.3069 36.6532 47.807 33.7259 31.9601 31.8199 25.5765
threshold=-0.3317298144102096 1.0000000180025095e-35 1.0000000180025095e-35 -17.851621627807614 1.0013927817344668 1.0013927817344668 0.85490596294403087 -9.3903412818908674 0.41268247365951544 0.87837970256805431 -1.0000000180025095e-35 -3.5042848587036128 2.3870605230331425 0.97973212599754345
decision_type=2 2 2 2 8 8 2 2 2 2 2 2 2 10
left_child=5 2 3 12 6 11 -4 13 9 -3 -10 -1 -2 -5
right_child=1 8 4 7 -6 -7 -8 -9 10 -11 -12 -13 -14 -15
leaf_value=0.0021014224420072363 -0.0011151130982461721 -0.0021380248637003561 0.0055384653459751194 -0.0022451097582886844 0.00036779492357134083 0.0017975082333839313 -6.0950934036296831e-05 -0.0010391161444375573 0.00021790500877864947 0.0025713493594716991 -0.005451813344936416 -0.0011127027893168885 0.0055898023847871636 -0.0065798211643735352
leaf_weight=403.50476775318384 104.743642186746 1053.9188516642898 493.57113127410412 428.89861742034554 1169.4939261190593 2678.9995314385742 199.13027748465538 1482.1677137408406 119.92613724246621 264.24439464136958 472.17240033857524 1312.707512177527 167.72047393023968 250.22426491230726
leaf_count=2674 1732 14132 3171 7559 20320 46920 1307 18895 1595 3537 6348 8494 2668 1636
internal_value=0 -0.000703705 -4.97659e-05 -0.0014135 0.00170938 0.000959396 0.00388786 -0.00198522 -0.00214717 -0.00115405 -0.00424776 -0.000327567 0.00290749 -0.00395659
internal_weight=0 6206.21 4295.95 2433.75 1862.2 4395.21 692.701 2161.29 1910.26 1318.16 592.099 1716.21 272.464 679.123
internal_count=140988 82900 57288 32490 24798 58088 4478 28090 25612 17669 7943 11168 4400 9195
is_linear=0
shrinkage=0.0101079


Tree=9
num_leaves=15
num_cat=0
split_feature=22 27 30 13 2 0 18 5 2 33 3 7 2 13
split_gain=59.8 87.3886 84.3659 55.4247 45.5031 45.3812 28.952 27.0138 26.8566 39.4267 35.6895 33.0712 25.5875 22.7253
threshold=0.24930679053068164 -0.076279435306787477 1.0000000180025095e-35 -0.075897756963968263 0.85019415616989147 0.58921161293983471 90.500000000000014 1.7443092465400698 1.1416451930999758 0.99472221732139599 0.21291415393352511 -4.4209384918212882 0.50677719712257396 0.014950246550142767
decision_type=2 2 2 2 2 2 2 2 2 10 2 2 2 2
left_child=1 4 3 -3 13 -6 7 -4 9 10 -5 -11 -12 -1
right_child=-2 2 6 8 5 -7 -8 -9 -10 11 12 -13 -14 -15
leaf_value=-0.00094544140128182156 0.0012981595345928109 0.0053432028338886725 0.0022575041060014568 -0.0048806802648927918 -0.0056559659551264317 -0.001793728192494338 0.004741517958435474 -0.00056836552103458704 0.00089086385346801077 -0.0066728405899726447 0.0030323375725674656 -0.0019460311148452099 -0.00053589125036439364 0.0028850396687717275
leaf_weight=378.17502284236252 2704.2104266379029 139.23235793039203 1125.01132568717 152.00744261220098 385.29688683152199 1948.9909679722041 337.22097056172788 464.3744288906455 582.16752707958221 209.35963477194309 250.47469614446163 693.98972176015377 967.95804394036531 252.22275552712381
leaf_count=5470 36868 2013 14657 2537 4990 26147 4195 6273 7658 1387 4245 4534 16789 3081
internal_value=0 -0.000441629 0.000377496 -0.000673522 -0.0018126 -0.00246488 0.0020286 0.00140773 -0.000994449 -0.00149627 -0.000376826 -0.0031327 0.000178913 0.000539842
internal_weight=0 7886.48 4921.8 2995.19 2964.69 2334.29 1926.61 1589.39 2855.96 2273.79 1370.44 903.349 1218.43 630.398
internal_count=140844 103976 64288 39163 39688 31137 25125 20930 37150 29492 23571 5921 21034 8551
is_linear=0
shrinkage=0.0101079


Tree=10
num_leaves=15
num_cat=0
split_feature=28 27 29 30 33 14 23 13 16 14 33 15 0 33
split_gain=63.8179 96.1422 81.7594 70.6945 46.0004 44.7845 44.7271 43.9251 36.1612 66.4272 58.3659 35.6808 34.3904 48.3003
threshold=-0.3317298144102096 -0.11969653144478797 -1.0000000180025095e-35 -0.56174489110708226 1.0013927817344668 -14.283365726470945 0.96098509430885326 0.011802653782069685 0.59059926867485057 -19.263205528259274 0.97973212599754345 11.131989955902101 0.96213337779045116 0.99393379688262951
decision_type=2 2 2 2 8 2 2 2 2 2 10 2 2 10
left_child=4 2 5 8 -1 -2 -4 -7 9 -3 -11 12 13 -5
right_child=1 3 6 11 -6 7 -8 -9 -10 10 -12 -13 -14 -15
leaf_value=-0.00028227282825579703 -0.0031335739158791171 0.0035990645337610296 -0.0040091355449168942 0.0016220839497100186 0.0018230126534912725 0.0080636874106027288 -0.00078102582911117649 0.00065034590442080234 0.00029340790878560941 -0.0016721645392730269 -0.0084515043692870908 0 -0.00112246357457078 0.0060694696247722175
leaf_weight=1701.2390409037471 142.75658531300724 120.45675588399172 1400.8161288034171 713.75105016864836 2674.4849288221449 124.23113229125738 692.91885421052575 255.28526955656707 700.64238693006337 367.89440168999135 216.31984740495682 870.00867267139256 191.30171729065478 416.75370513647795
leaf_count=11055 1803 1855 18984 12999 46889 1948 9217 3190 8757 6613 1427 10961 2468 2732
internal_value=0 -0.000595576 -0.00206994 0.00046753 0.000996193 0.00143995 -0.00296679 0.00329277 -0.00128198 -0.00289157 -0.00432743 0.00160822 0.00264972 0.00332688
internal_weight=0 6213.14 2616.01 3597.13 4375.72 522.273 2093.73 379.516 1405.31 704.671 584.214 2191.82 1321.81 1130.5
internal_count=140898 82954 35142 47812 57944 6941 28201 5138 18652 9895 8040 29160 18199 15731
is_linear=0
shrinkage=0.0101079


Tree=11
num_leaves=15
num_cat=0
split_feature=28 2 30 0 32 32 0 14 13 18 0 14 16 28
split_gain=65.1248 72.6503 102.606 41.3437 36.3565 35.4394 34.9279 25.3712 28.4536 54.4691 27.8525 21.6749 24.6509 19.9407
threshold=-0.20576497167348859 0.89397308230400097 1.0000000180025095e-35 0.52547094225883495 1.0000000180025095e-35 1.0000000180025095e-35 0.90931785106658947 -18.421898841857907 -0.029164540581405159 37.500000000000007 0.71127143502235424 -17.481026649475094 0.11292049661278726 0.45201864838600164
decision_type=2 2 2 2 2 2 2 2 2 2 2 2 2 2
left_child=-1 2 7 -3 6 11 -4 -2 10 -10 -9 12 -5 -7
right_child=1 3 4 5 -6 13 -8 8 9 -11 -12 -13 -14 -15
leaf_value=0.00089411563372333532 0.0034001308078997947 -0.0050994029398019683 0.0043783557839481395 -0.00060159305238392162 -0.0020074788081100923 -0.0016205156645273048 -0.00095361041650865225 -0.0063555172587873264 -0.0038463049086409772 0.00076405931482608847 0 -0.00077565377880192503 0.0052718317697394027 -0.0044806163330071043
leaf_weight=4856.3867078144103 106.35944103077054 336.27645865827799 823.27692339010537 122.46429437212646 119.81634891964495 990.8822562918067 130.89793178997934 199.5052999202162 376.30858606658876 790.77642144449055 101.03268501907587 1126.4303365275264 137.39007682539523 379.12133834511042
leaf_count=64231 1935 4307 11078 1861 1602 13334 1684 2486 5423 10138 1388 14293 1924 5201
internal_value=0 -0.000694756 0.000521737 -0.00174815 0.00292991 -0.00131168 0.00360302 -0.00110206 -0.00147169 -0.000703339 -0.00423273 -0.000138725 0.00241421 -0.00246183
internal_weight=0 5740.54 2647.97 3092.56 1073.99 2756.29 954.175 1573.98 1467.62 1167.09 300.538 1386.28 259.854 1370
internal_count=140885 76654 35734 40920 14364 36613 12762 21370 19435 15561 3874 18078 3785 18535
is_linear=0
shrinkage=0.0101079


Tree=12
num_leaves=15
num_cat=0
split_feature=27 30 23 29 13 0 2 2 0 18 27 2 33 2
split_gain=50.0701 78.2838 57.3311 51.1532 44.4807 48.2526 37.944 36.3755 59.8754 38.8659 36.0886 29.2459 21.9695 27.6679
threshold=-0.71473535895347584 1.0000000180025095e-35 1.0325137972831728 -1.0000000180025095e-35 -0.088426191359758363 0.82335400581359874 0.7699982523918153 0.59582167863845836 0.45460835099220281 77.500000000000014 -0.11969653144478797 1.6206140518188479 0.99472221732139599 1.208473861217499
decision_type=2 2 2 2 2 2 2 2 2 2 2 2 10 2
left_child=2 4 3 -1 -2 10 -5 9 -9 -3 -6 -12 -7 -14
right_child=1 7 -4 6 5 12 -8 8 -10 -11 11 -13 13 -15
leaf_value=0.0011831263318552161 0.0056051813502097959 0.0019232872778168651 0.00015133520199076905 0.001088279337217325 -0.0050081685864751023 0.0011918875153441846 -0.0045710163891721674 -0.0052077247033426475 0.0014089789632033933 0.0075256057439942493 -0.0014742185562067098 0.0039085282493652373 -0.0020528252120725243 0.0014816629732137751
leaf_weight=246.03978004492819 111.89833750575781 442.71266713924706 1427.3647760283202 124.56851097382605 292.7121827993542 1388.5143009405583 867.82149626873434 138.2700827550143 2535.6219161134213 194.3522714599967 1761.9972719680518 98.623678738251328 624.19521912187338 333.44396036863327
leaf_count=3436 1529 5747 18815 1734 3940 25079 11762 1800 33914 2331 23079 1406 4089 2130
internal_value=0 0.000395392 -0.00120409 -0.00279017 -0.000449084 -0.00061787 -0.00381726 0.00158208 0.00103787 0.00376409 -0.00171113 -0.00115242 0.000370628 -0.000778199
internal_weight=0 7922.34 2665.79 1238.43 4611.38 4499.49 992.39 3310.96 2673.89 637.065 2153.33 1860.62 2346.15 957.639
internal_count=140791 105044 35747 16932 61252 59723 13496 43792 35714 8078 28425 24485 31298 6219
is_linear=0
shrinkage=0.0101079


Tree=13
num_leaves=15
num_cat=0
split_feature=28 27 29 13 0 2 29 14 33 20 13 22 16 29
split_gain=64.0977 86.1753 67.024 45.0625 41.915 46.3976 38.78 38.5985 38.5271 32.0234 31.7305 21.8961 21.4069 20.47
threshold=-0.3317298144102096 0.054511256515979774 -1.0000000180025095e-35 -0.075897756963968263 1.0415208339691164 0.60444912314414989 -1.0000000180025095e-35 -14.413261890411375 1.0013927817344668 -1.5247982144355772 0.010021974332630636 0.41649654507637029 0.7598782777786256 1.0000000180025095e-35
decision_type=2 2 2 2 2 2 2 2 8 2 2 2 2 2
left_child=8 2 7 -3 5 -4 -5 -2 9 -1 -9 12 -11 -8
right_child=1 3 4 6 -6 -7 13 10 -10 11 -12 -13 -14 -15
leaf_value=0.0019038783445706183 -0.0030295876045102468 0.0050026993475724363 0.0012071366906295147 -0.0021033830782558405 -0.00030220138844997779 -0.0040449557422644472 0.002363922928869288 0.0066675416785717066 0.0017021704096085272 -0.0033971402300711734 0.00062854266480378738 0.00075598655208372004 0 0.00017960817755164119
leaf_weight=492.11075618118048 153.24793114513159 202.0205677524209 176.83405980467796 613.09386162832379 600.11313248425722 1553.7706339526922 584.14781416766346 134.11326243169606 2681.1856647580862 489.79166442900896 291.82446959428489 391.09304696321487 327.81567576527596 1890.8920569699258
leaf_count=3241 1967 2898 2476 8120 7636 21298 7667 2123 46869 3207 3637 2538 2078 24984
internal_value=0 -0.000648592 -0.00191613 0.000462012 -0.00268428 -0.00348205 0.000140285 0.00110071 0.00094718 -0.00022158 0.00270733 -0.00112675 -0.00207508 0.000717135
internal_weight=0 6200.06 2909.9 3290.15 2330.72 1730.6 3088.13 579.186 4382 1700.81 425.938 1208.7 817.607 2475.04
internal_count=140739 82806 39137 43669 31410 23774 40771 7727 57933 11064 5760 7823 5285 32651
is_linear=0
shrinkage=0.0101079


Tree=14
num_leaves=15
num_cat=0
split_feature=28 27 30 29 13 14 13 2 0 14 0 29 11 11
split_gain=64.428 80.6468 55.8463 55.706 51.9358 41.7266 44.7351 38.9605 56.8296 37.864 37.5187 34.7548 33.6611 27.8484
threshold=-0.35222910344600672 0.11969653144478799 1.0000000180025095e-35 -1.0000000180025095e-35 -0.075897756963968263 -7.4838857650756827 -0.0020884675905108448 0.60444912314414989 0.70479092001914989 -2.29516589641571 0.96951234340667736 0.87837970256805431 0.057055590674281127 0.072693955153226866
decision_type=2 2 2 2 2 2 2 2 2 2 2 2 2 2
left_child=-1 3 4 12 -3 -6 -7 -5 9 -9 -4 -10 -2 -13
right_child=1 2 10 7 5 6 -8 8 11 -11 -12 13 -14 -15
leaf_value=0.00093009739722793214 0.0037555292242772761 0.0058036472802103414 0.0028872067123421339 0.0014394986332032427 -0.0027118687421424084 0.0051467312650982176 -0.00059871342229633653 -0.0055986247819691309 -0.0025881086629126132 0.00067479826533833138 -0.0014660720728300715 0.0031075524653324336 -0.00099731538409710495 -0.0022722316387211441
leaf_weight=4306.4985784236342 239.74948295764625 110.8836080674082 1053.5614849384874 212.62834422290325 844.33664748631418 157.15250416845083 829.39245281927288 813.42066045105457 945.68869874998927 97.081555562093854 231.461825074628 237.77383231557906 369.67716826498508 149.65535567142069
leaf_count=56930 3441 1651 14126 2971 11867 1982 10334 10844 12877 1223 2854 3314 4697 1860
internal_value=0 -0.00067303 0.000431985 -0.00184748 -0.0006336 -0.00106796 0.000308262 -0.00252878 -0.00292645 -0.00488557 0.00206773 -0.001538 0.000830155 0.000923198
internal_weight=0 6292.46 3226.79 3065.68 1941.77 1830.88 986.545 2456.25 2243.62 910.502 1285.02 1333.12 609.427 387.429
internal_count=140971 84041 42814 41227 25834 24183 12316 33089 30118 12067 16980 18051 8138 5174
is_linear=0
shrinkage=0.0101079


Tree=15
num_leaves=15
num_cat=0
split_feature=28 27 30 27 2 2 0 28 27 30 2 22 11 0
split_gain=58.1003 80.6857 73.9986 55.2818 53.4586 45.9797 42.9224 31.1752 30.7151 28.5642 23.7403 22.1595 24.0662 20.7409
threshold=-0.3317298144102096 -0.49049438536167139 1.0000000180025095e-35 -0.90159028768539418 0.79732838273048412 1.6670079827308657 0.4625371545553208 0.054511256515979774 0.054511256515979774 1.0000000180025095e-35 1.533161520957947 0.35753664374351507 0.06969222798943521 0.89608746767044078
decision_type=2 2 2 2 2 2 2 2 2 2 2 2 2 2
left_child=11 3 5 9 7 8 -6 -4 -3 10 -2 12 -1 -9
right_child=1 2 4 -5 6 -7 -8 13 -10 -11 -12 -13 -14 -15
leaf_value=-0.00048469063406793582 0.0021366056551121418 -0.0044167563166620741 -0.00074526308612307365 -0.004609928987820552 -0.0057655943311832889 0.0031942318108508392 0.00085032800977256461 0.0050618409386513014 -0.00093336533152114237 -0.0028551862121438984 -0.0013109984137490266 0.0017642162747012306 0.0014913586908920494 0
leaf_weight=1568.7566908951849 346.99954372830689 308.92263703793287 127.01664846763015 684.31152502819896 105.23145202547312 228.13512489013374 873.17878179997206 618.67036438919604 1815.2071215528995 522.64449464529753 467.88853581063449 1802.1006707977504 1024.7827493492514 96.434748452156782
leaf_count=20109 4835 4035 1660 9442 1294 2886 11431 8363 24443 7042 6158 24763 13176 1293
internal_value=0 -0.00061692 0.000177791 -0.00227155 0.00171219 -0.000994291 5.85698e-05 0.00356799 -0.00147297 -0.0010257 0.000114043 0.000901239 0.000282619 0.00438993
internal_weight=0 6194.64 4172.8 2021.84 1820.53 2352.26 978.41 842.122 2124.13 1337.53 814.888 4395.64 2593.54 715.105
internal_count=140930 82882 55405 27477 24041 31364 12725 11316 28478 18035 10993 58048 33285 9656
is_linear=0
shrinkage=0.0101079


end of trees

feature_importances:
Column_2=30
Column_29=24
Column_33=21
Column_0=19
Column_13=19
Column_28=17
Column_27=15
Column_30=12
Column_14=11
Column_23=10
Column_11=7
Column_22=6
Column_16=5
Column_5=4
Column_6=4
Column_18=4
Column_32=4
Column_3=3
Column_15=3
Column_1=2
Column_7=2
Column_20=1
Column_21=1

parameters:
[boosting: gbdt]
[objective: binary]
[metric: auc]
[tree_learner: serial]
[device_type: cpu]
[data_sample_strategy: bagging]
[data: ]
[valid: ]
[num_iterations: 600]
[learning_rate: 0.0101079]
[num_leaves: 15]
[num_threads: 2]
[seed: 1337]
[deterministic: 0]
[force_col_wise: 0]
[force_row_wise: 0]
[histogram_pool_size: -1]
[max_depth: -1]
[min_data_in_leaf: 1280]
[min_sum_hessian_in_leaf: 0.001]
[bagging_fraction: 0.829452]
[pos_bagging_fraction: 1]
[neg_bagging_fraction: 1]
[bagging_freq: 1]
[bagging_seed: 1337]
[feature_fraction: 0.727545]
[feature_fraction_bynode: 1]
[feature_fraction_seed: 1337]
[extra_trees: 0]
[extra_seed: 18955]
[early_stopping_round: 0]
[early_stopping_min_delta: 0]
[first_metric_only: 0]
[max_delta_step: 0]
[lambda_l1: 4.00664]
[lambda_l2: 7.63247]
[linear_lambda: 0]
[min_gain_to_split: 0]
[drop_rate: 0.1]
[max_drop: 50]
[skip_drop: 0.5]
[xgboost_dart_mode: 0]
[uniform_drop: 0]
[drop_seed: 17763]
[top_rate: 0.2]
[other_rate: 0.1]
[min_data_per_group: 100]
[max_cat_threshold: 32]
[cat_l2: 10]
[cat_smooth: 10]
[max_cat_to_onehot: 4]
[top_k: 20]
[monotone_constraints: ]
[monotone_constraints_method: basic]
[monotone_penalty: 0]
[feature_contri: ]
[forcedsplits_filename: ]
[refit_decay_rate: 0.9]
[cegb_tradeoff: 1]
[cegb_penalty_split: 0]
[cegb_penalty_feature_lazy: ]
[cegb_penalty_feature_coupled: ]
[path_smooth: 0]
[interaction_constraints: ]
[verbosity: -1]
[saved_feature_importance_type: 0]
[use_quantized_grad: 0]
[num_grad_quant_bins: 4]
[quant_train_renew_leaf: 0]
[stochastic_rounding: 1]
[linear_tree: 0]
[max_bin: 255]
[max_bin_by_feature: ]
[min_data_in_bin: 3]
[bin_construct_sample_cnt: 200000]
[data_random_seed: 4404]
[is_enable_sparse: 1]
[enable_bundle: 1]
[use_missing: 1]
[zero_as_missing: 0]
[feature_pre_filter: 1]
[pre_partition: 0]
[two_round: 0]
[header: 0]
[label_column: ]
[weight_column: ]
[group_column: ]
[ignore_column: ]
[categorical_feature: ]
[forcedbins_filename: ]
[precise_float_parser: 0]
[parser_config_file: ]
[objective_seed: 4113]
[num_class: 1]
[is_unbalance: 0]
[scale_pos_weight: 1]
[sigmoid: 1]
[boost_from_average: 1]
[reg_sqrt: 0]
[alpha: 0.9]
[fair_c: 1]
[poisson_max_delta_step: 0.7]
[tweedie_variance_power: 1.5]
[lambdarank_truncation_level: 30]
[lambdarank_norm: 1]
[label_gain: ]
[lambdarank_position_bias_regularization: 0]
[eval_at: ]
[multi_error_top_k: 1]
[auc_mu_weights: ]
[num_machines: 1]
[local_listen_port: 12400]
[time_out: 120]
[machine_list_filename: ]
[machines: ]
[gpu_platform_id: -1]
[gpu_device_id: -1]
[gpu_use_dp: 0]
[num_gpu: 1]

end of parameters

pandas_categorical:null
