tree
version=v4
num_class=1
num_tree_per_iteration=1
label_index=0
max_feature_idx=33
objective=binary sigmoid:1
feature_names=Column_0 Column_1 Column_2 Column_3 Column_4 Column_5 Column_6 Column_7 Column_8 Column_9 Column_10 Column_11 Column_12 Column_13 Column_14 Column_15 Column_16 Column_17 Column_18 Column_19 Column_20 Column_21 Column_22 Column_23 Column_24 Column_25 Column_26 Column_27 Column_28 Column_29 Column_30 Column_31 Column_32 Column_33
feature_infos=[0.22403052449226379:4.806818962097168] [0.027025075629353523:26.170040130615234] [0.17134076356887817:8.6935958862304688] [0.087584272027015686:1] [-28.67047119140625:41.262332916259766] [-36.190670013427734:42.326030731201172] [-36.841156005859375:62.500308990478516] [-45.158794403076172:63.120437622070312] [-22.455821990966797:30.680826187133789] [0:0.95389312505722046] [0:0.64536702632904053] [0:0.40022626519203186] [-0.51016271114349365:0.5480339527130127] [-0.15783818066120148:0.22172828018665314] [-46.22015380859375:17.161741256713867] [-8.3726015090942383:64.2962646484375] [0:1] [0:95] [0:95] [-1:1] [-29.775985717773438:44.984848022460938] [-30.712318420410156:55.0223388671875] [-2.5033562183380127:15.253066062927246] [0.049656935036182404:5.4310722351074219] [-1:1] [0:1] [0:1] [-1:1] [-1:1] [-0.78183150291442871:0.97492790222167969] [-0.90096884965896606:1] [0:1] [0:1] [0.8888888955116272:4.5999999046325684]
tree_sizes=1723 1808 1794 1808 1807 1789 1792 1813 1809 1810 1796 1762 1783 1787 1804 1802 1778 1794 1778 1797 1773 1792 1810 1810 1805 1820 1771 1787 1802 1787 1822 1801 1801 1806 1805 1782

Tree=0
num_leaves=15
num_cat=0
split_feature=28 2 30 33 33 0 32 29 0 11 6 0 14 15
split_gain=79.309 68.7225 97.4118 56.0537 49.9049 43.7556 43.3421 42.0945 45.4643 38.3516 36.3574 31.7173 28.4217 28.5157
threshold=-0.3317298144102096 0.89397308230400097 1.0000000180025095e-35 1.0013927817344668 1.0013927817344668 0.52021619677543651 1.0000000180025095e-35 -1.0000000180025095e-35 1.0161941647529604 0.054472027346491821 -3.3645155429840083 0.73366954922676098 -17.67168045043945 2.3870605230331425
decision_type=2 2 2 8 8 2 2 2 2 2 2 2 2 2
left_child=3 2 -2 10 11 -3 12 9 -9 -8 -1 -4 13 -7
right_child=1 5 4 -5 -6 6 7 8 -10 -11 -12 -13 -14 -15
leaf_value=-1.0874209874159253 -1.0907165670994354 -1.0948512915124493 -1.0820620754448831 -1.0876608453589043 -1.0887811248580446 -1.0907818198438997 -1.0844332386561568 -1.0946346775987694 -1.0906563516929255 -1.091363606483208 -1.0908374688107092 -1.0877489440294379 -1.0903419981127644 -1.0843681695127956
leaf_weight=409.08993448317051 1683.7732044104487 323.8635171148926 264.70220786333084 2664.4165384434164 661.33737475611269 97.448792425915599 117.11755149997771 703.47935223579407 559.05007201246917 219.49039429053664 1295.5135535895824 204.92829643934965 1224.696583148092 174.91071321070194
leaf_count=2714 22765 4040 1701 46925 12220 1581 1668 9705 7083 2838 8377 1329 15557 2398
internal_value=-1.08963 -1.09035 -1.08919 -1.08858 -1.0869 -1.09132 -1.09092 -1.09207 -1.09292 -1.08901 -1.08999 -1.08439 -1.08966 -1.08678
internal_weight=0 6234.8 2814.74 4369.02 1130.97 3420.06 3096.19 1599.14 1262.53 336.608 1704.6 469.631 1497.06 272.36
internal_count=140901 82885 38015 58016 15250 44870 40830 21294 16788 4506 11091 3030 19536 3979
is_linear=0
shrinkage=1


Tree=1
num_leaves=15
num_cat=0
split_feature=28 27 29 30 13 33 0 33 0 3 11 29 16 29
split_gain=77.0319 105.64 79.3255 71.3472 65.041 50.9262 46.384 63.9923 44.7025 40.92 40.5822 28.5757 24.6367 52.3703
threshold=-0.35222910344600672 -0.076279435306787477 -1.0000000180025095e-35 1.0000000180025095e-35 -0.07419854030013083 1.0013927817344668 0.96951234340667736 1.0013927817344668 1.0371875762939455 0.67206475138664257 0.037967644631862647 0.6078576147556306 0.58662420511245739 0.87837970256805431
decision_type=2 2 2 2 2 8 2 8 2 2 2 2 2 2
left_child=5 2 10 4 -3 -1 7 -5 -4 12 -2 -9 13 -6
right_child=1 3 8 6 9 -7 -8 11 -10 -11 -12 -13 -14 -15
leaf_value=-0.00036062515634107507 0.0053240726319470702 0.0060625856587449038 -0.0040143940655910414 0.0059856440261908022 -0.0049274443642873906 0.0018816977196611608 -0.0017330388328506445 0.0030531715238377543 -0.00074059903941732063 0.0025530151347278774 -0.00056283907550097817 -0.00080956042836937672 -0.00058434018744739575 0.00018717847254011959
leaf_weight=1664.5855905115604 160.27975998446345 123.72469573654234 1572.315259385854 444.11536744982004 537.15168987959623 2608.7049303110689 245.29867709055543 370.21293368935585 633.78554819151759 238.90342630632222 380.15940185263753 376.08553674258292 914.25544176064432 302.91378251835704
leaf_count=10826 2273 1939 21280 2901 7578 46033 3042 6625 8031 2909 4977 6567 11417 4283
internal_value=0 -0.000756702 -0.00224472 0.000384647 -0.000780479 0.000999694 0.00212572 0.00296064 -0.00309796 -0.00124699 0.001159 0.0010644 -0.00179628 -0.00305034
internal_weight=0 6299.2 2746.54 3552.66 2116.95 4273.29 1435.71 1190.41 2206.1 1993.22 540.439 746.298 1754.32 840.065
internal_count=140681 83822 36561 47261 28126 56859 19135 16093 29311 26187 7250 13192 23278 11861
is_linear=0
shrinkage=0.0101079


Tree=2
num_leaves=15
num_cat=0
split_feature=28 27 13 33 2 0 6 13 2 14 23 11 2 3
split_gain=70.5762 101.727 53.2818 53.1925 47.972 47.2869 37.7594 29.6511 26.0981 21.6068 34.5783 19.7575 18.6789 17.7059
threshold=-0.3317298144102096 -0.076279435306787477 -0.075897756963968263 1.0013927817344668 0.60444912314414989 0.70479092001914989 -3.5042848587036128 0.034663168713450439 0.93546250462532055 -6.9792931079864493 0.74567091464996349 0.017253588885068897 1.0864031314849856 0.2925772368907929
decision_type=2 2 2 8 2 2 2 2 2 2 2 2 2 2
left_child=3 4 -3 6 -2 12 -1 8 -8 13 -11 -7 -6 -5
right_child=1 2 -4 9 5 11 7 -9 -10 10 -12 -13 -14 -15
leaf_value=0.0022433445670922347 0.0031173411354147697 0.0051912689009466287 7.3752423787921674e-05 -0.001927259360369963 -0.0025244487474190037 0.0010404107142142833 -0.003799988631720921 0.001163195486747129 -0.00036883943626355163 0.0088435642947453565 0.0023083366385948201 -0.0019186052432067224 -0.0057210853570854288 0.0014126363510800917
leaf_weight=400.01194378733635 151.53407098911703 215.62580944783986 3304.0045054126531 168.08543309569359 421.73603793047369 252.05431050434709 494.15570095181465 350.767328299582 468.676548846066 90.253314670175314 1061.0765721295029 1389.778565235436 510.61298899166286 1343.1487288009375
leaf_count=2656 2094 3147 43600 2792 5618 3376 3248 2233 3008 1171 18227 18544 6652 24701
internal_value=0 -0.000716352 0.000409307 0.000956135 -0.00218178 -0.0025177 -0.000412839 -0.00126063 -0.00218758 0.00185103 0.00291045 -0.00143707 -0.00435045 0.00100668
internal_weight=0 6245.35 3519.63 4376.18 2725.72 2574.18 1713.61 1313.6 962.832 2662.56 1151.33 1641.83 932.349 1511.23
internal_count=141067 83031 46747 58036 36284 34190 11145 8489 6256 46891 19398 21920 12270 27493
is_linear=0
shrinkage=0.0101079


Tree=3
num_leaves=15
num_cat=0
split_feature=28 2 30 33 0 33 32 29 23 11 2 14 16 16
split_gain=80.5538 63.3791 103.245 45.7249 45.6043 45.5273 39.8576 47.204 60.606 44.7896 35.416 34.0591 26.6128 24.0222
threshold=-0.37256073951721186 0.85019415616989147 1.0000000180025095e-35 1.0013927817344668 0.4625371545553208 1.0013927817344668 1.0000000180025095e-35 -1.0000000180025095e-35 0.96098509430885326 0.054472027346491821 0.61841103434562694 -17.481026649475094 0.11292049661278726 0.21674086898565295
decision_type=2 2 2 8 2 8 2 2 2 2 2 2 2 2
left_child=3 2 -2 10 -3 -4 11 9 -9 -8 -1 12 -6 -12
right_child=1 4 5 -5 6 -7 7 8 -10 -11 13 -13 -14 -15
leaf_value=-0.0039530441452613084 -0.0011474180848059484 -0.0064082535544744829 0.0054104827376855041 0.0019088351696151336 -0.00022142736575186928 0.0010427877648802187 0.00550924714816206 -0.0053080060990867246 -0.00097748149421617568 -0.0017596925445078476 0.0031739685365477408 -0.00088821253354707467 0.0053586454619420996 -0.0002428644341345271
leaf_weight=219.40602933615446 1608.0825775135309 187.09542948007584 433.68164821714163 2566.9242081660777 144.67320852912962 621.24790908396244 126.57980237714946 707.99103799834847 671.05373127758503 227.37870652228594 244.92230085283518 1489.6265899892896 170.09316562861204 1167.7971023395658
leaf_count=1417 21757 2323 2788 45208 2226 11535 1825 9488 8856 2976 1633 18852 2429 7573
internal_value=0 -0.000732833 0.000445439 0.00106795 -0.00158534 0.00290243 -0.00130558 -0.00239945 -0.00324692 0.000789186 -0.000232572 -0.000226951 0.00272379 0.000334869
internal_weight=0 6387.5 2663.01 4199.05 3724.49 1054.93 3537.4 1733 1379.04 353.959 1632.13 1804.39 314.766 1412.72
internal_count=140886 85055 36080 55831 48975 14323 46652 23145 18344 4801 10623 23507 4655 9206
is_linear=0
shrinkage=0.0101079


Tree=4
num_leaves=15
num_cat=0
split_feature=22 27 29 23 0 33 11 23 23 29 27 17 12 14
split_gain=58.3373 96.5726 67.15 34.552 30.162 24.5934 23.1894 22.3987 24.7653 41.0905 24.1746 13.6116 13.3714 26.5698
threshold=-0.29255157709121699 -0.47136868536472315 -1.0000000180025095e-35 0.690880447626114 0.44613337516784674 1.0000000180025095e-35 0.039845930412411697 2.0874701738357548 0.8386671543121339 0.87837970256805431 -0.83743050694465626 47.500000000000007 -0.042741652578115456 -6.9792931079864493
decision_type=2 2 2 2 2 10 2 2 2 2 2 2 2 2
left_child=1 2 6 -4 -3 -2 -1 8 11 10 -10 -7 -6 -14
right_child=5 4 3 -5 12 7 -8 -9 9 -11 -12 -13 13 -15
leaf_value=0.0053164036759786679 0.0012411918942003921 -0.002755371853627443 -0.0065576159421975935 -0.0026696537220737425 0.0017734777447947407 -3.0316817748980827e-05 -0.00063765505230758621 0.0028672006423410804 -0.004828188461041205 0.001976617192735845 -0.0011935549757045672 0.0032221919239040276 -0.0010012165535775803 0.0010042309924145933
leaf_weight=93.938695887103677 3420.5956293400377 337.91422133333981 398.85690749809146 742.84059872850776 574.53725323267281 244.22476936131716 164.33862814120948 218.64186210930347 251.24482810497284 318.09102080017328 905.72425642609596 227.28392839431763 1241.4532007426023 1453.9977263994515
leaf_count=1344 60627 4499 5222 10135 8151 1557 2235 1425 1645 2053 5870 1511 17212 17414
internal_value=0 -0.000793878 -0.0030401 -0.00409769 7.11004e-05 0.000707428 0.00146605 -0.000118571 -0.00048455 -0.00114401 -0.00204409 0.00147934 0.000381275 6.53737e-05
internal_weight=0 5007.88 1399.97 1141.7 3607.9 5585.81 258.277 2165.21 1946.57 1475.06 1156.97 471.509 3269.99 2695.45
internal_count=140900 66212 18936 15357 47276 74688 3579 14061 12636 9568 7515 3068 42777 34626
is_linear=0
shrinkage=0.0101079


Tree=5
num_leaves=15
num_cat=0
split_feature=0 1 3 30 13 33 3 14 2 17 18 2 23 14
split_gain=48.4848 38.7411 38.79 66.4914 66.6415 47.6903 37.1753 33.5619 29.765 28.4525 27.901 25.5354 22.4247 26.1699
threshold=0.44613337516784674 1.3782697916030886 0.46355517208576208 1.0000000180025095e-35 -0.072319407016038881 1.0013927817344668 0.21291415393352511 -9.0341987609863263 0.59158998727798473 18.500000000000004 88.500000000000014 0.50677719712257396 0.63791087269783031 -6.5622520446777335
decision_type=2 2 2 2 2 8 2 2 2 2 2 2 2 2
left_child=8 2 3 4 -2 7 -7 -6 -1 -4 -5 -8 -13 -14
right_child=1 -3 9 10 5 6 11 -9 -10 -11 -12 12 13 -15
leaf_value=0.00050623098757933535 0.0053886378991497546 0.001401961848772155 0.00055715261548883838 0.0016224592881533058 -0.0064655006473500138 -0.0043148206389530793 0.003750619114828086 -0.0015171338006899041 -0.0053849599024473676 -0.0012069212675844142 0.0054545077826066513 -0.0029048663264994892 -0.00064612241862995888 0.0034933076751985669
leaf_weight=110.41680759377778 172.08900902606547 1950.2794370017946 1213.1179242376238 1063.9384710993618 210.78779421001673 153.11749072000384 237.61233822628856 503.07814269512892 261.87491505593061 3656.8897118326277 254.06059296056628 193.79695164225996 367.78969917818904 247.08815184421837
leaf_count=1560 2511 26068 15637 14153 1368 2565 3979 3264 3470 49140 3166 3269 6566 4068
internal_value=0 0.000121005 -0.000177078 0.000643586 -0.000463796 -0.0010306 0.000171775 -0.00308734 -0.00355605 -0.000759004 0.00241884 0.000893279 0 0.000974683
internal_weight=0 10223.6 8273.37 3403.36 2085.36 1913.27 1199.4 713.866 372.292 4870.01 1318 1046.29 808.675 614.878
internal_count=140784 135754 109686 44909 27590 25079 20447 4632 5030 64777 17319 17882 13903 10634
is_linear=0
shrinkage=0.0101079


Tree=6
num_leaves=15
num_cat=0
split_feature=28 2 30 33 22 33 6 5 32 2 28 2 18 28
split_gain=70.0881 62.447 92.0933 52.1127 49.6814 49.6055 32.3739 30.537 28.549 25.2374 22.2861 18.7881 19.2983 18.371
threshold=-0.3317298144102096 0.85019415616989147 1.0000000180025095e-35 1.0013927817344668 -0.61680170893669117 1.0013927817344668 -3.5042848587036128 -3.0911982059478755 1.0000000180025095e-35 1.4420622587203982 0.50938662886619579 0.95086422562599193 84.500000000000014 0.71473535895347606
decision_type=2 2 2 8 2 8 2 2 2 2 2 2 2 2
left_child=3 2 -2 6 7 13 -1 -3 9 -6 -9 -8 -13 -4
right_child=1 4 5 -5 8 -7 11 10 -10 -11 -12 12 -14 -15
leaf_value=0.0020748039685251221 -0.0010436101451234575 2.5412305996289261e-05 0.0028473775106086486 0.0018544520192541284 -0.00067671937317907726 0.00086271027780609219 -0.0024599336511587386 -0.0015032665641512928 -0.0017752458343708833 0.0023541190088719978 -0.0050018268876296278 -0.0012819844558763826 0.0022090452946922543 0.007609525700211936
leaf_weight=396.78602074831724 1572.3793722335249 219.11883108690381 213.73714815080166 2673.7502582557499 741.88389691896737 613.34643357619643 611.47281537950039 317.49505089595914 1205.8932328578085 431.93824290297925 688.02893360331655 444.03135802596807 244.29651644825935 216.62123114615679
leaf_count=2631 21236 3197 1378 46933 9551 11344 3999 4475 15807 5503 8991 2832 1585 1386
internal_value=0 -0.000694467 0.000481795 0.000974453 -0.00155864 0.00280929 -0.000390721 -0.00321565 -0.000681391 0.000412281 -0.00395677 -0.00118206 0 0.00542771
internal_weight=0 6220.44 2616.08 4370.34 3604.36 1043.7 1696.59 1224.64 2379.72 1173.82 1005.52 1299.8 688.328 430.358
internal_count=140848 82868 35344 57980 47524 14108 11047 16663 30861 15054 13466 8416 4417 2764
is_linear=0
shrinkage=0.0101079


Tree=7
num_leaves=15
num_cat=0
split_feature=28 27 30 14 33 0 33 14 13 33 6 30 13 13
split_gain=65.7299 110.966 69.3918 60.0042 44.6026 41.2309 63.3766 36.8926 47.1508 39.9025 30.1526 29.0721 25.1796 26.0917
threshold=-0.22706275433301923 -0.076279435306787477 1.0000000180025095e-35 -19.022452354431149 1.0013927817344668 0.91274365782737743 0.90112781524658214 -7.4838857650756827 -0.0020884675905108448 0.97973212599754345 -2.8736667633056636 0.81174489855766307 -0.018908611498773095 0.052821736782789237
decision_type=2 2 2 2 8 2 10 2 2 10 2 2 2 2
left_child=4 12 3 -3 10 6 11 9 -9 -5 -1 -4 -2 -14
right_child=1 2 5 7 -6 -7 -8 8 -10 -11 -12 -13 13 -15
leaf_value=0.0017765583620634774 -0.0038991344564331442 0.0046715674809972652 -0.00069300125596819255 -0.0010265743357786229 0.0016664545667529173 -0.00094376341696836502 0.0065098537222182708 0.0049100857305550754 -0.00095654020571205359 -0.0058219041157851733 -0.0011113223860571772 0.0033954077202512541 -0.00089000132878590623 -0.003914887479157126
leaf_weight=492.00473973155022 755.19562852010131 181.58042754419148 347.88691496104002 500.28068021498621 2912.6753856036812 297.78714552149177 375.82755539566278 159.83526438847184 844.71190749853849 296.11327870935202 1364.6862021163106 326.6860231179744 1353.6335659790784 389.60801921598613
leaf_count=3254 10682 2889 6079 8990 51046 3671 2430 1991 10543 1915 8844 5688 18092 4750
internal_value=0 -0.000713516 0.000484346 -0.000702905 0.000885306 0.00225421 0.00319937 -0.00128461 0 -0.00289827 -0.000320199 0.00124343 -0.00232318 -0.0016033
internal_weight=0 5829.15 3330.71 1982.52 4769.37 1348.19 1050.4 1800.94 1004.55 796.394 1856.69 674.573 2498.44 1743.24
internal_count=140864 77720 44196 26328 63144 17868 14197 23439 12534 10905 12098 11767 33524 22842
is_linear=0
shrinkage=0.0101079


Tree=8
num_leaves=15
num_cat=0
split_feature=28 27 29 30 2 28 29 5 2 11 29 10 16 7
split_gain=63.7138 91.8338 78.2572 70.686 57.3693 50.1215 56.0582 42.3442 44.7532 38.5721 30.4948 26.3801 28.8004 26.318
threshold=-0.54643493890762318 -0.076279435306787477 -1.0000000180025095e-35 1.0000000180025095e-35 1.2166335582733157 0.41268247365951544 0.87837970256805431 -3.2801237106323238 0.89397308230400097 0.036103859543800361 1.0000000180025095e-35 0.11781493946909906 0.15081433206796649 3.0288683176040654
decision_type=2 2 2 2 2 2 2 2 2 2 2 2 2 2
left_child=-1 2 9 4 11 6 -4 -7 13 -2 -6 12 -3 -9
right_child=1 3 5 -5 10 7 -8 8 -10 -11 -12 -13 -14 -15
leaf_value=0.0011149360145024443 0.0052430716326441074 0.0040768886259315495 -0.0024982415711895176 0.0021129780709721402 -0.001056182568401242 0.00047271249141193249 0.002081937599809553 -0.0040281460780927829 -0.006508214294508664 -0.00019592840744935575 0.0046391561291787191 -0.0032958159641831462 -0.0010611811316855525 0.0017558021982119927
leaf_weight=3525.6596972886473 175.28258142434061 112.10843570530415 1043.6192196197808 1595.995153054595 125.99852767586708 151.0794086959213 353.08321608416736 181.03533348254859 661.09346061013639 441.51496518030763 276.73411769606173 528.76437074504793 1297.3063434604555 122.60173702053726
leaf_count=46766 2454 1930 13904 21147 1528 2188 4722 2548 8544 5786 3634 6847 17215 1644
internal_value=0 -0.000547117 -0.00184009 0.000471929 -0.000632898 -0.00263608 -0.00130652 -0.0042441 -0.00502233 0.00133007 0.00277213 -0.00136934 -0.000604149 -0.00157682
internal_weight=0 7066.22 3129.31 3936.91 2340.91 2512.51 1396.7 1115.81 964.731 616.798 402.733 1938.18 1409.41 303.637
internal_count=140857 94091 41790 52301 31154 33550 18626 14924 12736 8240 5162 25992 19145 4192
is_linear=0
shrinkage=0.0101079


Tree=9
num_leaves=15
num_cat=0
split_feature=28 27 29 30 13 0 11 2 2 0 14 18 2 13
split_gain=64.0576 94.8762 80.7217 63.298 60.2275 57.5039 44.5403 42.545 37.6195 34.7521 26.3579 40.8586 30.2743 28.4234
threshold=-0.35222910344600672 -0.076279435306787477 -1.0000000180025095e-35 1.0000000180025095e-35 -0.075897756963968263 1.0371875762939455 0.036590345203876502 1.2323799729347231 0.77930521965026867 0.96951234340667736 -7.4838857650756827 39.500000000000007 0.47812673449516302 -0.0038048174465075131
decision_type=2 2 2 2 2 2 2 2 2 2 2 2 2 2
left_child=-1 2 6 4 -3 8 -2 10 -4 -5 12 -12 -6 -13
right_child=1 3 5 9 7 -7 -8 -9 -10 -11 11 13 -14 -15
leaf_value=0.00099579116623654644 0.0058077445379553705 0.0060524798765190825 -0.00048052099370276765 0.0028373186838305813 0.00056233689425057016 -0.00023246234695623852 -0.00038178647179251652 0.002325131191560931 -0.0046801460463184279 -0.0012143798468325236 -0.0040656263117110703 0.0050386891645858084 -0.0040845106142665547 -0.00017406170640846413
leaf_weight=4302.0704784318805 158.20937779545784 120.53998136334121 291.72177030704916 1189.4917825981975 164.42931568436325 627.94296591356397 379.91884181275964 302.89049504324794 1267.903677534312 243.95807668939233 233.50479360111058 121.4019915740937 620.24030509404838 547.7784566078335
leaf_count=56952 2185 1808 4127 16004 2429 8008 5016 3989 17279 3014 3224 1529 8587 6587
internal_value=0 -0.00060412 -0.00202211 0.000476984 -0.000621179 -0.00288916 0.0014195 -0.00106722 -0.00392663 0.00211688 -0.00170779 -0.000468941 -0.0030636 0.00075795
internal_weight=0 6269.93 2725.7 3544.24 2110.79 2187.57 538.128 1990.25 1559.63 1433.45 1687.35 902.685 784.67 669.18
internal_count=140738 83786 36615 47171 28153 29414 7201 26345 21406 19018 22356 11340 11016 8116
is_linear=0
shrinkage=0.0101079


Tree=10
num_leaves=15
num_cat=0
split_feature=28 27 2 0 33 14 2 4 16 7 3 7 0 3
split_gain=63.6306 89.9081 43.2871 50.3734 41.5084 33.5233 29.4584 22.9327 20.8209 33.5505 22.7848 20.251 17.7946 17.0038
threshold=-0.3317298144102096 -0.11969653144478797 0.77471739053726207 0.70479092001914989 1.0013927817344668 -19.490814208984371 0.61841103434562694 -0.31591162085533137 0.21283780038356784 7.8286654949188241 0.53140258789062511 -0.12206617370247839 0.68847277760505687 0.54906341433525097
decision_type=2 2 2 2 8 2 2 2 2 2 2 2 2 2
left_child=4 2 11 -4 6 7 -1 -3 -8 10 -10 -2 -6 -11
right_child=1 5 3 -5 12 -7 8 -9 9 13 -12 -13 -14 -15
leaf_value=-0.0036297498541649118 -0.0014255442268858826 0.00051190825977376071 -0.0048089217485487975 -0.0015232659399115926 0.0058915309145258941 2.0798870819941855e-05 0.0028424165380615857 0.0061374420006440238 -0.0041042961402229057 0.0036250871834199267 -0.00030677912489293716 0.0032693939129373353 0.0014991687350558889 -6.3307620274323697e-06
leaf_weight=228.49543779343367 154.29520663432777 170.25239911861718 737.56321919709444 1522.7259464357048 99.009533785283566 3278.5498871356249 247.56827385723591 155.55678589083254 253.09349525719881 234.13470974564552 497.88462862372398 195.56834939680994 2579.6082288064063 241.70461446791887
leaf_count=1482 2391 2512 9776 20516 1215 42874 1646 2397 1628 1535 3278 2404 45701 1522
internal_value=0 -0.000681317 -0.00210931 -0.00262585 0.000907803 0.000343847 -0.00030548 0.00339827 0.000198418 -0.000316601 -0.00166841 0.00109934 0.00169288 0.00172575
internal_weight=0 6214.51 2610.15 2260.29 4381.5 3604.36 1702.88 325.809 1474.39 1226.82 750.978 349.864 2678.62 475.839
internal_count=140877 82870 35087 30292 58007 47783 11091 4909 9609 7963 4906 4795 46916 3057
is_linear=0
shrinkage=0.0101079


Tree=11
num_leaves=15
num_cat=0
split_feature=28 27 29 30 13 11 0 2 2 0 2 11 28 3
split_gain=65.1222 85.6649 78.8143 64.4356 51.0715 42.2174 42.138 46.427 33.5413 26.5491 26.2131 24.6379 24.0127 21.2594
threshold=-0.39271505177021021 -0.076279435306787477 -1.0000000180025095e-35 1.0000000180025095e-35 -0.07419854030013083 0.037967644631862647 1.0371875762939455 0.77471739053726207 1.2792378664016726 0.87686839699745189 0.98313045501708995 0.10451696440577508 -0.032717135734856122 0.59166094660758983
decision_type=2 2 2 2 2 2 2 2 2 2 2 2 2 2
left_child=-1 2 5 4 -3 -2 7 -4 -6 10 12 -12 -5 -7
right_child=1 3 6 9 8 13 -8 -9 -10 -11 11 -13 -14 -15
leaf_value=0.001030270786722661 0.00557402351626943 0.0052734456862644809 0 -0.00023872203470400223 -0.0016266432849980608 0.0031824974305575287 -0.00059975113092141687 -0.0045259283952321112 0.0020318238768562602 0 -0.0015072343324609543 0.0043588903381402049 0.0046960794879057841 -0.0019068712755393744
leaf_weight=4138.0974639747292 166.85219172015786 128.41715510189533 293.43880121223629 100.56318648345768 1750.6246410422027 109.092345232144 684.6903133559972 1265.5432390496135 283.90879031270742 434.48886471800506 211.57299862056971 100.27352811396122 628.9261875692755 276.31342362612486
leaf_count=54780 2338 1958 4110 1363 23056 1264 8757 17367 3739 5449 2906 1359 8461 3811
internal_value=0 -0.000593419 -0.00192402 0.000419761 -0.000676892 0.00143351 -0.0027705 -0.00369045 -0.00109061 0.00204951 0.00291997 0.000311313 0.00396543 -0.000329417
internal_weight=0 6434.71 2795.93 3638.78 2162.95 552.258 2243.67 1558.98 2034.53 1475.82 1041.34 311.847 729.489 385.406
internal_count=140718 85938 37647 48291 28753 7413 30234 21477 26795 19538 14089 4265 9824 5075
is_linear=0
shrinkage=0.0101079


Tree=12
num_leaves=15
num_cat=0
split_feature=0 2 30 27 30 23 29 0 30 33 14 33 33 21
split_gain=48.7533 51.4182 49.5918 44.3548 61.1817 36.6705 43.2152 34.3837 33.4581 45.3214 31.8122 53.106 40.7265 30.5392
threshold=0.53103706240654003 0.60444912314414989 1.0000000180025095e-35 -0.71473535895347584 1.0000000180025095e-35 0.85227778553962719 1.0000000180025095e-35 1.1778402924537661 1.0000000180025095e-35 0.90112781524658214 -17.118154525756832 1.0013927817344668 0.99393379688262951 0.22807995229959491
decision_type=2 2 2 2 2 2 2 2 2 10 2 8 10 2
left_child=1 2 -1 5 7 6 13 10 -7 -10 11 -5 -12 -2
right_child=3 -3 -4 4 -6 8 -8 -9 9 -11 12 -13 -14 -15
leaf_value=-0.0018368837490903309 -0.0030793071562482135 -0.0038963047031561329 0.0065750378193015742 0.0088660374645064682 0.0017700862280194652 0.00090621723706943663 -0.0050299267156277703 0.0017137642297969859 6.3376667819637397e-05 -0.0051008434268566107 8.7198548876507336e-06 0 -0.0023735473766427597 0.0029508844166329195
leaf_weight=182.29057382047176 164.85794780030847 605.12327314354479 104.1361152138561 83.043435350060463 2925.679692979902 1169.5427857302129 395.21164106205106 814.34052159264684 435.13792665302753 265.45639844983816 1752.5935306884348 304.87568038515747 1212.7578166350722 162.85732630826533
leaf_count=2454 2481 8216 1473 546 38783 15502 5396 11104 7648 1752 29582 5895 7914 2074
internal_value=0 -0.00222587 0.00117499 0.000234021 0.00065077 -0.000888984 -0.002812 -0.000127094 -0.000115642 -0.00187006 -0.000589072 0.0020743 -0.000955541 0
internal_weight=0 891.55 286.427 9686.35 7093.29 2593.06 722.927 4167.61 1870.14 700.594 3353.27 387.919 2965.35 327.715
internal_count=140820 12143 3927 128677 93824 34853 9951 55041 24902 9400 43937 6441 37496 4555
is_linear=0
shrinkage=0.0101079


Tree=13
num_leaves=15
num_cat=0
split_feature=28 27 30 29 14 14 33 33 0 7 0 14 18 33
split_gain=60.173 101.816 83.9875 81.8175 57.9729 49.9942 42.9108 41.7495 38.939 36.9538 34.2862 29.1301 43.7893 31.117
threshold=-0.22706275433301923 -0.14132478833198545 1.0000000180025095e-35 -1.0000000180025095e-35 -19.022452354431149 -14.283365726470945 1.0013927817344668 0.90112781524658214 0.79277819395065319 7.9666113853454599 1.0371875762939455 -7.4838857650756827 40.500000000000007 0.97973212599754345
decision_type=2 2 2 2 2 2 8 10 2 2 2 2 2 10
left_child=6 3 4 5 -3 -2 -1 -4 -9 -7 -5 13 -13 -6
right_child=1 2 7 10 11 9 -8 8 -10 -11 -12 12 -14 -15
leaf_value=-0.00033151811540910555 -0.0036438784883750493 0.0043106605844037789 0.00089939542256535553 -0.003993902472752062 -0.0012217457463906021 0.0067748691250110573 0.0016198076756578244 0.0068449808483936492 0.0010406082851459593 0 -0.00072606684403323342 -0.0040918438131487076 0.00082439057373533218 -0.0054562832700276115
leaf_weight=1846.6332543343306 129.94221511855721 187.51849214360118 893.91683280281723 1440.1147120762616 511.56962582468987 166.85170883126557 2915.7610226925462 310.13335452973843 222.25496650487185 176.03114318288863 470.82446969300508 231.47906928882003 793.9109884891659 300.94064012169838
leaf_count=12023 1653 2952 15415 19801 9270 2477 51031 1991 1447 2190 5940 3139 9651 1962
internal_value=0 -0.00067455 0.000425306 -0.00228036 -0.000882608 0.00140761 0.000855365 0.00230566 0.00454579 0.00347517 -0.00321596 -0.00145005 -0.000268265 -0.00287571
internal_weight=0 5835.49 3451.72 2383.76 2025.42 472.825 4762.39 1426.31 532.388 342.883 1910.94 1837.9 1025.39 812.51
internal_count=140942 77888 45827 32061 26974 6320 63054 18853 3438 4667 25741 24022 12790 11232
is_linear=0
shrinkage=0.0101079


Tree=14
num_leaves=15
num_cat=0
split_feature=28 33 30 3 6 11 22 21 16 3 15 16 16 21
split_gain=63.7701 45.6587 41.9417 57.3825 33.9237 29.0376 32.9513 26.4426 57.4941 36.2997 30.5074 25.5831 25.5767 32.184
threshold=-0.22706275433301923 1.0013927817344668 -0.56174489110708226 0.51988515257835399 -3.1509075164794917 0.015158914029598238 -0.31577508151531214 0.86901217699050914 0.16701249033212665 0.26728110015392309 11.410646915435793 0.10924411192536355 0.61922502517700206 5.753124713897706
decision_type=2 8 2 2 2 2 2 2 2 2 2 2 2 2
left_child=1 4 7 12 -1 -5 -7 8 11 -9 -11 -2 -4 -14
right_child=2 -3 3 5 -6 6 -8 9 -10 10 -12 -13 13 -15
leaf_value=0.0019281485876469467 -0.0013786906634411817 0.0016434784543689481 0.0023197136593538586 0.0013189255947887828 -0.001181284579835966 -0.0029644142453429845 3.3178553743320064e-05 0.0035163764907799708 -0.0043778904592983248 0.0017379270044428645 -0.0024661760701295619 0.0046448283625979605 -0.0018982477690925122 0.0022984902307178839
leaf_weight=469.72320098429918 176.51707139238715 2923.5067555177957 997.54561869986355 338.56797958910465 1383.9095315411687 993.38527170941234 556.36913120187819 165.42218220792711 783.0351877361536 213.23414672538638 739.54851516336203 105.99917809292674 438.74969009123743 311.6442354246974
leaf_count=3098 2637 51080 14035 4509 8971 13397 7688 2144 10811 2991 8997 1631 4988 3943
internal_value=0 0.000855604 -0.000719024 -4.18164e-05 -0.000366899 -0.00127171 -0.00186737 -0.00182412 -0.00297017 -0.00068332 -0.00147679 0.000804469 0.00126354 -9.62909e-05
internal_weight=0 4777.14 5820.02 3636.26 1853.63 1888.32 1549.75 2183.76 1065.55 1118.2 952.783 282.516 1747.94 750.394
internal_count=140920 63149 77771 48560 12069 25594 21085 29211 15079 14132 11988 4268 22966 8931
is_linear=0
shrinkage=0.0101079


Tree=15
num_leaves=15
num_cat=0
split_feature=22 3 30 13 30 2 11 0 32 3 3 33 2 22
split_gain=58.6994 49.5215 44.3393 35.6897 33.3436 63.4731 38.1438 37.6478 37.4304 34.7744 31.2699 45.2325 28.8848 28.062
threshold=0.24930679053068164 0.36100544035434728 1.0000000180025095e-35 -0.078081887215375886 -0.56174489110708226 0.7699982523918153 0.071464288979768767 0.52547094225883495 1.0000000180025095e-35 0.85334494709968578 0.21291415393352511 0.99472221732139599 2.1750448942184453 -0.61680170893669117
decision_type=2 2 2 2 2 2 2 2 2 2 2 10 2 2
left_child=1 2 3 -1 9 6 -6 -7 -9 13 -5 -12 -11 -3
right_child=-2 4 -4 10 5 7 -8 8 -10 12 11 -13 -14 -15
leaf_value=0.0051448401067706829 0.001298762349650333 -0.0046389418759795551 0.0028580668666346488 -0.0042027104798666517 0.002888285755504465 -0.0047507220609674574 -0.0028689013108530686 0.00034239076275920669 -0.002142816433996044 0.0035123010159921701 0.0016657127136541303 -0.0026528420081838129 -0.0018281898460685974 -0.0016689087972155251
leaf_weight=108.58324876055121 2701.697819923982 482.8061302062124 747.01877805404365 207.8601376991719 763.24637865647674 254.31614516675472 125.56092628650367 1465.3432729057968 1035.9447166733444 192.42647489160299 646.03147684037685 391.32446657121181 198.26063376292586 1259.4956287480891
leaf_count=1617 36880 6739 9779 2981 10097 3283 1470 18879 14003 2824 11078 2563 2724 15895
internal_value=0 -0.000425628 0.000891436 -0.000173932 -0.000912093 -0.000309938 0.00201229 -0.00107711 -0.00067414 -0.00191724 -0.000698573 0 0.000717406 -0.00253172
internal_weight=0 7878.22 2100.82 1353.8 5777.4 3644.41 888.807 2755.6 2501.29 2132.99 1245.22 1037.36 390.687 1742.3
internal_count=140812 103932 28018 18239 75914 47732 11567 36165 32882 28182 16622 13641 5548 22634
is_linear=0
shrinkage=0.0101079


Tree=16
num_leaves=15
num_cat=0
split_feature=28 27 13 33 20 1 0 16 0 13 5 17 27 20
split_gain=63.6539 77.824 47.8616 42.3193 33.3796 31.3109 30.3439 20.8727 22.6052 20.0045 19.607 19.5821 19.3237 20.2419
threshold=-0.3317298144102096 -0.11969653144478797 -0.075897756963968263 1.0013927817344668 -1.5247982144355772 1.6044653058052065 0.70479092001914989 0.58234539628028881 0.71449095010757457 0.035851256921887405 -4.3320441246032706 73.500000000000014 -0.49049438536167139 1.0000000180025095e-35
decision_type=2 2 2 8 2 2 2 2 2 2 2 2 2 2
left_child=3 6 11 4 10 9 12 -5 -9 -6 -1 -3 -2 -14
right_child=1 2 -4 7 5 -7 -8 8 -10 -11 -12 -13 13 -15
leaf_value=0 -0.0049253916652699124 0.0012762928672338004 -1.9527581787118259e-05 0.00082811742737611991 -0.0028785537926288591 0.0019111124177875513 -0.0011401342025538141 0.007837017494505322 0.0022313389460893113 0.00036191809002297678 0.0040131413589551725 0.0078145189001670948 0.00040535901981790848 -0.0036493705455716212
leaf_weight=264.59094404429197 484.47614392638206 115.6767910644412 3373.5257003903389 1451.2316450644284 738.59517601877451 238.63616159558296 1657.3166310470551 80.63564196228981 1154.7226295657456 232.64519681036472 223.21145152300596 106.27297297865152 203.78547514788806 261.00879911333323
leaf_count=1723 6633 1765 44526 26369 4815 1551 22295 1007 19519 1473 1483 1429 2964 3288
internal_value=0 -0.000682046 0.000272395 0.000907736 -0.000320931 -0.00123979 -0.00201103 0.00169788 0.0026757 -0.00206421 0.00186032 0.00473901 -0.00346796 -0.00180805
internal_weight=0 6202.06 3595.48 4384.27 1697.68 1209.88 2606.59 2686.59 1235.36 971.24 487.802 221.95 949.27 464.794
internal_count=140840 82900 47720 57940 11045 7839 35180 46895 20526 6288 3206 3194 12885 6252
is_linear=0
shrinkage=0.0101079


Tree=17
num_leaves=15
num_cat=0
split_feature=28 27 2 0 30 21 16 21 0 33 2 28 30 18
split_gain=50.569 68.1327 42.5809 61.8296 40.284 36.1703 35.0901 45.083 34.199 29.5802 37.2659 29.5073 32.385 25.8796
threshold=-0.54643493890762318 0.11969653144478799 0.60444912314414989 0.5726800560951234 -0.56174489110708226 2.3938648700714116 0.58662420511245739 -6.0667750835418692 0.91274365782737743 1.0013927817344668 0.66850313544273388 0.098011311143636717 0.81174489855766307 87.500000000000014
decision_type=2 2 2 2 2 2 2 2 2 8 2 2 2 2
left_child=9 2 -2 -4 6 8 7 -3 11 10 -1 -6 -13 -7
right_child=1 4 3 -5 5 13 -8 -9 -10 -11 -12 12 -14 -15
leaf_value=-0.0038225875225537929 0.0022647323376326239 0.0021294270892662673 -0.0047334324614948797 -0.0011337157456995969 0.00032256849555633725 -0.0016608270346715013 0.00068456361554680137 -0.0037892895306785609 -0.00021297784352732478 0.001709224046182197 0.00056440371712963692 0.0027322206763859998 0.0076011476254905829 0.0022406824735073509
leaf_weight=230.13948678970337 264.03890515118837 156.50104152411222 614.87824491411448 2560.0395872723311 283.64039989188313 530.31421314552426 728.9665281381458 556.46655266359448 371.46911403536797 2175.5978463217616 1145.3668418824673 513.16379703208804 223.48191107809544 244.55370503291488
leaf_count=1493 3599 2433 8291 34408 3881 6701 9090 7650 4938 37897 7451 7106 3009 3037
internal_value=0 -0.000501779 -0.00152103 -0.00185327 0.000459526 0.00133609 -0.00082975 -0.0024251 0.00231057 0.000976044 -0.000157358 0.0032635 0.00432656 -0.000367883
internal_weight=0 7047.51 3438.96 3174.92 3608.56 2166.62 1441.93 712.968 1391.76 3551.1 1375.51 1020.29 736.646 774.868
internal_count=140984 94143 46298 42699 47845 28672 19173 10083 18934 46841 8944 13996 10115 9738
is_linear=0
shrinkage=0.0101079


Tree=18
num_leaves=15
num_cat=0
split_feature=28 27 30 14 2 28 14 13 2 0 2 15 14 9
split_gain=56.5799 89.4693 58.0476 56.4816 38.4665 39.7859 37.6743 39.4475 34.3416 50.6037 33.4259 33.2684 30.4712 25.2133
threshold=-0.35222910344600672 -0.11969653144478797 1.0000000180025095e-35 -19.490814208984371 0.8196752965450288 -0.05451125651597976 -7.4838857650756827 -0.0029535921057686205 0.7699982523918153 0.67833185195922863 1.1350429654121401 2.586513996124268 -5.4032874107360831 0.17051681876182559
decision_type=2 2 2 2 2 2 2 2 2 2 2 2 2 2
left_child=-1 8 3 11 5 -4 -5 -8 13 -10 12 -3 -9 -2
right_child=1 2 4 6 -6 -7 7 10 9 -11 -12 -13 -14 -15
leaf_value=0.00086720772388560125 -0.0013624474335200809 0 -0.0021471230738014432 -0.0027481876874235721 0.0001763475772879438 0.0043744780279581829 0.0045202586646150653 0.0015683607064886638 -0.0048910705150819319 -0.0015049328938987411 0.0028986043739709392 0.0081982969989575442 -0.002997297104583498 0.0039885559127646967
leaf_weight=4311.0019436609 197.34997715055943 85.009117759764194 97.591819930821657 873.37484272755682 721.81920962035656 671.74507758952677 163.76431916281581 186.61779407225549 654.11961910128593 1645.5696764364839 187.08590671233833 101.28209425881505 542.66803257167339 145.60049546509981
leaf_count=56956 2765 1328 1286 12183 9457 8878 2053 2658 8702 22270 2251 1615 6536 1936
internal_value=0 -0.000635518 0.000385012 -0.000667415 0.00191797 0.00348211 -0.00119612 3.20916e-05 -0.00205007 -0.00249863 -0.00075687 0.00449681 -0.00176989 0.000831192
internal_weight=0 6273.6 3630.96 2139.8 1491.16 769.337 1953.51 1080.14 2642.64 2299.69 916.372 186.291 729.286 342.95
internal_count=140874 83918 48245 28624 19621 10164 25681 13498 35673 30972 11445 2943 9194 4701
is_linear=0
shrinkage=0.0101079


Tree=19
num_leaves=15
num_cat=0
split_feature=22 27 30 29 0 13 14 13 33 13 29 11 22 0
split_gain=58.6571 71.8987 66.0573 59.2584 52.8594 47.463 41.4079 38.9925 29.8137 43.5729 28.6986 27.9215 24.4392 24.0391
threshold=0.35753664374351507 -0.11969653144478797 1.0000000180025095e-35 -1.0000000180025095e-35 0.70808455348014843 -0.075897756963968263 -14.283365726470945 0.011802653782069685 0.99393379688262951 -0.021803306415677067 0.87837970256805431 0.077718459069728865 -1.3142201900482176 0.65518140792846691
decision_type=2 2 2 2 2 2 2 2 10 2 2 2 2 2
left_child=1 3 5 6 12 -3 -1 -8 13 -10 -6 -12 -5 -7
right_child=-2 2 -4 4 10 8 7 -9 9 -11 11 -13 -14 -15
leaf_value=-0.0032143431053535667 0.0013955567091256148 0.0048303454377836928 0.0017013621197183319 0 -0.0020482735140669997 -0.0018777581900290168 0.0069086465508690657 0.00039510600682043386 -0.0061835149537405893 -0.0011473523577035024 0.0028611930056013472 -0.0025802148904596608 -0.0051300291123529502 0.00066141856068410243
leaf_weight=144.66774348542094 2379.5895363837481 146.0048743467778 2081.7677358966321 103.07459916546941 1183.3778809364885 530.45134532265365 148.41329082846642 275.47868340462446 218.67050848901272 966.67679320275784 276.47473263554275 132.42522917129099 708.26098734512925 1285.9987750612199
leaf_count=1910 32408 2099 26974 1501 16020 9099 2314 3496 1456 6297 3837 1674 9365 22376
internal_value=0 -0.000404559 0.00030254 -0.00165989 -0.00235854 -0.000611599 0.00121553 0.00285134 -0.000901328 -0.00214398 -0.00124257 0.000986737 -0.00446722 -6.26403e-05
internal_weight=0 8201.74 5229.57 2972.17 2403.61 3147.8 568.56 423.892 3001.8 1185.35 1592.28 408.9 811.336 1816.45
internal_count=140826 108418 68301 40117 32397 41327 7720 5810 39228 7753 21531 5511 10866 31475
is_linear=0
shrinkage=0.0101079


Tree=20
num_leaves=15
num_cat=0
split_feature=28 27 30 14 15 13 23 12 27 27 20 13 30 12
split_gain=48.4757 103.157 63.8827 56.1486 25.1916 23.6145 20.5486 20.6374 20.3824 34 31.1405 18.5468 45.1972 26.9688
threshold=-0.22706275433301923 -0.14132478833198545 1.0000000180025095e-35 -19.263205528259274 2.652616143226624 -0.029736616648733612 0.98048001527786266 0.046033721417188651 -0.91080963611602772 -0.50938662886619557 0.029439006932079795 -0.0029535921057686205 -0.56174489110708226 0.084030758589506163
decision_type=2 2 2 2 2 2 2 2 2 2 2 2 2 2
left_child=-1 8 3 4 -3 -5 7 -4 -2 -10 -11 12 -7 -13
right_child=1 2 6 5 -6 11 -8 -9 9 10 -12 13 -14 -15
leaf_value=0.00076277022730708653 -0.0011703087886125048 0 0.0032539924125557667 -0.0035993489231037307 0.0080030235497933998 -0.0010925524135812154 -0.00087352598852362677 0 -0.0046443348520337291 0.0013287490189157257 -0.0033502073944385964 -0.0018557137259830546 0.0060124575126680119 0.0030466782992307493
leaf_weight=4759.4532985687256 1103.7306371014565 82.721439151093364 991.13609560020268 339.24169371649623 94.198913291096687 257.70646498724818 179.35604970902205 255.74649401940405 695.33605474047363 252.82926728203893 301.86016605235636 997.04696201905608 127.83308801241219 116.89998940378428
leaf_count=62837 14985 1297 13028 4709 1481 3480 2201 3518 9610 3629 3743 12835 1731 1446
internal_value=0 -0.0006128 0.000492819 -0.000649835 0.00462538 -0.00119637 0.0021308 0.00259792 -0.00224306 -0.00314521 -0.00115642 -0.000610373 0.00123123 -0.00128791
internal_weight=0 5795.64 3441.89 2015.65 176.92 1838.73 1426.24 1246.88 2353.76 1250.03 554.689 1499.49 385.54 1113.95
internal_count=140530 77693 45726 26979 2778 24201 18747 16546 31967 16982 7372 19492 5211 14281
is_linear=0
shrinkage=0.0101079


Tree=21
num_leaves=15
num_cat=0
split_feature=28 27 29 30 14 14 0 13 2 33 0 33 14 18
split_gain=54.5438 74.321 73.8601 61.6514 56.8841 46.7213 45.6835 43.7947 42.6315 40.1141 36.53 51.5253 35.6341 38.2044
threshold=-0.3317298144102096 -0.09801131114363669 -1.0000000180025095e-35 1.0000000180025095e-35 -19.263205528259274 -14.413261890411375 1.0457062125205996 0.011802653782069685 0.77471739053726207 1.0013927817344668 0.95509275794029247 0.90112781524658214 -7.4838857650756827 46.500000000000007
decision_type=2 2 2 2 2 2 2 2 2 8 2 10 2 2
left_child=9 2 5 4 -3 -2 8 -7 -4 -1 11 -5 -6 -14
right_child=1 3 6 10 12 7 -8 -9 -10 -11 -12 -13 13 -15
leaf_value=-0.00037902045050609574 -0.0033195250106600772 0.0043404925247295797 0 0.00097799073835966462 -0.0028836525918740159 0.0079245096361662635 -0.00030069265672180397 0.00059908777797428026 -0.004508791178515297 0.0015861736628400313 -0.0014006852715059369 0.0054131505305991864 -0.0032050809068899285 0.0010446293945660351
leaf_weight=1697.9096806570888 142.09715363010764 188.38742165826261 278.32806190662086 764.03158548846841 848.81253288313746 127.99878639914095 581.35908451117575 256.28233441151679 1244.2120714318007 2692.7313966527581 262.19288242608309 434.44827741384506 288.92097923345864 783.55816730111837
leaf_count=11046 1813 2940 3904 13149 11801 2004 7430 3209 17262 46944 3211 2779 3820 9554
internal_value=0 -0.000653165 -0.00194186 0.000287018 -0.000804013 0.00137804 -0.00279363 0.00324923 -0.00371281 0.000817665 0.00188639 0.00264339 -0.00134462 -7.72867e-05
internal_weight=0 6200.63 2630.28 3570.35 2109.68 526.378 2103.9 384.281 1522.54 4390.64 1460.67 1198.48 1921.29 1072.48
internal_count=140866 82876 35622 47254 28115 7026 28596 5213 21166 57990 19139 15928 25175 13374
is_linear=0
shrinkage=0.0101079


Tree=22
num_leaves=15
num_cat=0
split_feature=28 27 29 29 23 2 33 21 13 13 6 16 29 13
split_gain=52.0186 85.9291 70.3469 40.9491 38.7671 51.9213 35.2961 33.3386 40.046 29.5837 29.4778 21.7454 21.5975 20.7874
threshold=-0.41268247365951533 -0.032717135734856122 -1.0000000180025095e-35 -1.0000000180025095e-35 0.96098509430885326 0.60444912314414989 1.0013927817344668 -6.7021024227142325 0.011802653782069685 -0.075897756963968263 -2.8736667633056636 0.7598782777786256 0.87837970256805431 0.056886052712798126
decision_type=2 2 2 2 2 2 8 2 2 2 2 2 2 2
left_child=6 2 7 -3 5 -4 10 -2 -9 -5 -1 -12 -6 -11
right_child=1 3 4 9 12 -7 -8 8 -10 13 11 -13 -14 -15
leaf_value=0.0020461713103582472 -0.0030053037262781639 -0.0015833723338823504 0.0020022609576671405 0.0050483026882933227 -0.0019323134349301474 -0.004168601413232784 0.0017086310640177906 0.0064490675007045509 0.00015516160347812786 0.00038553052836419905 -0.0022478057985184743 0.0004653737022172661 0.0014720843249954251 0.0028121177096694164
leaf_weight=420.74632821977139 128.25183727778494 719.76991795003414 141.27720600180328 176.81040360219777 538.59277113713324 1358.7506787516177 2501.346157791093 166.46155141107738 289.23076403699815 2271.9103490933776 663.00312539935112 507.51371794193983 273.22741517238319 437.43579914607108
leaf_count=2769 1671 9580 2012 2491 7151 18647 43514 2457 3637 30256 4355 3224 3640 5578
internal_value=0 -0.000492762 -0.00179042 0.000539715 -0.00258648 -0.00355335 0.00096 0.00128543 0.00261006 0.00108596 -0.000194002 -0.00104165 -0.000734064 0.000799019
internal_weight=0 6501.72 2895.79 3605.93 2311.85 1500.03 4092.61 583.944 455.692 2886.16 1591.26 1170.52 811.82 2709.35
internal_count=140982 87120 39215 47905 31450 20659 53862 7765 6094 38325 10348 7579 10791 35834
is_linear=0
shrinkage=0.0101079


Tree=23
num_leaves=15
num_cat=0
split_feature=22 27 30 13 2 23 18 13 12 21 14 2 23 3
split_gain=48.7263 67.9583 55.2798 43.7085 38.6624 45.9715 30.3427 28.7722 26.5916 24.8882 23.967 23.7647 16.6646 22.9548
threshold=0.35753664374351507 -0.14132478833198545 1.0000000180025095e-35 -0.075897756963968263 1.0150257349014284 0.91063192486763012 90.500000000000014 -0.028644086793065068 0.032456278800964362 -0.17912563681602475 -15.340096473693846 1.1486387252807619 0.86514982581138622 0.61383733153343212
decision_type=2 2 2 2 2 2 2 2 2 2 2 2 2 2
left_child=1 4 3 -3 9 -6 8 10 -4 -1 -5 -9 13 -13
right_child=-2 2 6 7 5 -7 -8 11 -10 -11 -12 12 -14 -15
leaf_value=-0.0017080478485734455 0.0012823304410924002 0.0046490297062750704 0.0016719832465367517 -0.00035905321203327426 -0.0038829407424291113 -0.00077247136595785153 0.0041869658604394783 -0.00084601625332972753 -0.0012336484544756496 0.0016451420880278301 -0.0047691025919774097 7.7738128716450821e-05 -3.881940334322157e-05 0.0064098762439810065
leaf_weight=398.23492439649999 2381.3477580044419 149.135842256248 1346.106114950031 250.27445331029594 1019.2756937239319 1003.73351178132 377.58137115091085 1916.8035198636353 399.80859647877514 498.36350261233747 302.34474096260965 131.32188695296645 277.32819960638881 122.09810012951493
leaf_count=5961 32380 2133 17348 4377 13919 13473 4647 24433 5399 6237 3874 1742 3345 1459
internal_value=0 -0.000357951 0.000320857 -0.000519143 -0.00159535 -0.0023683 0.00158304 -0.000800658 0.000981035 0.000109149 -0.00287623 -0.000308046 0.00154407 0.00338192
internal_weight=0 8192.41 5272.8 3149.31 2919.61 2023.01 2123.5 3000.17 1745.91 896.598 552.619 2447.55 530.748 253.42
internal_count=140727 108347 68757 41363 39590 27392 27394 39230 22747 12198 8251 30979 6546 3201
is_linear=0
shrinkage=0.0101079


Tree=24
num_leaves=15
num_cat=0
split_feature=28 33 3 30 0 28 14 5 30 8 14 11 33 11
split_gain=56.6775 38.6812 32.6587 41.2155 26.2961 28.1602 35.4105 37.9485 33.019 32.9329 27.3792 25.9321 25.7636 30.5892
threshold=-0.39271505177021021 1.0013927817344668 0.36858567595481878 1.0000000180025095e-35 0.4625371545553208 0.87137606739997875 -9.5307173728942853 1.1559000611305239 1.0000000180025095e-35 -1.1997749805450437 -14.156049251556395 0.13927808403968814 0.99611112475395214 0.087483014911413207
decision_type=2 8 2 2 2 2 2 2 2 2 2 2 10 2
left_child=1 -1 3 12 -4 6 7 -6 10 -10 -7 -5 -2 -14
right_child=2 -3 4 11 5 8 -8 -9 9 -11 -12 -13 13 -15
leaf_value=-0.0003349557809329154 0.00058223628790631009 0.001646357290987825 -0.0039716633431805069 0.0038694743355152223 -0.001669941041184262 0.0031360959838025323 -0.00043293822984739357 -0.0060549591730543204 -0.0023568753248595247 0.003728714135903536 -0.0025079676734429024 -0.0010961431762755778 -0.005359651658065949 2.8933215895021325e-05
leaf_weight=1604.3512669578195 671.80436164699495 2558.8820216748863 298.19066687859595 452.96052690967917 1125.3883975166827 101.0978136099875 2100.255396425724 257.39926206879318 101.96446687169373 408.40120154432952 382.17690835334361 121.29505818523467 197.02537414431572 196.06945040076971
leaf_count=10429 12042 44428 4030 6173 15978 1462 27140 3590 1340 5371 4758 1493 1298 1276
internal_value=0 0.000873909 -0.000638962 0.000574161 -0.00106413 -0.000855001 -0.0012864 -0.00254407 0.000615042 0.0024179 -0.00121437 0.00275041 -0.000572861 -0.00262149
internal_weight=0 4163.23 6414.03 1639.15 4774.87 4476.68 3483.04 1382.79 993.64 510.366 483.275 574.256 1064.9 393.095
internal_count=140808 54857 85951 22282 63669 59639 46708 19568 12931 6711 6220 7666 14616 2574
is_linear=0
shrinkage=0.0101079


Tree=25
num_leaves=15
num_cat=0
split_feature=28 27 30 27 14 2 29 14 15 28 29 29 27 18
split_gain=50.4826 68.6288 64.5713 59.6591 58.8061 48.4581 40.7008 33.6068 30.3682 29.6946 28.9584 26.0968 24.5629 29.527
threshold=-0.3317298144102096 -0.49049438536167139 1.0000000180025095e-35 -0.91080963611602772 -17.851621627807614 0.79732838273048412 0.87837970256805431 -9.3195166587829572 2.3149893283843999 0.054511256515979774 -1.0000000180025095e-35 -1.0000000180025095e-35 0.43245348334312445 43.500000000000007
decision_type=2 2 2 2 2 2 2 2 2 2 2 2 2 2
left_child=-1 3 4 6 8 9 11 -6 -3 -4 -5 -2 -9 -14
right_child=1 2 5 10 7 -7 -8 12 -10 -11 -12 -13 13 -15
leaf_value=0.00086577960366088832 0.00095244221063238205 -0.00065390063174414811 -0.00084171442346359722 -2.9361753830282683e-05 -0.0034093274274541582 3.4868960531453725e-05 0.0026782533612528295 -0.0025129042301177983 0.0060179910242737404 0.0041575181461396332 -0.0054401396158687493 -0.0026228526457286894 -0.0021812181737139295 0.0015424006481900437
leaf_weight=4424.8593978434801 260.93067772872746 97.084080303087831 127.32925832644105 141.04468549974263 651.11340355500579 986.44157462008297 265.3402649872005 457.54474147222936 166.83105118013918 723.78450428321958 568.64533971995115 769.29927005618811 313.20536383055151 651.9644400216639
leaf_count=58107 3509 1601 1630 1921 8943 12790 3578 5976 2646 9669 7936 10500 4290 7852
internal_value=0 -0.000546959 0.000182912 -0.00208173 -0.000919398 0.00160523 -0.000744243 -0.00150749 0.00346513 0.00336162 -0.00443301 -0.00167796 -0.00059524 0.000284793
internal_weight=0 6180.56 4175.3 2005.26 2337.74 1837.56 1295.57 2073.83 263.915 851.114 709.69 1030.23 1422.71 965.17
internal_count=140948 82841 55397 27444 31308 24089 17587 27061 4247 11299 9857 14009 18118 12142
is_linear=0
shrinkage=0.0101079


Tree=26
num_leaves=15
num_cat=0
split_feature=22 27 29 30 2 0 2 2 23 11 27 7 23 15
split_gain=43.2679 68.6532 51.4842 46.2131 37.1056 39.9826 33.2716 31.6467 21.9614 19.7703 19.4815 18.9106 23.526 19.2837
threshold=-0.38663049042224878 -0.47136868536472315 -1.0000000180025095e-35 1.0000000180025095e-35 0.79265081882476818 0.52021619677543651 0.97802388668060314 1.7000660896301272 0.72037291526794445 0.05551817640662194 0.032717135734856136 -9.6233577728271467 0.81674727797508251 11.325419902801515
decision_type=2 2 2 2 2 2 2 2 2 2 2 2 2 2
left_child=1 2 9 7 11 -6 8 10 -4 -1 -3 -5 13 -13
right_child=-2 3 6 4 5 -7 -8 -9 -10 -11 -12 12 -14 -15
leaf_value=0.0047950725613113959 0.00051639489886133832 -0.0040069902074200432 -0.0035339934040999718 -0.00031463254215917662 -0.004595186631575942 0.0011068127193372477 -0.0049863520252393925 0.0038074762771295226 0.0021537306790204215 -0.0010352796797365098 -0.0009338375399624288 0.0069682052664706466 0 0.0018696718875677615
leaf_weight=94.986480217427015 6364.8153951503336 262.45907605625689 127.34813703969121 104.18114120699465 152.96007905341685 563.62130237743258 710.10669703781605 113.72473824582994 129.11880392767489 117.08262966573238 1340.960991166532 243.24145950376987 103.35187202505767 155.96516028046608
leaf_count=1420 83989 3478 1859 1529 1958 7313 9755 1564 1766 1575 17965 3269 1341 1925
internal_value=0 -0.000802444 -0.0028648 0 0.00141724 -9.00055e-05 -0.00386099 -0.00108974 -0.000537664 0.00146768 -0.00147861 0.00324227 0.00405268 0.00514826
internal_weight=0 4219.11 1178.64 3040.47 1323.32 716.581 966.574 1717.14 256.467 212.069 1603.42 606.74 502.558 399.207
internal_count=140706 56717 16375 40342 17335 9271 13380 23007 3625 2995 21443 8064 6535 5194
is_linear=0
shrinkage=0.0101079


Tree=27
num_leaves=15
num_cat=0
split_feature=22 27 30 29 23 2 14 13 2 0 0 7 14 27
split_gain=50.3154 73.5668 72.9894 56.9535 48.178 46.3554 46.0676 38.073 30.8043 51.8045 28.2511 26.1951 24.8494 21.9956
threshold=-0.071377847343683229 -0.49049438536167139 1.0000000180025095e-35 -1.0000000180025095e-35 0.67376241087913524 0.97802388668060314 -17.851621627807614 -0.029164540581405159 0.78393754363060009 0.4625371545553208 0.77482765913009655 -9.6233577728271467 -13.473514080047606 0.86046862602233898
decision_type=2 2 2 2 2 2 2 2 2 2 2 2 2 2
left_child=1 3 6 12 -5 -6 -3 -8 10 -10 11 -4 -1 -13
right_child=-2 2 8 4 5 -7 7 -9 9 -11 -12 13 -14 -15
leaf_value=-0.0027283031607455458 0.00093952966813169822 0.0028975372080866924 0 -0.0065100469044989872 0.0016985899331474531 -0.0032225083763891683 -0.004284026042006203 -0.00078609836552868831 -0.0060050861552438713 0.0012242619593833162 0.00045034222641180093 0.0070414329628224392 0.0031112469700024107 0.0016904478552814443
leaf_weight=92.752053840085864 4140.1942256931216 279.07044019922614 102.27826742269099 341.42009598016739 241.98683519288898 788.9727027900517 380.68979559466243 2100.1697610672563 103.69701249152422 1028.0592929851264 305.86659660376608 305.38281106390059 241.80339122191072 142.58168085291982
leaf_count=1269 55858 4500 1480 4636 3208 11039 5114 26413 1275 13184 4051 3884 3340 1827
internal_value=0 -0.000486175 0.000153698 -0.00228235 -0.00319955 -0.00202444 -0.000899633 -0.00135063 0.00163427 0.000490541 0.00308168 0.00444561 0.0013492 0.00548402
internal_weight=0 6454.73 4747.8 1706.94 1372.38 1030.96 2759.93 2480.86 1987.87 1131.76 856.109 550.243 334.555 447.964
internal_count=141078 85220 61728 23492 18883 14247 36027 31527 25701 14459 11242 7191 4609 5711
is_linear=0
shrinkage=0.0101079


Tree=28
num_leaves=15
num_cat=0
split_feature=22 30 32 28 30 33 30 13 28 16 18 28 14 13
split_gain=46.9691 35.8272 48.3853 42.9006 35.414 41.4549 26.0805 31.6095 30.3594 26.5776 25.0225 24.8852 30.7083 37.1358
threshold=0.4828402847051621 -0.56174489110708226 1.0000000180025095e-35 0.41268247365951544 1.0000000180025095e-35 0.90112781524658214 1.0000000180025095e-35 -0.0029535921057686205 -0.05451125651597976 0.647739738225937 74.500000000000014 0.43245348334312445 -21.514063835144039 -0.028644086793065068
decision_type=2 2 2 2 2 10 2 2 2 2 2 2 2 2
left_child=1 11 6 4 -4 10 7 -3 -9 -10 -6 12 -1 -14
right_child=-2 2 3 -5 5 -7 -8 8 9 -11 -12 -13 13 -15
leaf_value=0.0038516169527855718 0.0013638665444996821 0.0014066460572782001 0.0022688350110429238 -0.0045757344224676777 -0.00086571039731189508 -0.0045316968186224112 0.0013545866895368888 0.00047514748647681275 0 -0.0055255631984258329 0.0049765184385684585 -0.0023570163270950884 -0.0042483354296280681 -0.00024352063519996644
leaf_weight=144.49137344397604 2074.0527974963188 533.58669384941459 334.13368649408221 328.2189240064472 358.25057817623019 295.51161526888609 2595.049690309912 306.56218346580863 148.33929091691971 257.85385785251856 85.53579368814826 1155.9480251539499 273.01551317237318 1699.648031456396
leaf_count=1900 28013 7433 4508 4553 6328 1974 33687 3680 1999 3290 1662 15784 4305 21761
internal_value=0 -0.000329702 0.000181766 -0.00141079 -0.000380128 -0.00164253 0.000775028 -0.000400293 -0.0018098 -0.00360912 0.000235715 -0.00115986 -0.000481047 -0.000832473
internal_weight=0 8516.15 5243.04 1401.65 1073.43 739.298 3841.39 1246.34 712.755 406.193 443.786 3273.1 2117.15 1972.66
internal_count=140877 112864 69114 19025 14472 9964 50089 16402 8969 5289 7990 43750 27966 26066
is_linear=0
shrinkage=0.0101079


Tree=29
num_leaves=15
num_cat=0
split_feature=28 30 33 6 12 15 5 7 13 13 1 21 20 13
split_gain=48.1925 34.045 32.073 30.6314 26.0153 52.3159 36.4586 26.2481 32.5108 25.8645 27.0296 25.4545 45.788 24.8576
threshold=-0.3317298144102096 -0.56174489110708226 1.0013927817344668 -3.5042848587036128 -0.025097222998738285 4.1336903572082528 -1.8875439167022703 -0.36978414654731745 0.016676913946866993 0.035851256921887405 1.5851581096649172 0.86901217699050914 -1.7180690169334409 -0.085559077560901628
decision_type=2 2 8 2 2 2 2 2 2 2 2 2 2 2
left_child=2 11 3 -1 7 6 -6 13 -9 10 -5 12 -2 -3
right_child=1 4 -4 9 5 -7 -8 8 -10 -11 -12 -13 -14 -15
leaf_value=0.0021218870946872058 -4.9637867521127267e-05 0.002457712433542235 0.0015014550062913351 -0.0027378304822673551 0 0.00014825319333173961 0.0087377960676737112 0.0048871167606476858 -0.00090982769937551972 0.0013284964836394136 0.0012935121656982658 -0.00045845959563750967 -0.0042987756133068024 -0.0027747450638655594
leaf_weight=404.85511138290167 452.4088869523257 91.012528197839856 2706.1954224482179 772.22730038315058 89.232644602656364 2341.9971107002348 122.93480036780238 132.41356838867068 307.83706863224506 329.13702395558357 197.15570664405823 1191.2606061827391 667.75943144410849 778.01309467479587
leaf_count=2660 6468 1350 46881 5048 1330 29843 1961 1837 4338 2093 1272 15127 9563 11000
internal_value=0 -0.000565489 0.000816831 -0.000249025 5.21745e-06 0.000609074 0.00532978 -0.00113875 0.000796859 -0.00102732 -0.00187277 -0.00153374 -0.00263051 -0.00216393
internal_weight=0 6174.87 4409.57 1703.38 3863.44 2554.16 212.167 1309.28 440.251 1298.52 969.383 2311.43 1120.17 869.026
internal_count=140771 82817 57954 11073 51659 33134 3291 18525 6175 8413 6320 31158 16031 12350
is_linear=0
shrinkage=0.0101079


Tree=30
num_leaves=15
num_cat=0
split_feature=28 27 29 30 14 23 2 21 14 33 6 13 33 13
split_gain=44.6483 70.9894 69.6121 46.0039 48.214 37.3612 44.9344 36.8457 35.9214 35.778 34.7545 34.1533 33.0981 32.4561
threshold=-0.35222910344600672 -0.076279435306787477 -1.0000000180025095e-35 1.0000000180025095e-35 -19.263205528259274 0.96098509430885326 0.89397308230400097 -6.7021024227142325 -7.5470964908599845 1.0013927817344668 -3.5042848587036128 0.011802653782069685 0.97973212599754345 -0.0020884675905108448
decision_type=2 2 2 2 2 2 2 2 2 8 2 2 10 2
left_child=9 2 7 4 -3 6 -4 -2 12 10 -1 -9 -6 -10
right_child=1 3 5 -5 8 -7 -8 11 13 -11 -12 -13 -14 -15
leaf_value=0.0022292414640893939 -0.0031169527583797462 0.0041597994226477541 -0.00055098938304535866 0.0017862880580370871 -0.00096254752283020406 -0.00063733795863993694 -0.0046689640585221813 0.0066532824399555771 0.0041026157238937579 0.0015375459040431754 -0.0011544415545546045 0.00050886388000144739 -0.0052476818442221823 -0.00058950353852866872
leaf_weight=396.41982980072498 125.43148482963443 191.51565571129322 402.3623031694442 1454.2081262767315 533.03149442747235 722.03546839952469 1020.4068709090352 150.03878587111831 171.83979359269142 2664.8137053959072 1284.8657122403383 266.49699260853231 305.35899560153484 906.90966450050473
leaf_count=2602 1631 2971 5687 19038 9760 9629 14012 2215 2132 46122 8321 3392 2020 11373
internal_value=0 -0.000524763 -0.00176572 0.000401477 -0.000537402 -0.00258861 -0.00354186 0.00140788 -0.00104231 0.000807956 -0.000326176 0.00289749 -0.00260441 0.000144223
internal_weight=0 6249.64 2686.77 3562.86 2108.66 2144.8 1422.77 541.967 1917.14 4346.1 1681.29 416.536 838.39 1078.75
internal_count=140905 83860 36566 47294 28256 29328 19699 7238 25285 57045 10923 5607 11780 13505
is_linear=0
shrinkage=0.0101079


Tree=31
num_leaves=15
num_cat=0
split_feature=28 27 33 13 0 14 14 3 20 5 16 0 15 11
split_gain=52.8009 71.4218 42.2153 33.9973 24.8026 28.2448 20.8962 26.1265 19.602 32.3248 30.2093 22.7498 18.957 17.8755
threshold=-0.3317298144102096 -0.11969653144478797 1.0013927817344668 -0.075897756963968263 0.98833799362182628 -11.201416015624998 -6.5622520446777335 0.25379177927970892 -1.5247982144355772 -4.5092027187347403 0.76357015967369091 1.2515111565589907 6.1516418457031259 0.036590345203876502
decision_type=2 2 8 2 2 2 2 2 2 2 2 2 2 2
left_child=2 4 8 -3 5 12 -4 -8 9 -1 11 -10 -2 -6
right_child=1 3 6 -5 13 -7 7 -9 10 -11 -12 -13 -14 -15
leaf_value=-0.0010739774670634453 -0.0030023177440539578 0.0040173145495777029 0.00082109368998675616 5.2808497498889046e-06 0.0016856926161789405 -0.0016470198583427066 0.0076765013411625406 0.002106193673086656 -0.0036649584942360955 0.0039725663214702977 0.00063098170233598448 0.00020158265951397393 -0.007453111312215841 -0.0014280979450158565
leaf_weight=260.32240412384272 388.53381505049765 224.46863233298063 1615.4650869481266 3370.5155443660915 254.04313702136278 1149.4512246679515 96.904496503993869 999.06229889392853 492.62834759801626 230.63460647314787 531.07797399908304 196.61970087885857 172.10950451157987 617.59431174956262
leaf_count=1687 6204 3201 28855 44436 3329 15581 1358 16733 3242 1526 3373 1294 2290 7800
internal_value=0 -0.000636496 0.000808829 0.000275012 -0.00191845 -0.00262893 0.00159484 0.0026851 -0.00041456 0.00124001 -0.00111677 -0.00251372 -0.00452166 -0.000467754
internal_weight=0 6176.72 4422.71 3594.98 2581.73 1710.09 2711.43 1095.97 1711.28 490.957 1220.33 689.248 560.643 871.637
internal_count=140909 82841 58068 47637 35204 24075 46946 18091 11122 3213 7909 4536 8494 11129
is_linear=0
shrinkage=0.0101079


Tree=32
num_leaves=15
num_cat=0
split_feature=28 27 30 14 27 29 15 0 0 29 29 17 22 13
split_gain=50.9934 65.8938 80.3709 56.1292 55.9634 36.5777 32.3106 29.5215 29.0385 28.9366 27.6695 27.6511 16.6576 25.1349
threshold=-0.35222910344600672 -0.49049438536167139 1.0000000180025095e-35 -17.851621627807614 -0.90159028768539418 0.87837970256805431 2.3870605230331425 0.96951234340667736 0.44613337516784674 -1.0000000180025095e-35 -1.0000000180025095e-35 66.500000000000014 0.35753664374351507 0.035851256921887405
decision_type=2 2 2 2 2 2 2 2 2 2 2 2 2 2
left_child=12 4 3 6 5 10 -3 8 -4 -6 -2 -5 13 -1
right_child=1 2 7 11 9 -7 -8 -9 -10 -11 -12 -13 -14 -15
leaf_value=-0.00025901714286223089 0.00091909494261104192 -0.00095993227739806278 -0.0015491007134170033 -0.00083180957409601105 0 0.002270284193806696 0.0058723580435507388 -0.0012558846981240751 0.0027070832878973096 -0.0055139610565081727 -0.0026800158809305438 -0.0033686356017703983 0.0015713741410808254 0.0021103323719839353
leaf_weight=1952.4556822609156 273.26032634265721 102.09698671847582 167.44599646516144 1400.006398588419 133.87968044355512 281.87008881568909 163.49029799550772 274.03572331741452 1414.9312677234411 538.13990892842412 810.60473050922155 683.34795286133885 1791.615201966837 582.35351898148656
leaf_count=25197 3657 1673 2235 17690 1834 3829 2563 3394 18743 7634 11044 9587 24472 7187
internal_value=0 -0.000604061 0.000110387 -0.00112005 -0.00209319 -0.000871195 0.00314422 0.00168721 0.00222595 -0.00447938 -0.00173543 -0.00169252 0.000822477 0.000274095
internal_weight=0 6243.11 4205.35 2348.94 2037.75 1365.74 265.587 1856.41 1582.38 672.02 1083.87 2083.35 4326.42 2534.81
internal_count=140739 83883 55885 31513 27998 18530 4236 24372 20978 9468 14701 27277 56856 32384
is_linear=0
shrinkage=0.0101079


Tree=33
num_leaves=15
num_cat=0
split_feature=28 27 0 0 14 15 29 29 27 21 2 15 7 13
split_gain=49.3632 65.9785 52.3843 31.5041 28.7115 34.6803 28.5479 30.9656 37.1453 24.2847 21.9519 21.4095 32.7892 27.9333
threshold=-0.3317298144102096 -0.49049438536167139 0.5599370300769807 0.44613337516784674 -10.119950771331785 3.2784345149993901 -1.0000000180025095e-35 0.87837970256805431 -0.95032352209091175 6.0750393867492685 0.59158998727798473 11.410646915435793 -0.7259913682937621 -0.07419854030013083
decision_type=2 2 2 2 2 2 2 2 2 2 2 2 2 2
left_child=-1 2 -2 10 5 -4 9 -8 -9 -6 -3 12 13 -5
right_child=1 3 4 11 6 -7 7 8 -10 -11 -12 -13 -14 -15
leaf_value=0.00086331709847038728 -0.0080249879371714489 0.00077440848877021438 -0.00037249078370969974 0.0032954819372164857 0.0063872075497490828 -0.0049534834948016969 -0.0023768673793099055 0.0052904534608107789 -0.002663503333361373 -5.4953770210775116e-05 -0.0043701544346048766 -0.00043953418055135262 0.0028286937943599443 -0.00036230945156406788
leaf_weight=4435.615428885445 135.08887156099081 107.4427208378911 311.14361472055316 245.79213539510965 93.545631324872375 427.89444674924016 686.62203812599182 130.35942134261131 92.410165401175618 116.6216143630445 239.99075600877404 1548.4697179365903 738.3921074308455 1288.6661270614713
leaf_count=58075 1873 1500 4688 3545 1438 5875 8934 1794 1422 1472 3294 19253 9911 17803
internal_value=0 -0.000533435 -0.00204371 0.000181562 -0.00155622 -0.00310259 -0.000485417 -0.00129394 0.00183626 0.00274986 -0.00268271 0.000457387 0.00108563 0.000210751
internal_weight=0 6162.44 1993.69 4168.75 1858.6 739.038 1119.56 909.392 222.77 210.167 347.433 3821.32 2272.85 1534.46
internal_count=140877 82802 27496 55306 25623 10563 15060 12150 3216 2910 4794 50512 31259 21348
is_linear=0
shrinkage=0.0101079


Tree=34
num_leaves=15
num_cat=0
split_feature=22 2 30 13 3 20 17 13 33 29 11 29 2 23
split_gain=33.8502 48.282 62.3422 31.8134 30.4244 31.4641 35.8344 26.3198 24.7519 24.9205 48.5182 22.2871 21.0597 19.5725
threshold=-0.38663049042224878 1.0150257349014284 1.0000000180025095e-35 -0.075897756963968263 0.33757016062736517 -3.2220705747604366 34.500000000000007 -0.012157355435192583 1.0000000180025095e-35 0.6078576147556306 0.053402585908770568 0.6078576147556306 0.59158998727798473 0.82916590571403515
decision_type=2 2 2 2 2 2 2 2 10 2 2 2 2 2
left_child=1 2 -1 -2 -3 -6 -7 -4 -5 13 -11 12 -9 -10
right_child=3 4 7 8 5 6 -8 11 9 10 -12 -13 -14 -15
leaf_value=-0.0012051715495170966 0.0039727628309285216 0.0027562688377508688 -4.2328099246827315e-05 0.00078242274924214918 0.00045208097510494356 -0.00074539728143296099 -0.0043053876924268241 0.0087381196380216936 0.00040912456254718176 0.0026546713444580775 -0.0017076884484717014 0.0011231380593571616 0.0028706752299807433 -0.0021771460999473868
leaf_weight=1426.4506874959916 240.60865947790444 112.49517698027194 364.46523835137486 3721.4543173350394 297.07699484936893 485.31992451660335 856.0367333162576 110.89332751184702 389.41323638707399 559.81112167984247 465.02889095246792 326.73153409920633 233.09306978434324 989.58858875930309
leaf_count=19364 3364 1442 5356 65016 4480 6443 11217 1245 2537 3621 3021 4089 3095 6439
internal_value=0 -0.000753002 0.000145067 0.000413426 -0.00203378 -0.00239852 -0.00305886 0.00203969 0.000262238 -0.000526209 0.000638002 0.0032185 0.005026 -0.00141938
internal_weight=0 4212.56 2461.63 6365.9 1750.93 1638.43 1341.36 1035.18 6125.3 2403.84 1024.84 670.718 343.986 1379
internal_count=140729 56731 33149 83998 23582 22140 17660 13785 80634 15618 6642 8429 4340 8976
is_linear=0
shrinkage=0.0101079


Tree=35
num_leaves=15
num_cat=0
split_feature=27 30 23 29 1 13 2 23 23 33 30 33 2 2
split_gain=32.6815 65.0199 43.0413 44.788 42.4818 44.1875 30.3157 32.2427 31.723 46.189 28.2556 43.7953 25.972 22.8835
threshold=-0.71473535895347584 1.0000000180025095e-35 0.85227778553962719 -1.0000000180025095e-35 1.4287383556365969 -0.088426191359758363 0.58689990639686596 0.39441722631454473 0.8386671543121339 0.99472221732139599 1.0000000180025095e-35 0.90112781524658214 1.0864031314849856 1.5473945140838625
decision_type=2 2 2 2 2 2 2 2 2 10 2 10 2 2
left_child=2 4 3 -1 5 -2 8 -8 9 -3 13 -12 -5 -4
right_child=1 6 10 12 -6 -7 7 -9 -10 -11 11 -13 -14 -15
leaf_value=0.0014890173095233714 0.0054753087554491025 0.0017672633794606212 0.0024564352445403726 -0.0011219830937802906 0.0016327613109968862 -0.0010730387308767997 -0.0036628226686829563 0.0012061278243565537 0 0.0087884509782893 0.00016437183277024631 -0.0049592888675639504 -0.005781165876162439 -0.00033125071855956699
leaf_weight=165.56276816874743 99.09891901910305 240.81256684660912 503.54260306619108 217.30524021573365 822.23940632306039 3704.9232813064009 135.88860265165567 2592.6954692266881 189.25572512671351 181.78444102406502 433.27629895322025 258.4677816927433 391.32999627664685 677.42556720972061
leaf_count=2360 1390 4195 6778 3091 10909 49230 1583 34698 2256 1124 7633 1725 5452 8785
internal_value=0 0.000345417 -0.000949092 -0.00294303 -0.000423693 -0.0008812 0.00142121 0.000939303 0.00346688 0.00498396 -9.4639e-05 -0.00172539 -0.00421788 0.000831435
internal_weight=0 7966.7 2646.91 774.198 4626.26 3804.02 3340.44 2728.58 611.853 422.597 1872.71 691.744 608.635 1180.97
internal_count=141209 105385 35824 10903 61529 50620 43856 36281 7575 5319 24921 9358 8543 15563
is_linear=0
shrinkage=0.0101079


end of trees

feature_importances:
Column_2=46
Column_0=40
Column_13=39
Column_30=39
Column_33=39
Column_14=36
Column_27=36
Column_28=36
Column_29=34
Column_23=19
Column_11=17
Column_3=16
Column_16=13
Column_22=13
Column_15=11
Column_21=10
Column_18=9
Column_6=8
Column_7=8
Column_5=6
Column_20=6
Column_12=5
Column_17=5
Column_32=5
Column_1=4
Column_4=1
Column_8=1
Column_9=1
Column_10=1

parameters:
[boosting: gbdt]
[objective: binary]
[metric: auc]
[tree_learner: serial]
[device_type: cpu]
[data_sample_strategy: bagging]
[data: ]
[valid: ]
[num_iterations: 600]
[learning_rate: 0.0101079]
[num_leaves: 15]
[num_threads: 2]
[seed: 2024]
[deterministic: 0]
[force_col_wise: 0]
[force_row_wise: 0]
[histogram_pool_size: -1]
[max_depth: -1]
[min_data_in_leaf: 1280]
[min_sum_hessian_in_leaf: 0.001]
[bagging_fraction: 0.829452]
[pos_bagging_fraction: 1]
[neg_bagging_fraction: 1]
[bagging_freq: 1]
[bagging_seed: 2024]
[feature_fraction: 0.727545]
[feature_fraction_bynode: 1]
[feature_fraction_seed: 2024]
[extra_trees: 0]
[extra_seed: 29642]
[early_stopping_round: 0]
[early_stopping_min_delta: 0]
[first_metric_only: 0]
[max_delta_step: 0]
[lambda_l1: 4.00664]
[lambda_l2: 7.63247]
[linear_lambda: 0]
[min_gain_to_split: 0]
[drop_rate: 0.1]
[max_drop: 50]
[skip_drop: 0.5]
[xgboost_dart_mode: 0]
[uniform_drop: 0]
[drop_seed: 2449]
[top_rate: 0.2]
[other_rate: 0.1]
[min_data_per_group: 100]
[max_cat_threshold: 32]
[cat_l2: 10]
[cat_smooth: 10]
[max_cat_to_onehot: 4]
[top_k: 20]
[monotone_constraints: ]
[monotone_constraints_method: basic]
[monotone_penalty: 0]
[feature_contri: ]
[forcedsplits_filename: ]
[refit_decay_rate: 0.9]
[cegb_tradeoff: 1]
[cegb_penalty_split: 0]
[cegb_penalty_feature_lazy: ]
[cegb_penalty_feature_coupled: ]
[path_smooth: 0]
[interaction_constraints: ]
[verbosity: -1]
[saved_feature_importance_type: 0]
[use_quantized_grad: 0]
[num_grad_quant_bins: 4]
[quant_train_renew_leaf: 0]
[stochastic_rounding: 1]
[linear_tree: 0]
[max_bin: 255]
[max_bin_by_feature: ]
[min_data_in_bin: 3]
[bin_construct_sample_cnt: 200000]
[data_random_seed: 6648]
[is_enable_sparse: 1]
[enable_bundle: 1]
[use_missing: 1]
[zero_as_missing: 0]
[feature_pre_filter: 1]
[pre_partition: 0]
[two_round: 0]
[header: 0]
[label_column: ]
[weight_column: ]
[group_column: ]
[ignore_column: ]
[categorical_feature: ]
[forcedbins_filename: ]
[precise_float_parser: 0]
[parser_config_file: ]
[objective_seed: 12337]
[num_class: 1]
[is_unbalance: 0]
[scale_pos_weight: 1]
[sigmoid: 1]
[boost_from_average: 1]
[reg_sqrt: 0]
[alpha: 0.9]
[fair_c: 1]
[poisson_max_delta_step: 0.7]
[tweedie_variance_power: 1.5]
[lambdarank_truncation_level: 30]
[lambdarank_norm: 1]
[label_gain: ]
[lambdarank_position_bias_regularization: 0]
[eval_at: ]
[multi_error_top_k: 1]
[auc_mu_weights: ]
[num_machines: 1]
[local_listen_port: 12400]
[time_out: 120]
[machine_list_filename: ]
[machines: ]
[gpu_platform_id: -1]
[gpu_device_id: -1]
[gpu_use_dp: 0]
[num_gpu: 1]

end of parameters

pandas_categorical:null
