tree
version=v4
num_class=1
num_tree_per_iteration=1
label_index=0
max_feature_idx=33
objective=binary sigmoid:1
feature_names=Column_0 Column_1 Column_2 Column_3 Column_4 Column_5 Column_6 Column_7 Column_8 Column_9 Column_10 Column_11 Column_12 Column_13 Column_14 Column_15 Column_16 Column_17 Column_18 Column_19 Column_20 Column_21 Column_22 Column_23 Column_24 Column_25 Column_26 Column_27 Column_28 Column_29 Column_30 Column_31 Column_32 Column_33
feature_infos=[0.22403052449226379:4.806818962097168] [0.027025075629353523:26.170040130615234] [0.17134076356887817:8.6935958862304688] [0.087584272027015686:1] [-28.67047119140625:41.262332916259766] [-36.190670013427734:42.326030731201172] [-36.841156005859375:62.500308990478516] [-41.300331115722656:63.120437622070312] [-22.455821990966797:30.680826187133789] [0:0.95389312505722046] [0:0.64536702632904053] [0:0.40022626519203186] [-0.51016271114349365:0.51874518394470215] [-0.15357083082199097:0.22172828018665314] [-45.028751373291016:17.161741256713867] [-6.6708002090454102:64.2962646484375] [0:1] [0:95] [0:95] [-1:1] [-29.775985717773438:44.984848022460938] [-30.525325775146484:55.0223388671875] [-2.8409864902496338:15.253066062927246] [0.049656935036182404:5.4310722351074219] [-1:1] [0:1] [0:0.99820786714553833] [-1:1] [-1:1] [-0.78183150291442871:0.97492790222167969] [-0.90096884965896606:1] [0:1] [0:1] [0.8888888955116272:4.5999999046325684]
tree_sizes=8579 8753 8657 8699

Tree=0
num_leaves=79
num_cat=0
split_feature=11 14 7 18 12 28 32 12 14 28 21 21 12 30 3 3 3 30 28 14 21 3 7 17 28 3 11 3 17 11 14 8 28 21 21 14 30 3 3 3 28 14 21 14 7 3 28 12 7 7 28 14 3 18 18 3 18 12 18 33 28 4 30 18 14 7 17 14 18 14 4 28 9 8 14 14 14 12
split_gain=49.9794 18.0578 42.7042 14.4526 13.2267 13.1729 12.1861 17.2666 35.913 36.2349 42.1014 18.9619 35.2103 21.2478 45.1291 45.0427 20.5543 20.8544 18.8823 17.4494 23.0736 17.6378 16.4877 16.3702 40.4999 34.8191 20.9899 32.3345 30.7828 37.9997 25.2131 24.6466 19.957 24.095 18.6638 16.7982 15.0011 14.521 33.0478 31.508 25.5925 15.2087 15.3882 16.1343 14.1796 13.9129 13.8629 15.3731 14.4133 13.681 13.2215 13.2187 13.1785 15.6437 13.1346 12.491 11.6697 11.6121 17.1098 11.4342 11.1754 10.9315 10.8797 10.7321 10.9694 13.8694 10.7204 12.6278 10.2111 10.1903 10.0613 10.8105 10.0943 10.0577 9.98874 9.67681 9.40436 21.7795
threshold=0.022222984582185749 -7.2878489494323722 0.24214052408933642 78.500000000000014 0.10274104401469232 -0.84915164113044728 1.0000000180025095e-35 0.061537707224488265 -2.1537106037139888 -0.37256073951721186 10.640016555786135 1.3199033737182619 -0.045468643307685845 0.81174489855766307 0.26474176347255712 0.32963298261165624 0.21327394992113116 1.0000000180025095e-35 0.60003554821014415 -0.87709537148475636 7.5519075393676767 0.40250758826732641 9.0438714027404803 21.500000000000004 -0.05451125651597976 0.52386415004730236 0.14754971861839297 0.48448270559310919 56.500000000000007 0.068794693797826781 -5.4829273223876944 2.1428381204605107 -0.22706275433301923 -11.990282058715819 12.406309604644777 -1.7527794837951658 -0.56174489110708226 0.26474176347255712 0.18370188027620318 0.33725219964981085 0.79989895224571239 -10.471618652343748 -8.2223248481750471 -17.40349197387695 3.1308763027191167 0.60135287046432506 0.7298206388950349 -0.0012591561535373328 5.8426148891448983 -3.9277819395065303 -0.93585023283958424 -10.231517314910887 0.39212180674076086 76.500000000000014 57.500000000000007 0.84134703874588024 61.500000000000007 0.088093120604753508 83.500000000000014 0.99472221732139599 -0.45201864838600153 -2.0417758226394649 1.0000000180025095e-35 6.5000000000000009 -12.315022468566893 -13.077247142791746 86.500000000000014 -8.0985488891601545 66.500000000000014 -11.678280830383299 -2.5054550170898433 0.33172981441020971 0.1786363944411278 -1.5115519165992735 -2.2115646600723262 -6.1128895282745352 -4.5013396739959708 0.08314522355794908
decision_type=2 2 2 2 2 2 2 2 2 2 2 2 2 2 2 2 2 2 2 2 2 2 2 2 2 2 2 2 2 2 2 2 2 2 2 2 2 2 2 2 2 2 2 2 2 2 2 2 2 2 2 2 2 2 2 2 2 2 2 10 2 2 2 2 2 2 2 2 2 2 2 2 2 2 2 2 2 2
left_child=1 3 -3 -1 5 -4 7 8 11 -10 -11 12 18 16 -15 -16 -13 66 -2 20 22 -22 36 24 34 -26 27 30 29 51 -25 44 -28 -34 35 69 -9 38 -14 -39 59 42 -41 -44 55 57 47 -19 -49 50 -43 -29 -51 62 60 70 -36 -23 -59 -40 -46 -57 -54 -20 65 -65 67 -18 -37 -8 -30 -72 -73 -53 -31 -17 77 -38
right_child=6 2 4 -5 -6 -7 23 19 9 10 -12 13 37 14 15 75 17 46 63 -21 21 45 -24 26 25 -27 32 28 31 74 -32 -33 33 -35 56 68 76 39 40 41 -42 49 43 -45 54 -47 -48 48 -50 52 -52 73 53 -55 -56 61 -58 58 -60 -61 -62 -63 -64 64 -66 -67 -68 -69 -70 -71 71 72 -74 -75 -76 -77 -78 -79
leaf_value=-0.91342947611846259 -0.9184318973938348 -0.92821396123836364 -0.92714330727998406 -0.89863577657081062 -0.8874803492946679 -0.90904923185221376 -0.9250720990365664 -0.90106635095767074 -0.91203469290049199 -0.87828720321660603 -0.91943858462052386 -0.8903809648539599 -0.92713213328252975 -0.93190945090607225 -0.85594339327385682 -0.88736215789705608 -0.89641318729958697 -0.93409923583853993 -0.91695586898632342 -0.92577578792169124 -0.92510210283453631 -0.90911101991183008 -0.93049248109219984 -0.91259183404057076 -0.85228639386885752 -0.89445737499333666 -0.91081975263323978 -0.90988482468231957 -0.88946386474275985 -0.89693033430028601 -0.93843316160042745 -0.91711016550282842 -0.90930096589407716 -0.86143106325486674 -0.90125564794022883 -0.90569748292674823 -0.91171609437214329 -0.91672008857331977 -0.89726451905520721 -0.91634603168495854 -0.90943473044285394 -0.9326641971285311 -0.86816643525876391 -0.89599612637744375 -0.89959130529912923 -0.90935102236538445 -0.93736520612638974 -0.92511393144060206 -0.89345575933177745 -0.91792953266222732 -0.90857970966278201 -0.9094759560407053 -0.87956536085209436 -0.91410162620662649 -0.90204015885162825 -0.90813646376959056 -0.92730718035841553 -0.86532225637215199 -0.8996609767448136 -0.86445641394314465 -0.86804550625500776 -0.88391469585402838 -0.90383440885105792 -0.88887184725407142 -0.87813336303244571 -0.91648476593811323 -0.89916845461225958 -0.9173381041195261 -0.88132304142585149 -0.90448646239580088 -0.91784826209652937 -0.88616078840040691 -0.91316814119149381 -0.93378762310008911 -0.91977137620753491 -0.9118886857849936 -0.90712662758360074 -0.95040263933010716
leaf_weight=869.98260683938861 625.18625474534929 567.87403144873679 98.723402533680201 156.73165522143245 43.163482051342726 409.9251486454159 52.86629106849432 137.92369320988655 180.0226660054177 244.22660795785487 60.618623653426766 56.103635309264064 41.911659443750978 71.250490380451083 51.753440534695983 42.837293926626444 60.69017762131989 69.623061411082745 85.023192204535007 209.52555675432086 62.075060237199068 59.163142658770084 148.80413652583957 238.43103045597672 50.668393464758992 199.55101080052555 65.575619945302606 106.44508261047304 51.134350441396236 215.84042522124946 116.71395223028958 149.98812055028975 37.196503262966871 56.411425052210689 45.052331866696477 63.525754721835256 79.558934779837728 338.91695112921298 39.55472906678915 59.440699115395546 62.070597786456347 55.202735543251038 48.173398731276393 427.04780715890229 42.533972926437855 175.32008805498481 148.22597287967801 48.780831605195999 62.954272251576185 59.20920143648982 212.15106710419059 43.480913955718279 111.10562976263463 60.06682551279664 86.999235751107335 64.088055051863194 114.05724447220564 55.019454309716821 76.994971517473459 91.162202384322882 81.590790785849094 115.21442485041916 68.843564216047525 61.468836626037955 40.878264311701059 81.406670868396759 91.494839174672961 613.90166970901191 100.83870057761669 360.36420454643667 167.40786624327302 52.592104477807879 50.58924400806427 199.43968776799738 42.660891497507691 102.85944014787674 65.9140406511724 47.899570802226663
leaf_count=11019 7355 6906 1295 2294 440 5110 859 1647 2107 2644 665 1184 809 861 603 615 843 814 1005 2185 662 653 1764 2587 424 2310 919 1545 638 2896 1150 1914 644 715 658 729 932 4547 1238 723 807 570 677 5257 500 2291 1768 564 715 688 2456 571 1159 749 1122 824 1249 534 852 994 1040 1705 835 843 551 1038 1205 7252 979 4465 1930 627 575 2364 438 1212 744 549
internal_value=-0.909476 -0.915512 -0.919504 -0.91109 -0.910381 -0.912579 -0.907761 -0.909022 -0.90775 -0.896118 -0.886652 -0.909188 -0.906847 -0.913383 -0.902034 -0.890776 -0.91609 -0.917517 -0.914088 -0.914053 -0.911235 -0.903664 -0.918087 -0.905408 -0.900623 -0.884945 -0.907825 -0.90925 -0.906244 -0.914009 -0.921453 -0.900717 -0.892203 -0.879151 -0.906121 -0.902276 -0.912182 -0.902952 -0.892472 -0.904737 -0.884479 -0.900992 -0.895492 -0.892745 -0.897172 -0.899769 -0.927051 -0.91793 -0.907762 -0.90633 -0.913647 -0.923768 -0.899663 -0.894891 -0.887241 -0.9016 -0.919611 -0.891418 -0.884095 -0.873351 -0.877815 -0.892084 -0.888254 -0.904179 -0.897973 -0.904694 -0.91328 -0.915316 -0.890134 -0.907364 -0.907204 -0.910627 -0.899493 -0.929547 -0.900987 -0.904597 -0.920367 -0.927445
internal_weight=0 2146.4 1119.69 1026.71 551.812 508.649 8563.62 5592.36 4474.16 484.868 304.845 3989.3 2568.82 1420.48 268.701 197.45 1151.77 1095.67 893.963 1118.2 908.673 428.573 480.1 2971.26 986.924 250.219 1984.33 1825.15 1470.01 607.867 355.145 862.138 159.184 93.6079 736.705 577.595 331.296 1674.86 234.699 1440.16 192.788 1101.24 534.662 475.221 712.15 366.498 329.584 181.358 111.735 566.579 267.354 349.366 299.225 240.016 211.124 501.026 159.11 191.178 132.014 130.717 124.125 179.302 179.949 268.777 183.754 142.876 766.087 674.592 164.364 413.23 321.724 270.589 103.181 242.921 258.501 145.697 193.373 127.459
internal_count=131607 27064 13751 13313 6845 6405 104543 68166 55353 5416 3309 49937 32301 17636 3291 2430 14345 13161 10792 12813 10628 4992 5636 36377 11673 2734 24704 22426 18689 7814 3737 10875 2278 1359 8939 7032 3872 21509 3848 17661 3039 13114 6657 5934 8961 4330 3861 2093 1279 6457 3026 4480 3431 2743 2662 6299 1907 2039 1386 2232 1540 2529 1994 3437 2432 1881 9300 8095 1708 5324 3770 3132 1202 2935 3334 1827 2225 1481
is_linear=0
shrinkage=1


Tree=1
num_leaves=79
num_cat=0
split_feature=29 13 13 5 28 10 6 27 29 13 30 15 0 15 0 13 5 6 31 13 0 0 13 28 27 15 12 33 27 28 28 28 8 5 5 28 27 4 15 30 29 13 5 30 12 13 13 4 0 27 28 15 6 15 10 27 12 10 27 12 5 29 5 0 8 27 10 15 15 0 6 5 29 6 30 12 13 0
split_gain=56.7003 39.9234 31.3452 28.9092 32.1817 27.6865 28.774 22.6808 22.6674 20.739 20.6433 25.403 24.0697 20.2895 19.5958 19.4414 18.6367 16.9417 16.7484 16.1894 25.1742 20.2103 16.1479 24.5654 19.8929 20.7952 15.9174 14.9475 14.8478 14.3646 14.6281 25.4454 30.6744 26.3753 20.6464 14.3383 18.5241 14.2774 13.975 39.2437 25.8883 21.2487 16.3494 14.7774 13.8471 22.9922 17.8889 17.9985 17.0877 20.0001 15.7106 14.6578 13.7693 13.6538 13.3941 13.0055 12.5755 15.9498 12.3725 20.3526 12.2649 12.1106 11.8544 11.8515 11.7942 11.7573 11.6844 14.0995 12.0764 14.5942 11.6625 11.5309 11.4467 11.1791 10.9998 10.8006 23.214 10.5441
threshold=-0.60785761475563038 -0.025811818428337571 -0.012600500602275131 1.1823006868362429 -0.88186877965927113 0.098972484469413771 2.0935604572296147 0.076279435306787505 -1.0000000180025095e-35 0.10180705785751344 1.0000000180025095e-35 7.683575153350831 0.87389233708381664 24.086382865905765 0.82386681437492382 -0.089742213487625108 -3.2176655530929561 9.8335771560668963 1.0000000180025095e-35 0.047614568844437606 0.75136226415634166 0.79694181680679332 -0.058200631290674203 0.032717135734856136 -0.3317298144102096 4.7942581176757821 -0.027388970367610451 1.0013927817344668 -0.91959547996520985 -0.71473535895347584 0.8491516411304475 0.50938662886619579 -0.90479111671447743 0.45820418000221258 -1.0852230787277219 -0.61734244227409352 -0.22706275433301923 -0.2275043502449989 3.766669869422913 -0.56174489110708226 1.0000000180025095e-35 -0.052918534725904458 2.8217132091522221 -0.56174489110708226 0.05676661245524884 0.091925852000713362 0.059327777475118644 1.5187199711799624 0.77684003114700328 -0.72982063889503468 -0.56457334756851185 8.978304862976076 7.2135331630706796 18.642235755920414 0.119265154004097 0.24825246632099154 0.17829413712024691 0.10977607965469362 0.69930991530418407 0.030867700465023521 1.5080360174179079 0.87837970256805431 -5.4142410755157462 0.92992126941680919 1.3527322411537173 0.8491516411304475 0.14645600318908694 4.3118407726287851 11.62151098251343 0.87682262063026439 3.559426069259644 -1.3819620013236997 1.0000000180025095e-35 -6.4237811565399161 -0.56174489110708226 0.027504689991474155 0.046183345839381225 0.51920798420906078
decision_type=2 2 2 2 2 2 2 2 2 2 2 2 2 2 2 2 2 2 2 2 2 2 2 2 2 2 2 8 2 2 2 2 2 2 2 2 2 2 2 2 2 2 2 2 2 2 2 2 2 2 2 2 2 2 2 2 2 2 2 2 2 2 2 2 2 2 2 2 2 2 2 2 2 2 2 2 2 2
left_child=-1 5 8 9 13 6 15 22 -3 10 11 12 18 17 27 -2 35 61 26 20 -12 -21 23 -7 25 -24 55 -10 -16 60 31 33 -33 65 -32 36 -14 -23 43 40 -40 -41 -43 -9 45 50 48 -48 49 -46 -6 -52 62 -54 71 -4 57 -50 75 -60 -17 63 -13 70 -25 -31 67 -22 -69 -70 -5 -30 -58 -26 -8 -53 -77 -36
right_child=1 2 3 4 44 7 74 38 14 -11 19 52 16 -15 28 29 -18 -19 -20 21 66 37 24 64 73 -27 -28 -29 54 30 34 32 -34 -35 77 -37 -38 -39 39 41 -42 42 -44 -45 46 -47 47 -49 56 -51 51 58 53 -55 -56 -57 72 -59 59 -61 -62 -63 -64 -65 -66 -67 -68 68 69 -71 -72 -73 -74 -75 -76 76 -78 -79
leaf_value=-0.02669236466787641 -0.013612006166178758 -0.021972639966205042 0.047557748294479951 0.00010936578820394724 0 -0.0025616583660116907 0.0085734202218890367 -0.025569057132043011 -0.01941459803436649 0.018818938580605626 -0.021038767584088101 0.011910158927564722 0.00076392160988208546 -0.027477152018402177 -0.017706783083942721 -0.0043377006077395946 -0.010307131207368416 0.016438448999442856 -0.0038839331330741788 0.012932865524323557 -0.017459930443447635 0.0011812368856285104 0.0048580929207966642 0.018142454614405938 0.00074612128738710791 -0.019666923644819992 0.0086859372916536209 0.0042433650463306856 0.0095828286299144833 0.014325282308492905 0.033640289558996499 0.007090526882532513 0.053426179698037944 0.029246795864099121 0.017079187536157839 -0.00085636146105923336 0.033705924002041435 -0.022053860569229283 -0.0031129067019941225 -0.035167980467690284 0.034902409624782339 0.011334896372087028 -0.020745534176842301 -0.0034540996053058185 0.0054788082404210675 -0.020016659812184236 0.017431033368577098 -0.0033503233585327899 -0.01066115860784585 -0.024099968434568502 0.0013238560081677969 0.016798402709251585 0.024071962868696055 -0.0049769909991945948 0.013128336067806043 0.012668611373680461 -0.027296644866814199 0.0072817994395811122 0.012893228810792927 0.039588733325475918 0.018839658176605753 -0.022359608839735621 -0.0061422859045996824 0.0049512168540661568 0.05086905528366388 -0.0068632122667123792 -0.015562590645075229 0.0041684672933890686 0.0084398490808257412 -0.020674303402088173 -0.02552950038945687 -0.0095572511035951439 0.0013195214322986189 0.033101356632972777 -0.011355862911062012 0.013490604195023096 -0.018062655160631051 -0.0087002411731456879
leaf_weight=158.36211533285677 45.008103236556053 204.74948566220701 65.481361562386155 68.36102601327002 257.99618224985898 77.58482276275754 87.181966356933117 112.62982817180455 237.93961624801159 86.496626399457455 305.75638373754919 74.163868695497513 73.44325783289969 79.558070411905646 76.364898489788175 121.6914942227304 201.45677743479609 72.904721047729254 56.68652412109077 161.87960040941834 108.50242128968239 129.72986428998411 178.98186554387212 92.676974456757307 43.280683698132634 111.53825966827571 100.52032875269651 65.752606820315123 95.367867546156049 113.05106844566762 42.546274937689304 47.650034174323082 95.607294348999858 163.66103269346058 42.425926083698869 194.44154463335872 70.3125164732337 85.604157211259007 61.30994588509202 56.87621358409524 79.769242288544774 73.168107442557812 52.4900574516505 150.62298120371997 69.931082399562001 50.195119621232152 250.7425623908639 123.05078597180545 118.86576922424138 121.6781519241631 194.44130249880254 275.50288170017302 65.630898099392653 57.742482855916023 176.81105522811413 44.717285895720124 50.278352849185467 573.58462272211909 167.12711564823985 101.61599339172244 69.866776954382658 78.514459053054452 1352.4783456735313 178.93511226028204 36.139430096372962 93.802275534719229 192.04826324991882 412.96783931180835 48.655951377004385 99.162428826093674 66.64808632992208 178.75268146209419 54.443416643887758 49.50974041596055 144.10551336035132 138.56431969627738 68.154940882697701 105.70901586860418
leaf_count=1883 786 2226 917 910 3091 1076 1082 1266 2039 1165 4404 979 1026 857 1038 1641 2399 866 782 1906 1313 1403 2383 1370 588 1284 1404 1883 1185 1410 469 552 1161 2024 688 2514 780 929 942 760 990 835 567 2204 631 653 2773 1266 1531 1556 2440 3356 898 739 2122 463 508 6727 1902 1272 758 1044 16201 2207 508 1431 2133 4852 576 1231 850 2291 785 548 1692 1647 736 1187
internal_value=0 0.000374041 -0.00112095 -4.12829e-05 0.00319685 0.00559698 0.0105319 0.000619208 -0.00849678 -0.00262094 -0.00312796 -0.000426079 0.00607333 -0.00678041 -0.00502676 0.014062 0.000422136 -0.00292989 0.0171204 -0.00720832 -0.00985039 0.000856206 0.00692973 0.0170675 0.00122249 -0.00453427 0.0229644 -0.0141456 0.000201715 0.0155618 0.0185727 0.0225985 0.0389691 0.0157828 0.00722833 0.00700258 0.0176923 -0.00807199 -0.00564344 0.0005605 0.0184231 -0.013085 -0.00192107 -0.0133444 0.00530096 0.00875446 0.00207131 0.0104986 -0.00109545 -0.0131664 0.0100586 0.012762 -0.00384864 0.0103697 0.00347346 0.0347859 0.0017974 0.00408722 0.0156358 0.0236077 0.00408329 -0.00678313 -0.00513841 -0.00249703 0.0289724 0.0045388 -0.00574181 -0.00277404 8.67911e-05 -0.0108007 -0.0125748 -0.00268005 -0.0124802 0.0191812 -0.00361801 0.0109318 0.00270771 -0.000736318
internal_weight=0 10533.6 8184.71 7148.97 3161.09 2348.88 1172.31 1176.58 1035.74 3987.88 3901.38 2357.08 807.06 544.921 830.989 941.019 539.654 465.363 267.406 1544.31 1167.09 377.214 589.712 206.401 383.311 290.52 210.719 303.692 527.297 896.011 704.453 513.772 143.257 370.514 190.681 338.197 143.756 215.334 586.866 323.614 141.079 182.534 125.658 263.253 2616.17 1253.6 1362.57 373.793 988.781 191.609 1203.4 945.407 1550.02 123.373 450.932 110.199 797.172 692.45 750.965 268.743 191.558 392.459 1426.64 313.944 128.816 206.853 861.337 669.289 560.786 147.818 135.009 274.121 104.722 92.7904 231.287 482.222 206.719 148.135
internal_count=131491 129608 99406 86622 37608 30202 14881 15321 12784 49014 47849 29102 10285 6734 10558 12107 6719 5877 3566 18747 14509 4238 7757 2954 4803 3667 2784 3922 6636 11321 8922 6578 1713 4865 2344 4320 1806 2332 7564 4094 1932 2162 1402 3470 30874 15097 15777 4039 11738 2187 14444 11353 18817 1637 5598 1380 9551 8258 8913 3174 2399 5011 17180 3967 1878 2841 10105 7972 6659 1807 1760 3476 1293 1136 2774 5739 2383 1875
is_linear=0
shrinkage=0.0454652


Tree=2
num_leaves=79
num_cat=0
split_feature=16 16 15 22 3 2 27 16 22 27 16 27 2 2 23 3 15 22 3 27 27 23 23 4 3 23 3 0 6 2 28 22 0 23 15 15 0 28 27 15 28 0 27 2 27 16 15 2 15 3 22 16 27 27 15 28 0 16 2 0 2 4 2 16 15 2 27 3 3 17 4 4 2 6 28 3 3 3
split_gain=32.9155 46.7929 30.1 28.1456 26.5 31.6232 21.9162 58.5164 21.847 20.5949 20.6837 20.5438 21.7169 19.2653 24.4472 17.8442 20.4038 30.7129 20.241 17.7346 17.2258 17.1752 15.821 15.5385 14.915 15.62 14.0293 15.1716 13.7803 13.7171 13.3201 13.3003 13.1424 13.094 12.0071 11.1486 11.4565 11.8222 11.009 10.899 12.2768 12.0082 26.4675 12.5836 15.0152 19.0343 11.0004 11.3039 14.3227 10.3317 10.2938 10.4278 10.9542 10.1773 14.0067 13.9782 13.0352 11.1305 9.8982 9.87479 10.1125 9.78431 8.93734 8.72047 12.8977 8.52997 8.33557 7.7995 31.0628 7.7458 7.71984 12.4907 12.1286 7.26856 8.40058 7.86401 7.16621 14.9081
threshold=0.82182416319847118 0.57493364810943615 13.56915330886841 -0.47063718736171717 0.55794715881347667 0.74805328249931347 -0.29026740789413447 0.18655028194189074 0.45601978898048406 0.7298206388950349 0.3719868808984757 0.65106672048568737 0.60391405224800121 1.0501316189765932 0.69770461320877086 0.88672465085983287 9.2633233070373553 -0.49759797751903528 0.28778277337551122 -0.92794367671012867 0.82531082630157482 0.60140433907508861 0.72516867518424999 -1.7625749111175535 0.42219650745391851 0.44841930270195013 0.23457258939743045 0.68727254867553722 3.9758183956146245 0.81127652525901806 -0.96298784017562855 -1.0863909125328062 0.7064989209175111 0.6209610402584077 8.0068688392639178 2.7779644727706914 0.54909789562225353 0.89194178581237804 -0.60003554821014393 15.120696544647219 -0.91959547996520985 0.72190827131271373 0.076279435306787505 0.79332476854324352 0.71473535895347606 0.91475161910057079 24.436732292175297 1.0562042593955996 21.024442672729496 0.21327394992113116 -0.66347369551658619 0.88544178009033214 -0.52803644537925709 -0.98658463358879078 21.676774978637699 -0.43245348334312433 0.9906001389026643 0.88845992088317882 0.48761589825153356 1.0314413309097292 1.010073244571686 0.15153999626636508 0.86480477452278148 0.94301006197929393 19.53682899475098 0.88434186577796947 0.29026740789413458 0.3871381431818009 0.4656559973955155 23.500000000000004 -0.28103719651699061 1.6583219170570376 1.2372125983238222 0.36129370331764227 0.75894212722778331 0.36221343278884893 0.44989842176437383 0.38236021995544439
decision_type=2 2 2 2 2 2 2 2 2 2 2 2 2 2 2 2 2 2 2 2 2 2 2 2 2 2 2 2 2 2 2 2 2 2 2 2 2 2 2 2 2 2 2 2 2 2 2 2 2 2 2 2 2 2 2 2 2 2 2 2 2 2 2 2 2 2 2 2 2 2 2 2 2 2 2 2 2 2
left_child=1 3 13 4 6 -6 7 -1 15 19 -11 31 61 14 -2 18 -17 -18 26 32 23 -9 30 -20 25 -25 49 -28 -26 76 -5 -8 -7 -14 58 -21 37 -37 -10 59 46 42 50 44 63 -46 47 -41 -49 -3 51 -42 -53 56 55 -55 -45 -56 -32 60 -4 -13 -35 64 -43 -44 -60 -59 -69 -16 72 -72 -38 75 -75 -33 77 -22
right_child=2 8 39 22 5 9 11 21 38 10 -12 12 33 -15 69 16 17 -19 20 35 29 -23 -24 24 28 -27 27 -29 -30 -31 34 73 -34 62 -36 36 70 -39 -40 40 41 43 65 53 45 -47 -48 48 -50 -51 -52 52 -54 54 57 -57 -58 67 66 -61 -62 -63 -64 -65 -66 -67 -68 68 -70 -71 71 -73 -74 74 -76 -77 -78 -79
leaf_value=0.064443318265587551 0.051159026347610034 0.002984359234003846 -0.0011396336028823874 -0.029165749245608615 -0.021775651354865828 -0.025761345789382117 0.023216787949343561 0.023301557415226236 -0.0074554941372913658 -0.029749614878531613 0.0069179005011997998 0.015005199583618145 0.022545306802575632 0.00072189488884531121 0.0073135576035927106 -0.019743323626571399 0.041103623719668893 -0.0022344378420590706 -1.8417933475868841e-05 -0.0028416592181866162 0.010390122043443197 -0.0064321067565951346 0.0002727287939404329 0.0001744305937022393 -0.0069186676718243512 -0.027105497122617842 0.031994490621748542 0.0011841387985591252 -0.018337869739896335 -0.0097617044155902458 0.016080017104429509 -0.018994514925071156 0.0020987146906387665 -0.010791396621353323 -0.017103841474090463 -0.01702492239981224 -0.0060538470836509813 0.016831581463724724 0.007132059375281519 -0.010109983738289398 -0.0022887354517092786 -0.015733982127963154 -0.0061960190972943337 0.032848473988010114 0.048483245948742336 0.0082454742396297232 -0.018647232985802051 -0.0033551392846852286 0.028097761465981391 -0.026979306117585346 -0.0058346287157668882 0.035038465686050672 0.0059594845512829881 0.017816766315806896 0.010874457838394648 0.0022423053437487816 0.0015373933534477101 -0.016204203531238724 0.0035992407343603786 0.0069291663627338703 -0.023743211810971384 0.042804269539493039 0.0096190996575654369 0.021852020989102539 0.013322162136697341 -0.028861216926799448 -0.011835821854237713 0.024570239108027307 -0.0085720189690138195 0.02990409887099248 0.031286324154691035 0.0018676264541987986 0.025120153401185959 0.018877225132597264 -0.0034582571767637648 -0.00049690243079667201 0.0162039100332711 -0.018485147087337679
leaf_weight=51.690854262560606 54.60044483281672 47.453161368146539 91.566655056551099 53.72475178539753 113.3841519895941 42.840813107788563 40.93870061263442 78.888198688626289 146.46105193905532 65.463262962177396 53.065309496596456 66.185567662119865 68.612893445417285 98.914163177832961 108.29444120824337 42.156689105555415 51.428807113319635 80.468724889680743 181.19769462011755 79.477215845137835 92.809754509478807 71.434676755219698 2895.7651654705405 47.000453650951385 588.08378854207695 278.96574490889907 48.389108194038272 99.738722309470177 374.88254362717271 265.25901884585619 54.439854230731726 82.876764412969351 126.03346836566925 83.895183876156807 129.29347817972302 38.752299821004272 52.469994938001037 38.34664555452764 352.10148937627673 97.838560484349728 51.583839971572161 53.947789119556546 92.208076724782586 55.57722064293921 50.947941660881042 53.350875347852707 79.354814056307077 61.524268580600619 49.00359676592052 37.937557747587562 74.031310388818383 56.651954852044582 60.13331981562078 212.34373347833753 114.22012600302696 286.72663485072553 58.171831019222736 93.200810791924596 130.11745690368116 75.833440156653523 78.473893439397216 63.202621512115002 84.966631172224879 51.789017956703901 65.184708317741752 62.338213862851262 145.90528989396989 70.083220381289721 269.2093020118773 48.865351863205433 143.69546622782946 42.5812804158777 41.598830576986074 50.279975330457091 87.10487873852253 117.76644488982856 76.849633203819394 55.528805213049054
leaf_count=571 561 895 1033 635 1405 478 492 804 1938 641 537 1071 958 1048 1215 518 711 1094 2103 1189 1228 682 36830 606 6843 3370 724 1221 4734 2944 781 1143 1715 1089 1666 521 691 675 4296 1129 585 609 1384 474 600 597 911 701 576 528 775 537 676 2417 1345 3152 755 1039 1737 895 809 899 1060 500 674 844 1978 633 3061 496 1830 503 563 670 1199 1615 828 649
internal_value=0 -0.00117461 0.00464 0.00139117 0.00601248 5.5939e-05 0.0112028 0.0244643 -0.00583644 0.00364334 -0.0132522 0.00743212 0.0150381 0.0178814 0.0255053 -0.00766079 0.00607596 0.0150322 -0.00878196 0.00709568 -0.0102938 0.00905961 -0.0010192 -0.0127599 -0.0145076 -0.0230708 0.0036644 0.012158 -0.0114733 -0.00275865 -0.00834388 0 -0.00512846 0.00640077 -0.00557013 0.0119348 0.0153502 0 0.00272391 0.00285237 0.00391926 0.00530289 -0.00158297 0.00724096 0.0160041 0.0294375 -0.00467298 0.000675635 0.0106687 -0.0104068 0.00762266 0.0138207 0.0211766 0.00507017 0.00356868 0.00905671 0.0178583 -0.00138255 -0.000758 -0.00606282 -0.0121637 0.0298443 -0.000254715 0.0070323 0 -0.0161537 -0.00443919 -0.00480278 -0.00137332 0.0152198 0.0195642 0.0250021 0.0077066 -0.00306982 0.00468032 -0.00860228 0.00530475 -0.000304699
internal_weight=0 8061.51 2675.97 5194.8 1785.55 837.709 947.843 202.014 2866.71 724.325 118.529 745.83 366.863 310.674 211.76 2368.15 174.054 131.898 2194.1 605.796 1960.58 150.323 3409.25 1470.13 1288.93 325.966 233.519 148.128 962.966 490.447 513.481 378.967 168.874 237.475 459.756 436.922 357.445 77.0989 498.563 2365.3 2119.42 1831.7 396.947 1434.75 275.22 104.299 287.721 208.366 110.528 85.3907 242.4 168.369 116.785 1159.53 1045.78 499.07 113.749 546.713 330.463 245.874 170.041 129.388 168.862 170.922 119.132 154.546 276.023 432.493 339.293 157.16 280.346 186.277 94.0688 338.028 137.385 200.643 225.188 148.339
internal_count=131889 101858 30031 66628 23001 10748 12253 2057 35230 9343 1178 10196 5077 3320 2272 28996 2323 1805 26673 8165 23305 1486 43627 17656 15553 3976 3368 1945 11577 5649 6797 5119 2193 3107 6162 5972 4783 1196 6234 26711 23974 20657 4801 15856 2980 1197 3317 2406 1277 1423 2573 1798 1213 12876 11647 5569 1229 6078 4496 2737 1842 1970 2149 1783 1283 2228 3715 4733 3694 1711 3587 2333 1254 4627 1869 2758 2705 1877
is_linear=0
shrinkage=0.0454652


Tree=3
num_leaves=79
num_cat=0
split_feature=29 13 22 14 21 21 2 29 31 2 2 28 5 2 0 4 2 13 28 28 21 29 0 29 13 11 14 33 33 11 14 13 2 6 2 13 28 14 33 29 11 28 5 13 18 33 2 13 14 8 28 2 11 0 14 5 6 14 2 4 13 13 28 28 14 18 21 2 2 0 11 11 18 22 13 8 5 31
split_gain=50.1818 37.2637 39.7393 34.9825 39.7104 29.6639 28.8093 31.9643 28.5831 28.3674 23.8582 21.0015 27.6204 19.5101 18.6326 18.2505 17.7714 17.7787 29.9141 19.1124 15.8401 14.882 14.8662 16.2478 14.9143 18.0401 14.5974 15.0745 13.8574 13.8017 13.7594 13.4766 21.188 15.0039 13.4605 12.7714 25.4537 35.6774 14.131 13.3895 13.2625 12.7085 12.4402 12.4019 12.1002 19.0419 19.1254 18.9471 23.628 12.075 10.9269 30.2037 17.2693 13.971 12.1042 10.5924 10.5852 10.3049 14.4848 12.9852 11.9812 19.0085 17.2411 16.244 13.8803 14.6026 15.5305 13.8666 13.1798 11.1505 10.4192 10.3579 10.2788 10.2324 11.177 12.6087 10.1157 19.7277
threshold=-0.60785761475563038 -0.025811818428337571 -0.34071260690689081 -2.5934137105941768 10.254008769989015 11.253874301910402 1.1254006028175356 0.6078576147556306 1.0000000180025095e-35 1.0152849555015566 0.94148758053779613 -0.86046862602233876 -1.7412953376770017 0.57577431201934826 1.125234127044678 0.86539104580879223 1.6879733800888064 0.0383688472211361 0.50938662886619579 -0.50938662886619557 14.872665882110597 1.0000000180025095e-35 0.82386681437492382 0.6078576147556306 0.068984456360340132 0.079095363616943373 -4.2304813861846915 0.94700106978416454 1.0013927817344668 0.088438462466001524 -9.4547691345214826 -0.040179323405027383 0.86028945446014415 1.9128295183181765 0.55162674188613903 -0.012600500602275131 -0.20576497167348859 -9.844200134277342 0.99472221732139599 0.6078576147556306 0.05907783284783364 -0.16288578510284421 4.331411838531495 0.067900367081165328 48.500000000000007 0.99736112356185924 2.3845978975296025 -0.041113473474979394 -14.986604213714598 -0.082406103610992418 0.8491516411304475 0.60878077149391185 0.088438462466001524 0.53731629252433788 -12.315022468566893 1.3459103107452395 9.4361057281494158 -5.7077372074127188 2.0200496912002568 -1.7969484925270078 0.01345407869666815 0.022907621227204803 0.37256073951721197 0.076279435306787505 -4.5013396739959708 81.500000000000014 5.1095926761627206 0.88908642530441295 1.1730057597160342 0.90044403076171886 0.023450699634850029 0.096845917403697981 65.500000000000014 -0.20490457862615583 -0.020437181927263733 0.62370741367340099 0.94851616024971019 1.0000000180025095e-35
decision_type=2 2 2 2 2 2 2 2 2 2 2 2 2 2 2 2 2 2 2 2 2 2 2 2 2 2 2 10 8 2 2 2 2 2 2 2 2 2 10 2 2 2 2 2 2 10 2 2 2 2 2 2 2 2 2 2 2 2 2 2 2 2 2 2 2 2 2 2 2 2 2 2 2 2 2 2 2 2
left_child=-1 2 6 4 13 8 7 11 9 22 34 -2 -13 21 28 20 17 19 -19 -11 42 29 24 -24 25 49 27 -23 -6 -3 44 -4 -33 55 -9 36 39 40 -39 73 72 -25 -7 -16 45 -8 -47 48 -46 -5 51 -14 54 -52 -53 -34 -18 76 59 -59 62 63 67 -62 -63 66 69 -61 -69 -66 -64 -68 -38 -15 -75 -76 -37 -78
right_child=1 3 31 5 14 15 30 10 -10 16 -12 12 50 35 43 -17 56 18 -20 -21 -22 26 23 41 -26 -27 -28 -29 -30 -31 -32 32 33 -35 -36 57 37 38 -40 -41 -42 -43 -44 -45 47 46 -48 -49 -50 -51 53 52 -54 -55 -56 -57 -58 58 -60 60 61 64 70 -65 65 -67 71 68 -70 -71 -72 -73 -74 74 75 -77 77 -79
leaf_value=-0.02531585805911005 -0.0045513756717747156 -0.021128513100825461 -0.0046060271902865239 0.037864056790431304 0.034656481253830383 -0.01689245220746256 0.023298184010669059 0.014975093191067341 -0.0019832157834381893 0.011993584537167132 0.030873650659547235 0.056907152466282293 0.054104976130745747 -0.016017692357553934 0.014154952363153641 -0.010126595340194198 0 -0.0069764316880625591 0.037428136041123564 -0.017928708000333821 0.02744256466586939 0.015482317384846551 0 0.0053098466065158662 0.0025762865060665161 0.048801319618044015 -0.016628818071956972 -0.0048564337089725476 0.001993544676008993 0.00076507751693096371 -0.020219851001952654 0.018543294801349829 -0.00043422836989707178 -0.017789465864055214 -0.0085145740616518004 -0.00071591343867416859 0.012199304742758316 -0.0042776179895428054 -0.034933792290242099 0.01139462644332385 -0.016199078506208282 0.037760680800592611 0.011853698083641449 -0.011137884255102337 0.018096498239898451 -0.016440241851841633 0.013469279411401089 0.037493368032620253 -0.019427341011461503 0.0087957681022427219 0.025463475147202225 0.042607904964782631 -0.0067952822139380155 -0.0078220514876288071 0.009443441937258398 0.021599842925918277 0.024281790319866627 0.00749618992653708 -0.02309626870624969 0.006105748091371317 -0.0085106055604117457 -0.013361465438661924 0.0046560063293949183 -0.036168416742781866 0.035730431732444556 -0.0083591415174680047 -0.016133922639680064 -0.023295713009251064 0.0014417680573920323 0.0046089521938704426 0.032037142140261952 0.0087706537584231505 -0.013157131225668929 0.015644339754416134 0.0046701612808221727 -0.024367334170265303 0.013592473423826025 -0.0081176088594903575
leaf_weight=155.54726395569742 39.456359213218093 288.69019875302911 684.26228518038988 48.326083654537797 95.789459310472012 55.41620235517621 47.516608687117696 68.153902104124427 440.01971797458827 55.217510718852282 55.811491124331951 60.482580883428454 63.00218459777534 108.01132508181036 80.621150309219956 389.51378620229661 54.158049054443836 70.074827000498772 49.372779319062829 159.05194478295743 51.972029818221927 87.781425632536411 133.41311064176261 52.306451164186001 48.717865070328116 82.276904681697488 165.98669207654893 406.81945225968957 41.91276035271585 69.027857434004545 44.148702377453446 161.10352841392159 207.6015052460134 81.597932334989309 160.63115083798766 2021.8014803528786 113.72198736481369 44.532726295292377 160.00290510803461 149.01155751012266 92.953931333497167 55.738850565627217 60.302795918658376 70.896683596074581 93.597799556329846 143.99324892833829 57.765716217458248 47.707375418394804 49.067695921286941 90.076835595071316 46.156895076856017 45.613911341875792 44.082628596574068 48.048869041725993 56.529037106782198 52.118782689794898 105.50315948948264 199.88711486384273 75.938400225713849 131.09792552702129 115.72138077393174 216.0995387006551 89.918317172676325 77.688784740865231 50.643917970359325 196.05104198679328 56.645103737711906 101.73104677349329 70.003195859491825 51.854560263454914 43.727199945598841 74.405934469774365 40.672751499339938 67.214091774076223 70.568011591210961 47.015903843566775 285.29075733758509 117.23344097100198
leaf_count=1879 527 3735 9053 535 792 570 1349 932 5061 612 713 829 892 1241 1159 4278 553 754 535 1661 592 2480 1391 576 535 945 2095 3731 1100 863 436 2198 2634 887 1905 25710 1452 1251 1433 1968 908 627 594 791 1236 1336 554 496 543 994 699 612 566 574 679 584 1113 2182 954 1685 1241 2549 1106 871 551 2257 698 1233 940 539 549 840 546 927 861 612 4240 1569
internal_value=0 0.00036753 0.00540066 -0.00107991 -0.00277707 0.00412859 0.0113259 0.0172909 0.00757379 0.0118008 0.00529486 0.025497 0.0289018 -0.00359475 0.0135206 -0.00470447 0.00384983 -0.00201699 0.0116138 -0.00991417 0.00754742 -0.00932255 0.0192935 0.0104932 0.0267282 0.0316992 -0.00511728 -0.00105165 0.0254027 -0.016808 0.00266984 -0.000427944 0.00515725 -0.00116438 -0.00116769 -0.00238012 -0.00728991 -0.0148287 -0.0287074 0.000376373 -0.00287816 0.0232516 -0.00161187 0.00202499 0.00524331 -0.00119027 -0.00754249 0.0137664 0.00467677 0.0200825 0.0224792 0.0283209 0.0157186 0.00837069 0.0257819 0.00406852 0.0161547 -0.00125784 -0.00415003 -0.00308088 -0.00479508 -0.0079686 0.00121246 -0.0203855 -0.00406943 0.000574043 0.00829299 -0.00467648 -0.0131354 0.0212237 0.0146535 -0.00179537 0.00504479 -0.00514618 0.00115878 -0.00696788 0.000576755 0.00713151
internal_weight=0 10536.9 2358.45 8178.43 6176.97 2001.46 1171.77 687.969 1444.25 1004.23 284.597 403.372 363.916 5887.75 289.22 557.205 493.378 333.717 119.448 214.269 167.691 1018.31 510.856 241.458 269.398 220.68 660.588 494.601 137.702 357.718 483.797 1186.68 502.422 341.318 228.785 4869.44 893.705 451.884 204.536 441.821 247.349 108.045 115.719 151.518 439.648 249.276 201.759 190.373 142.665 138.403 303.434 209.228 146.226 94.2058 102.143 259.72 159.661 3975.74 1551.41 1475.48 1275.59 839.11 436.478 193.41 645.7 429.601 233.55 302.832 171.734 102.498 133.646 131.051 154.395 292.809 184.798 117.584 2424.33 402.524
internal_count=131698 129819 30234 99585 77659 21926 14878 8928 15892 10831 3550 5378 4851 73817 3842 6034 5228 3562 1289 2273 1756 12904 5603 2594 3009 2474 8306 6211 1892 4598 5950 15356 6303 4105 2837 60913 11199 5590 2684 5609 2906 1203 1164 1950 5514 3239 1890 2275 1779 1529 4022 2749 1857 1273 1291 3218 1666 49714 18195 17241 15059 9546 5513 2112 7434 4885 2628 3858 2173 1090 1655 1538 1998 3641 2400 1473 31519 5809
is_linear=0
shrinkage=0.0454652


end of trees

feature_importances:
Column_28=30
Column_2=23
Column_3=23
Column_14=22
Column_13=20
Column_27=19
Column_0=18
Column_15=17
Column_5=12
Column_12=11
Column_4=10
Column_18=10
Column_21=10
Column_29=10
Column_6=9
Column_11=9
Column_16=8
Column_30=8
Column_22=7
Column_7=6
Column_8=6
Column_33=6
Column_23=5
Column_10=4
Column_17=4
Column_31=3
Column_9=1
Column_32=1

parameters:
[boosting: gbdt]
[objective: binary]
[metric: auc]
[tree_learner: serial]
[device_type: cpu]
[data_sample_strategy: bagging]
[data: ]
[valid: ]
[num_iterations: 600]
[learning_rate: 0.0454652]
[num_leaves: 79]
[num_threads: 2]
[seed: 2024]
[deterministic: 0]
[force_col_wise: 0]
[force_row_wise: 0]
[histogram_pool_size: -1]
[max_depth: -1]
[min_data_in_leaf: 525]
[min_sum_hessian_in_leaf: 0.001]
[bagging_fraction: 0.774687]
[pos_bagging_fraction: 1]
[neg_bagging_fraction: 1]
[bagging_freq: 1]
[bagging_seed: 2024]
[feature_fraction: 0.515409]
[feature_fraction_bynode: 1]
[feature_fraction_seed: 2024]
[extra_trees: 0]
[extra_seed: 29642]
[early_stopping_round: 0]
[early_stopping_min_delta: 0]
[first_metric_only: 0]
[max_delta_step: 0]
[lambda_l1: 1.07292]
[lambda_l2: 4.08529]
[linear_lambda: 0]
[min_gain_to_split: 0]
[drop_rate: 0.1]
[max_drop: 50]
[skip_drop: 0.5]
[xgboost_dart_mode: 0]
[uniform_drop: 0]
[drop_seed: 2449]
[top_rate: 0.2]
[other_rate: 0.1]
[min_data_per_group: 100]
[max_cat_threshold: 32]
[cat_l2: 10]
[cat_smooth: 10]
[max_cat_to_onehot: 4]
[top_k: 20]
[monotone_constraints: ]
[monotone_constraints_method: basic]
[monotone_penalty: 0]
[feature_contri: ]
[forcedsplits_filename: ]
[refit_decay_rate: 0.9]
[cegb_tradeoff: 1]
[cegb_penalty_split: 0]
[cegb_penalty_feature_lazy: ]
[cegb_penalty_feature_coupled: ]
[path_smooth: 0]
[interaction_constraints: ]
[verbosity: -1]
[saved_feature_importance_type: 0]
[use_quantized_grad: 0]
[num_grad_quant_bins: 4]
[quant_train_renew_leaf: 0]
[stochastic_rounding: 1]
[linear_tree: 0]
[max_bin: 255]
[max_bin_by_feature: ]
[min_data_in_bin: 3]
[bin_construct_sample_cnt: 200000]
[data_random_seed: 6648]
[is_enable_sparse: 1]
[enable_bundle: 1]
[use_missing: 1]
[zero_as_missing: 0]
[feature_pre_filter: 1]
[pre_partition: 0]
[two_round: 0]
[header: 0]
[label_column: ]
[weight_column: ]
[group_column: ]
[ignore_column: ]
[categorical_feature: ]
[forcedbins_filename: ]
[precise_float_parser: 0]
[parser_config_file: ]
[objective_seed: 12337]
[num_class: 1]
[is_unbalance: 0]
[scale_pos_weight: 1]
[sigmoid: 1]
[boost_from_average: 1]
[reg_sqrt: 0]
[alpha: 0.9]
[fair_c: 1]
[poisson_max_delta_step: 0.7]
[tweedie_variance_power: 1.5]
[lambdarank_truncation_level: 30]
[lambdarank_norm: 1]
[label_gain: ]
[lambdarank_position_bias_regularization: 0]
[eval_at: ]
[multi_error_top_k: 1]
[auc_mu_weights: ]
[num_machines: 1]
[local_listen_port: 12400]
[time_out: 120]
[machine_list_filename: ]
[machines: ]
[gpu_platform_id: -1]
[gpu_device_id: -1]
[gpu_use_dp: 0]
[num_gpu: 1]

end of parameters

pandas_categorical:null
