tree
version=v4
num_class=1
num_tree_per_iteration=1
label_index=0
max_feature_idx=33
objective=binary sigmoid:1
feature_names=Column_0 Column_1 Column_2 Column_3 Column_4 Column_5 Column_6 Column_7 Column_8 Column_9 Column_10 Column_11 Column_12 Column_13 Column_14 Column_15 Column_16 Column_17 Column_18 Column_19 Column_20 Column_21 Column_22 Column_23 Column_24 Column_25 Column_26 Column_27 Column_28 Column_29 Column_30 Column_31 Column_32 Column_33
feature_infos=[0.22403052449226379:4.806818962097168] [0.027025075629353523:26.170040130615234] [0.17134076356887817:8.6935958862304688] [0.087584272027015686:1] [-28.67047119140625:41.262332916259766] [-36.190670013427734:42.326030731201172] [-36.841156005859375:62.500308990478516] [-41.300331115722656:63.120437622070312] [-22.455821990966797:30.680826187133789] [0:0.95389312505722046] [0:0.64536702632904053] [0:0.40022626519203186] [-0.51016271114349365:0.51874518394470215] [-0.15357083082199097:0.22172828018665314] [-45.028751373291016:17.161741256713867] [-6.6708002090454102:64.2962646484375] [0:1] [0:95] [0:95] [-1:1] [-29.775985717773438:44.984848022460938] [-30.525325775146484:55.0223388671875] [-2.8409864902496338:15.253066062927246] [0.049656935036182404:5.4310722351074219] [-1:1] [0:1] [0:0.99820786714553833] [-1:1] [-1:1] [-0.78183150291442871:0.97492790222167969] [-0.90096884965896606:1] [0:1] [0:1] [0.8888888955116272:4.5999999046325684]
tree_sizes=8588 8739 8735 8633 8691

Tree=0
num_leaves=79
num_cat=0
split_feature=11 27 27 0 15 27 2 4 12 20 27 11 0 18 11 11 23 16 2 30 12 16 16 11 2 15 11 9 18 16 27 20 30 20 16 15 27 20 15 20 27 11 15 18 4 2 2 11 27 12 2 20 30 15 15 30 30 12 15 15 31 19 16 23 12 27 0 12 12 18 9 0 4 0 11 12 20 0
split_gain=40.5878 24.4735 19.0305 30.6233 52.7081 19.005 31.1523 14.9583 14.1677 30.8168 34.3887 26.3125 19.555 19.1399 18.1679 22.3579 17.7988 17.686 26.6367 21.4299 19.3772 16.2681 15.3976 14.1084 19.689 15.0124 23.793 16.6075 13.6677 28.7615 22.2603 32.0616 18.3462 15.7438 15.5551 30.6842 19.1252 16.7256 13.5982 20.8538 15.8025 13.5197 21.7315 13.0026 12.8681 12.5007 12.0345 15.244 19.7746 20.8681 11.9195 11.8983 11.9144 18.4991 11.9185 11.8099 11.4336 11.4036 10.4942 27.8843 24.6986 11.0661 10.2599 10.2534 14.0301 12.5399 10.2461 10.2256 10.1593 9.96913 13.1642 9.79659 9.44275 9.37862 9.16504 10.1426 21.8251 9.1505
threshold=0.020521163009107116 -0.92794367671012867 -0.52803644537925709 1.1955562829971316 25.686989784240726 -0.87137606739997853 0.66085734963417064 -1.2119907736778257 0.05958902649581433 0.61529344320297252 0.71473535895347606 0.14579298347234729 0.59649148583412182 49.500000000000007 0.031920360401272781 0.088438462466001524 0.77638033032417308 0.85418951511383068 0.49975046515464788 -0.56174489110708226 -0.0036912333453074093 0.82825991511344921 0.74682199954986583 0.043955409899353988 1.9718889594078066 20.447913169860843 0.11495913937687875 0.18187704682350161 60.500000000000007 0.61573246121406566 0.77296444773674022 3.1095995903015141 1.0000000180025095e-35 0.98436740040779125 0.82825991511344921 11.125225543975832 0.11969653144478799 1.8191289901733401 22.154242515563968 3.632623672485352 -0.93585023283958424 0.13977319002151492 4.3839402198791513 79.500000000000014 0.72364869713783275 0.91261601448059093 0.60878077149391185 0.07845358178019525 0.41268247365951544 -0.0036912333453074093 0.95138868689537059 -1.4083151221275327 1.0000000180025095e-35 8.281280994415285 9.5526084899902362 1.0000000180025095e-35 1.0000000180025095e-35 0.1270454823970795 12.131433486938478 18.143544197082523 1.0000000180025095e-35 0.15000000223517421 0.76408076286315929 0.61708566546440136 -0.016363319940865036 0.65106672048568737 0.7682822346687318 0.014144785702228548 -0.091540507972240434 89.500000000000014 0.25813652575016027 0.91002148389816295 -1.3186316490173338 1.4687837362289431 0.039371704682707793 -0.035433625802397721 -1.5228627920150755 0.98717254400253307
decision_type=2 2 2 2 2 2 2 2 2 2 2 2 2 2 2 2 2 2 2 2 2 2 2 2 2 2 2 2 2 2 2 2 2 2 2 2 2 2 2 2 2 2 2 2 2 2 2 2 2 2 2 2 2 2 2 2 2 2 2 2 2 2 2 2 2 2 2 2 2 2 2 2 2 2 2 2 2 2
left_child=1 7 3 4 5 23 -7 -1 9 12 -11 17 41 -10 -15 45 21 18 -12 -20 -21 46 -17 43 25 26 27 -25 29 32 34 33 63 -32 35 36 -30 -38 39 67 -41 42 -4 -2 -19 -16 47 48 -14 -50 -29 -44 53 -53 -54 -40 62 -47 61 -60 -61 -18 -31 -3 65 72 -26 -5 -48 70 -8 -52 -65 -69 -70 -76 -77 -66
right_child=2 28 8 38 -6 6 69 -9 13 10 11 -13 16 14 15 22 58 44 19 20 -22 -23 -24 24 66 -27 -28 50 30 56 31 -33 -34 -35 -36 -37 37 -39 55 40 -42 -43 51 -45 -46 57 68 -49 49 -51 71 52 54 -55 -56 -57 -58 -59 59 60 -62 -63 -64 64 77 -67 -68 73 74 -71 -72 -73 -74 -75 75 76 -78 -79
leaf_value=-0.9094759560407053 -0.91042321302256246 -0.88704358246526938 -0.87854427924303835 -0.9092353112923055 -0.86890324255171891 -0.92732323183960252 -0.88140541205248535 -0.93519167594913233 -0.88944463123426687 -0.90829728384145869 -0.87044190262412047 -0.9255555414958696 -0.93463681385424813 -0.89648467291676359 -0.90521597123805975 -0.88752586712532 -0.90997428049886164 -0.8592580468138421 -0.88782689886322463 -0.88941644856385682 -0.91990113127087358 -0.89627197153002847 -0.91307381006011035 -0.89176411606445616 -0.93198500374423354 -0.92052271057000412 -0.87189732013559007 -0.89642321581134177 -0.9174066780025224 -0.94399473425914859 -0.8996860453865988 -0.92545532393185281 -0.92049486527250046 -0.8672429707542133 -0.89308096510115198 -0.93423693790073536 -0.90836938272575907 -0.87427599254931299 -0.91246461145307622 -0.91774763403051618 -0.89015227795269947 -0.92723871657057821 -0.88672838819490529 -0.93633882068873786 -0.88922320634801377 -0.92944576465783801 -0.907500148615348 -0.89519059665019385 -0.88419100064638689 -0.92631568998031144 -0.93135696641448606 -0.87545097408204975 -0.9416112009994414 -0.91247839615801352 -0.90863694547314122 -0.93878322713386664 -0.91501103716768539 -0.90833264959948312 -0.92525547389854446 -0.91513746403412133 -0.87976042801036214 -0.90000899204697482 -0.91690348854486881 -0.91017357425595613 -0.93157329616602724 -0.91575815031623464 -0.90943970762286042 -0.93234600304385573 -0.91360461692081152 -0.90568164881445812 -0.90161750203623836 -0.90498571535976324 -0.88873943305909309 -0.91126518419837521 -0.93700193326567327 -0.8992884334725938 -0.93125648966628727 -0.90938568958418275
leaf_weight=59.138687063008547 202.34226134978235 45.923833578824997 81.265026215463877 561.80204485915601 97.125046748667955 51.971326567232609 222.76904243975878 180.5125816911459 59.195135934278369 1099.8363014031202 58.716681614518166 48.013083975762129 80.662490636110306 95.592841554433107 59.233509585261345 48.755944803357124 1117.418087316677 47.298402035608888 116.0175579097122 54.228881202638149 158.00134519860148 61.917306564748287 594.47007069736719 200.15040431171656 48.118920685723424 51.21625398285687 70.40574780292809 67.961487991735339 200.92218047194183 118.60189498774707 74.072735341265798 47.854890286922455 325.94379797764122 61.63954353146255 63.987945253029466 133.94101899303496 83.330591714009643 45.338768996298313 98.286104753613472 50.938078142702579 175.80375168845057 32.761407215148211 51.529212022200227 47.33603273332119 124.42312185280025 374.52987073361874 67.557165144011378 79.070808343589306 46.742912525311112 41.69447972625494 62.406030578538775 34.92826903052628 36.177525317296386 89.280850244686007 45.09934270195663 56.601394822821021 82.026320964097977 55.949202969670296 261.41987490467727 100.81720405071974 61.567820189520717 283.58256071992218 47.885218914598227 57.578810984268785 69.604878822341561 94.341575248166919 185.55181169137359 83.43202112428844 114.59344380907714 90.744485359638929 110.98377860151231 45.158095084130764 120.46399358846247 99.549540417268872 179.57566031068563 60.197417685762048 131.19320715032518 71.236332803964615
leaf_count=758 2457 689 1397 7619 998 504 2792 2325 658 13576 875 609 806 1282 522 688 13292 587 1560 604 1818 752 6419 2180 587 506 712 651 2681 1345 1057 581 4134 854 713 1744 1134 604 1332 764 2108 620 875 513 1374 4464 811 987 719 622 647 541 537 1352 707 669 1062 697 3161 1021 819 3361 606 662 819 982 2366 977 1266 1089 1344 620 1558 1458 2158 704 1593 759
internal_value=-0.909476 -0.915261 -0.908065 -0.904879 -0.900747 -0.90301 -0.895575 -0.928815 -0.909476 -0.908334 -0.903441 -0.894783 -0.911052 -0.913701 -0.914972 -0.916616 -0.912419 -0.891954 -0.897763 -0.903217 -0.911654 -0.917784 -0.910936 -0.906715 -0.9035 -0.898384 -0.895657 -0.900595 -0.913331 -0.916664 -0.908541 -0.895029 -0.912283 -0.883798 -0.913226 -0.91623 -0.908845 -0.895275 -0.910548 -0.908581 -0.8966 -0.901358 -0.898527 -0.915882 -0.879717 -0.923905 -0.919565 -0.910988 -0.918819 -0.904445 -0.910566 -0.905418 -0.910224 -0.901694 -0.923578 -0.922895 -0.930043 -0.926604 -0.909841 -0.916096 -0.901617 -0.90797 -0.936853 -0.906512 -0.908991 -0.902879 -0.914184 -0.912214 -0.923287 -0.891441 -0.887806 -0.92009 -0.895799 -0.921427 -0.925581 -0.929065 -0.920949 -0.920328
internal_weight=0 1984.35 8733.97 2680.65 1554.24 1457.12 476.469 239.651 6053.31 4765.59 1706.54 606.699 3059.05 1287.73 1228.53 1132.94 2688.01 558.686 386.964 328.248 212.23 863.205 643.226 980.647 730.969 497.298 446.082 375.676 1744.69 1033.61 711.088 183.567 785.093 135.712 527.521 463.533 329.592 128.669 1126.41 971.525 226.742 371.042 338.28 249.678 171.722 489.713 801.288 248.171 169.1 88.4374 175.526 257.015 205.486 124.209 81.2769 154.887 248.513 430.479 1824.81 423.805 162.385 1401 166.487 459.149 413.226 272.384 233.671 744.784 553.117 424.497 333.753 107.564 178.043 182.982 485.56 370.966 191.391 140.841
internal_count=131794 25067 106727 32893 17966 16968 5729 3083 73834 59104 21003 7427 38101 14730 14072 12790 32072 6818 4857 3982 2422 10418 7107 11239 8269 5316 4810 4098 21984 12616 9368 2492 9603 1911 6876 6163 4419 1738 14927 12926 2872 6029 5409 2970 1961 5683 9666 3134 2147 1341 1918 4012 3137 1893 1244 2001 3013 5161 21654 5001 1840 16653 1951 5469 4780 3202 2953 10054 6532 5225 4136 1267 2220 2435 5721 4455 2297 1578
is_linear=0
shrinkage=1


Tree=1
num_leaves=79
num_cat=0
split_feature=13 22 14 12 13 15 27 22 10 13 27 12 13 12 11 33 20 12 20 13 10 14 20 27 22 15 15 22 12 6 33 12 27 15 12 11 15 22 6 15 11 14 27 15 6 13 33 14 13 13 27 27 20 27 22 12 25 13 27 15 15 14 14 12 1 22 6 20 11 27 33 12 13 27 6 12 15 13
split_gain=47.0659 40.6596 36.23 31.5221 32.299 31.2234 27.1205 28.6203 25.4184 22.0796 19.9058 17.5659 18.5101 17.0205 16.6002 17.6195 20.8923 17.6635 15.8044 15.0611 16.982 14.7741 25.2108 14.6445 14.2814 13.5962 15.9205 12.3779 14.9863 13.6153 12.1074 12.0116 11.6614 11.6203 18.7584 11.4038 11.3641 20.2446 11.2938 11.0289 14.736 22.091 20.22 10.9479 10.4995 12.4463 16.7363 12.6487 12.536 10.4127 11.0493 23.6423 11.9185 14.7781 11.678 11.3909 10.0207 9.92647 12.0353 10.5447 9.88735 9.7691 16.0856 11.2266 9.73225 9.71475 9.67219 9.50886 9.47255 9.45132 9.31962 9.24153 8.78071 8.15207 15.8273 12.5555 25.6684 13.993
threshold=-0.025811818428337571 -0.25269904732704157 -2.7592582702636714 0.061537707224488265 0.086914632469415679 12.93474864959717 0.8491516411304475 -0.63814637064933766 0.09468164294958116 0.10180705785751344 -0.39271505177021021 0.035841964185237891 -0.052918534725904458 0.028931178152561191 0.01837109308689833 0.9590476155281068 -0.57601600885391224 0.078672651201486601 4.3465211391448983 0.043509053066372878 0.062582761049270644 -0.87709537148475636 3.2711390256881718 -0.2693240344524383 -0.73830369114875782 19.713493347167972 16.89304351806641 -0.9866996407508849 -0.14112522453069684 -6.4237811565399161 0.90112781524658214 -0.076831787824630723 0.60003554821014415 18.813448905944828 0.097028486430645003 0.073544610291719451 24.436732292175297 1.0000000180025095e-35 2.0935604572296147 9.9232144355773944 0.040914844721555717 -17.017087936401364 -1.0000000180025095e-35 10.784953594207765 1.6754021644592287 -0.013132948428392409 1.0013927817344668 -9.5344152450561506 0.076653055846691145 -0.078395672142505632 -0.39271505177021021 0.45201864838600164 -0.1266614571213722 0.86046862602233898 -0.86795789003372181 0.014144785702228548 0.24764283746480945 0.071303494274616255 0.63435554504394542 21.024442672729496 6.4588236808776864 -5.8171966075897208 -8.613334655761717 -0.098216835409402833 0.78067460656166088 -0.49217651784420008 4.0414772033691415 2.9097582101821904 0.13579440861940387 -0.41268247365951533 0.99736112356185924 0.044493792578578002 0.049094151705503471 0.52803644537925731 -4.404892921447753 -0.0018807984306477008 13.111098289489748 0.012119274120777847
decision_type=2 2 2 2 2 2 2 2 2 2 2 2 2 2 2 10 2 2 2 2 2 2 2 2 2 2 2 2 2 2 10 2 2 2 2 2 2 2 2 2 2 2 2 2 2 2 8 2 2 2 2 2 2 2 2 2 2 2 2 2 2 2 2 2 2 2 2 2 2 2 10 2 2 2 2 2 2 2
left_child=1 5 9 4 6 8 7 35 38 14 24 12 68 -8 15 -2 61 32 44 20 -9 22 -12 30 -5 26 -26 29 -29 -10 -20 -14 43 -24 -35 -4 72 -38 49 40 -30 42 -42 -18 45 46 47 -16 71 -1 54 60 53 -53 -51 -54 -50 59 69 -46 -52 62 63 -17 -6 -64 -21 70 -3 -59 -33 73 -27 -47 -75 76 77 -76
right_child=2 11 3 10 64 -7 13 19 27 -11 21 -13 31 -15 18 16 17 -19 23 66 -22 -23 33 -25 25 36 -28 28 39 -31 -32 67 -34 34 -36 -37 37 -39 -40 -41 41 -43 -44 -45 57 48 -48 -49 56 50 51 52 55 -55 -56 -57 -58 58 -60 -61 -62 -63 65 -65 -66 -67 -68 -69 -70 -71 -72 -73 -74 74 75 -77 -78 -79
leaf_value=0.0044913814833872313 0.0018655740691094192 -0.012518582178083246 0.0098076129450331354 0.01955492970107392 -0.029894860166883298 -0.022868129865773055 0.012119613623609226 -0.0051095281045285606 0.0015422427172079383 0.016566132296723431 -0.02003560001606099 -0.014627892966930636 -0.002345057910761721 0.04359636576378878 -0.0078654736678363309 0.0073474967859771924 -0.018520577736228512 0.0042802769379856392 -0.0028052684893769505 0.0027680345115128368 0.015404970865879374 -0.017020168755602288 -0.0056808212303725214 -0.0043725032566248609 -0.0014537492437736248 -0.00076700938124146789 0.026137859635302314 0.01896527262571206 0.020705581240695173 0.037916389883983777 0.02491471977573333 -0.00045666160423482718 -0.0081871781810869525 -0.010340214289582506 0.021421059569139322 0.036580835620306285 0.02188474990279175 -0.013066191757071801 0.0051901245191990379 0.016173183256125 0.019972130579099051 -0.019123738479008355 -0.0094451847004166471 -0.037934301717028766 -0.0068154736259948712 0.0019900273498262497 0.0087269255392082769 -0.028493347060294522 -0.0012312492295394647 0.053521032660220194 0.012158360884785838 0.031648693896805288 0.050116026795893151 -0.0070171194766820008 0.022712648915518496 0.015668612797485649 -0.026245733849273679 0.0085008357844956108 0.023132691076895695 -0.026603796515659424 -0.012545027760312423 -0.020293098983685632 -0.0052582785119443202 -0.011879839951319622 0 0.016530664574881202 -0.015951075640174086 -0.0066289838878707229 0.0021101096332279681 -0.018324771407170485 0.018616990944727792 0.017106080976735178 -0.023865005298087862 -0.014553703095458493 -0.0013571433223905699 -0.0096404097615878561 -0.011899463972905736 0.020611798740776118
leaf_weight=76.455017877742648 283.14905116707087 217.02149020880461 68.982894552871585 101.47666609659791 45.556621205061674 50.615909388288856 79.29051173850894 116.3456820640713 44.691829752177 105.25909577682614 113.64597841538489 166.41375798545778 187.53822405636311 78.968157451599836 354.59790759161115 73.987936861813068 283.62621823325753 69.122640989720821 40.372619833797216 112.435342900455 254.05164071731269 211.69450912252069 121.83573585376143 104.13507722690701 89.144904753193259 66.040438069030643 73.905274275690317 91.452188892289996 40.248833989724517 43.193085374310613 109.58853195980191 61.099659474566579 157.20030824095011 49.291449725627899 126.15859526395798 83.286357533186674 64.055535672232509 63.667671956121922 124.78835448995233 62.711464116349816 82.43346093967557 161.07182067632675 103.50457739271224 92.258460003882647 1187.2899800371379 1455.46132074669 94.659557493403554 75.990167211741209 74.977077268064022 48.374997412785888 95.209634851664305 36.509940691292286 68.051803847774863 35.50823120214045 92.394715141505003 41.235736334696412 62.861500650644302 51.462109331041574 44.741792358458042 57.15725513920188 45.285831185057759 67.212425116449594 58.80216820910573 283.21996415033937 44.019616505131125 114.93851433694363 102.9458826482296 44.908127721399069 145.78713387064636 47.240464899688959 239.67990637198091 63.217500507831573 78.504466935992241 202.60860515013337 84.951813638210297 176.98601497896016 120.3950896076858 168.50772690400481
leaf_count=984 8160 2836 749 978 565 538 896 1325 597 1331 1248 1973 2362 908 2971 607 2589 600 1149 1221 3005 2215 1396 1448 1015 737 762 1320 532 479 1038 1694 1452 535 1347 887 685 788 1503 713 1068 1821 1646 870 15014 18163 2869 629 769 552 1249 531 860 542 1105 544 647 692 555 664 542 631 560 2502 526 1058 1118 499 2094 505 2225 824 716 2280 1111 2388 1574 1824
internal_value=0 0.00537812 -0.00183667 0.00323613 0.00920346 0.0106249 0.011847 0.00800133 0.0120414 -0.00361051 -0.00181061 -0.00122738 0.0012623 0.0288282 -0.00397989 -0.00816942 -0.0105753 -0.0165584 -0.0026053 0.0032681 0.00884545 -0.00734993 -0.00213219 0.00827588 0.00453122 0.000768794 0.0110939 0.00533272 0.00258895 0.0208397 0.0172588 0.00667755 -0.0193632 0.00472885 0.012194 0.0253369 -0.00531059 0.00422728 0.0182569 -0.000772643 -0.00378163 -0.00696866 0.00348892 -0.0237706 -0.00326334 -0.00169578 -0.00801214 -0.0118517 -0.00028771 0.0211303 0.0237125 0.0183161 0.0290256 0.0125904 0.0348474 0.0385818 -0.01341 -0.00652877 0.0044816 -0.00784749 0.00372886 -0.00439934 -0.0021566 -0.00772424 -0.01609 0.00893054 -0.00608725 0.0116821 -0.00654935 -0.00408173 0.0146282 0.00050956 -0.0139512 0 -0.00382287 0.000114291 0.00491561 0.0131544
internal_weight=0 2406.19 8311.28 2145.3 985.883 1343.74 896.306 738.048 1293.12 6165.98 1159.42 1062.45 896.035 158.259 6060.72 1483.52 1200.37 602.208 4577.2 585.779 370.397 622.626 410.932 254.096 536.795 435.318 163.05 629.307 541.422 87.8849 149.961 533.226 533.085 297.286 175.45 152.269 272.268 127.723 663.814 449.97 387.259 347.01 185.938 375.885 4323.11 2935.21 525.248 430.588 2409.97 539.026 462.571 321.801 181.306 72.0182 140.77 109.288 137.839 1387.89 143.444 1244.45 140.495 598.161 530.949 357.208 89.5762 173.741 215.381 345.688 362.809 98.7026 300.78 2272.13 144.545 2208.91 753.449 550.841 373.855 253.46
internal_count=131905 30809 101096 23622 11200 17126 10109 8305 16588 77474 12422 13683 11710 1804 76143 19029 10869 5511 57114 6669 4330 6741 4526 3635 5681 4703 1777 8176 7100 1076 2187 6780 4911 3278 1882 1636 2926 1473 8412 5780 5067 4535 2714 3459 53479 36049 6469 3600 29580 6909 5925 4268 2477 1073 1657 1404 1416 17430 1752 15678 1791 5358 4727 3109 1091 1618 2339 4418 4930 1197 3919 28164 1453 27340 9177 6897 4509 2935
is_linear=0
shrinkage=0.0454652


Tree=2
num_leaves=79
num_cat=0
split_feature=13 7 16 10 3 16 22 3 16 15 23 28 3 3 30 4 16 30 13 3 13 3 23 3 3 3 28 3 28 28 30 16 13 3 13 7 22 28 7 10 7 16 13 28 23 28 7 13 7 3 7 16 28 28 16 15 13 3 16 28 22 16 28 23 13 23 7 33 23 3 15 3 30 13 23 13 15 30
split_gain=41.5687 67.8522 37.0347 36.0995 31.9439 30.0478 26.883 27.6909 23.6504 22.5802 21.1063 16.9195 15.9157 19.2802 33.0546 15.0357 14.8111 13.9185 41.0264 20.6923 13.319 23.1553 13.3938 12.9518 12.7351 43.4578 20.8613 20.4559 34.3625 44.1531 17.5142 13.9347 16.3244 12.7069 13.8967 15.9219 19.681 18.4452 22.7548 15.5757 14.1976 28.0388 19.9657 38.8161 28.0495 23.1711 17.6521 14.2723 12.8262 12.4963 12.2161 14.839 11.8625 11.7881 19.2408 15.203 11.1463 16.8972 20.3254 26.2392 24.6321 20.0128 16.2729 25.0901 15.5479 13.6467 10.7278 11.1709 11.0544 14.7963 13.6967 15.9133 16.5784 23.2067 19.7044 11.9339 10.0231 9.82162
threshold=-0.025811818428337571 0.6299312710762025 0.58306261897087108 0.11535603180527688 0.84886360168457042 0.82825991511344921 -0.81059211492538441 0.35393059253692633 0.74682199954986583 13.378231525421144 0.57143694162368786 -0.22706275433301923 0.50600406527519237 0.27364976704120642 -0.56174489110708226 -3.0111242532730098 0.3719868808984757 0.81174489855766307 0.042830646038055427 0.42219650745391851 -0.0078270211815834028 0.72099804878234874 0.57614195346832286 0.55535781383514415 0.25934040546417242 0.18370188027620318 0.78661888837814342 0.32179401814937597 0.52803644537925731 0.8491516411304475 1.0000000180025095e-35 0.33344325423240667 -0.058200631290674203 0.93796837329864513 0.01345407869666815 11.318882465362551 -0.37217669188976282 -0.58244305849075306 15.179502010345461 0.29739396274089819 16.329527854919437 0.88244676589965831 0.080087151378393187 0.35222910344600683 0.80516728758811962 0.18436925113201144 14.307256221771242 0.071303494274616255 22.950909614562992 0.56392303109169017 -11.656828880310057 0.41136673092842108 -0.92794367671012867 -0.89194178581237782 0.56687536835670482 3.552354216575623 0.016256514936685566 0.75356075167655956 0.64704126119613659 0.58244305849075328 -0.80188640952110279 0.69853028655052196 -0.2693240344524383 0.54823487997055065 0.039690144360065467 0.81096792221069347 -13.615809917449949 0.9590476155281068 1.016636908054352 0.96655824780464183 9.698639392852785 0.38507194817066198 1.0000000180025095e-35 -0.013132948428392409 0.80516728758811962 -0.0087449625134468061 12.041164875030519 -0.56174489110708226
decision_type=2 2 2 2 2 2 2 2 2 2 2 2 2 2 2 2 2 2 2 2 2 2 2 2 2 2 2 2 2 2 2 2 2 2 2 2 2 2 2 2 2 2 2 2 2 2 2 2 2 2 2 2 2 2 2 2 2 2 2 2 2 2 2 2 2 2 2 10 2 2 2 2 2 2 2 2 2 2
left_child=3 2 66 6 10 8 7 -1 12 11 49 -7 13 14 -3 -10 -15 52 19 -19 -4 22 -22 -9 25 -8 -27 31 50 -30 -31 32 -26 34 -11 36 -36 38 -37 40 46 47 43 77 -45 -44 -39 -42 -47 -5 -29 -52 76 55 -55 -12 62 58 60 64 -58 -59 65 -64 -60 -14 -2 -68 70 -70 71 -69 73 -73 -75 -74 -18 -43
right_child=1 5 20 4 -6 9 24 23 15 33 53 -13 56 16 -16 -17 17 18 -20 -21 21 -23 -24 -25 27 26 -28 28 29 30 -32 -33 -34 -35 35 37 -38 39 -40 -41 41 42 45 44 -46 48 -48 -49 -50 -51 51 -53 -54 54 -56 -57 57 61 59 -61 -62 -63 63 -65 -66 -67 67 68 69 -71 -72 72 75 74 -76 -77 -78 -79
leaf_value=0.0013091394926929745 0.014068253606626984 -0.016718817386409675 -0.026375925895740664 0.022463328598326764 0.01917753089363676 0.0034514220498203215 -0.022857773245799188 0.045781941664942899 0.014542351884358618 0.019923441833877734 -0.0059749723551671069 0.028372845805206073 -0.021804772802387334 -0.025041489205599773 0.035270208731642758 -0.0094011549851061599 0.021042400526784282 -0.028825562322218459 0.040263168850675164 0.010808125682256827 0.0047532355635668934 0.0102704056837645 -0.021150549083207924 0.015890726854465867 -0.015448607259911819 0.046500864240120149 0.0054629637028312389 -0.0068445031393818377 0.047057213111009716 0.025959168122255342 -0.0089999612722706721 -0.032458705225858156 0.016671912802141305 -0.0096452064910322842 -0.015765020163983196 0.013763716811271025 0.0043365865529671963 0.011475194628835242 -0.0075931782573572491 -0.0081428696276633506 0.0079264372942339772 -0.013843535516529643 0.018607352855620516 0.048453243820949413 0.0087071458787873809 -0.02634675050856097 -0.0091043508394206413 0.039767641633501473 0 -0.0041396138563418831 0.013205283539252361 -0.0038823909768033659 -0.0093842055757118164 -0.0070001130309940663 -0.034413304911265659 0.026541880876517654 0.040112568151271767 -0.015059410455163551 -0.0079518071525772945 -0.034362635377612395 0.0060759965659568172 0.018628977763853607 -0.013549577611827388 0.02117984679827712 0.020775953487362834 0.0048937794473935935 0.0022544217825892438 -0.028869625710713248 0.0015946523546727725 -0.015670214954949465 0.0080698418075310901 -0.01496180675285034 -0.0066158548668030252 0.019557799505569778 -0.0060018687316278248 -0.025422732304882161 -0.0071671127029457058 0.0094244468970928891
leaf_weight=78.49417151324451 56.815622299909592 37.155794527381659 226.27752692066133 83.983582455664873 134.95668825507164 103.59657048806548 34.552198709920049 94.145862814038992 52.776850607246161 110.11756034567952 77.35545370541513 137.78593757934868 42.498360915109515 73.009497920051217 59.899879770353436 850.23952542990446 49.888348083943129 48.380832456052303 50.218542251735926 51.07747577317059 43.66734804213047 73.378356322646141 265.47674516774714 61.015417324379086 71.934130014851689 74.44347614608705 44.092611407861114 188.92976346425712 90.605553705245256 44.086474265903234 70.893431155011058 36.823705958202481 52.903164410963655 136.47124849073589 176.8643452655524 137.68556124903262 218.33548256754875 196.27102965675294 369.73598830215633 97.339437706395984 47.914995308965445 61.959196021780372 76.248310908675194 87.796025967225432 70.422677513211966 63.41334112919867 145.41743239946663 110.01991952769458 89.953766461461782 55.884552627801895 274.62020422145724 160.35167808271945 560.66939195804298 590.56367855146527 56.119102723896503 41.73922049254179 50.302920240908861 210.71278395876288 96.992216261103749 47.434320036321878 272.08513784408569 39.106416262686253 46.532448569312692 263.43016725033522 58.467104461044073 254.60831311717629 331.96079885959625 97.592191930860281 482.34773557633162 124.99566251784563 73.546817928552628 191.57718782499433 138.42795248329639 113.10698277503252 126.08790826424956 167.351109623909 43.88164240680635 82.196453241631389
leaf_count=976 797 735 2819 1126 1896 1182 686 1038 599 1274 1020 1367 440 990 1007 10325 635 935 718 662 614 890 3188 793 984 1312 566 2291 1012 690 830 423 896 1766 1956 1527 2677 2242 4141 1075 595 648 854 913 725 649 1573 1310 974 626 3293 1633 6743 7710 587 497 617 2846 1061 563 3106 522 720 3296 668 3286 9976 847 4231 1172 635 1479 1266 1135 1161 1448 551 824
internal_value=0 -0.00148063 -0.00771424 0.00528873 -0.00106082 0.00122477 0.0101083 0.0241329 -0.00164593 0.0049544 -0.00420288 0.0181112 0.000735349 -0.00368084 0.0150136 -0.00788881 -0.00586478 -0.0039455 0.00826136 -0.00837694 -0.0174683 -0.0118499 -0.0173216 0.0350431 0.00712625 0.0192888 0.0323241 0.0051272 0.00804211 0.0239975 0.00442541 -0.00936456 -0.00136134 0.00350907 0.00438677 0.00348238 -0.0046066 0.00547229 -0.00163911 0.00870604 0.0103688 0.0141222 0.00886723 0.0164731 0.0317274 -0.00105291 0.00257169 0.030852 -0.0113662 0.0116794 0.00258496 0.00681733 -0.00684534 -0.0072137 -0.00965509 0.00552754 0.00388483 0.000198968 0.00488347 -0.00615769 0.0119717 -0.00937886 0.0084783 0.0157024 0.00280208 0.000668886 -0.00453879 -0.0051673 -0.00682729 -0.00195976 -0.0100073 -0.0116909 -0.00920224 -0.0032579 0.00600937 -0.0172656 0.00759458 -0.000353147
internal_weight=0 8291.52 2512.61 2418.49 1040.6 5778.91 1377.89 233.655 3259.37 2519.55 905.646 241.383 2356.35 974.181 97.0557 903.016 877.126 804.116 149.677 99.4583 608.8 382.522 309.144 155.161 1144.24 153.088 118.536 991.148 829.487 205.585 114.98 161.661 124.837 2278.16 2141.69 2031.57 395.2 1636.37 507.422 1128.95 1031.61 689.925 531.99 302.374 158.219 229.615 341.688 157.935 153.367 139.868 623.902 434.972 654.439 765.777 646.683 119.095 1382.17 775.101 525.282 202.894 322.388 249.819 607.069 309.963 155.459 297.107 1903.81 1846.99 1515.03 607.343 907.69 834.143 736.551 430.772 239.195 305.779 93.77 144.156
internal_count=131840 100955 31658 30885 13462 69297 17423 2807 41025 28272 11566 2549 30101 12976 1742 10924 11234 10244 2315 1597 7511 4692 3802 1831 14616 2564 1878 12052 9749 2532 1520 2303 1880 25723 23957 22683 4633 18050 5668 12382 11307 7492 5587 3110 1638 2477 3815 1905 1623 1752 7217 4926 7929 9814 8297 1517 17125 9383 6015 2292 3723 3368 7742 4016 1729 3726 24147 23350 13374 5403 7971 7336 6489 3775 2296 2714 1186 1472
is_linear=0
shrinkage=0.0454652


Tree=3
num_leaves=79
num_cat=0
split_feature=29 11 5 16 16 16 16 6 30 20 18 11 16 6 29 29 31 18 30 6 11 4 31 6 11 30 5 20 0 5 29 17 20 17 6 21 20 16 21 5 21 11 18 17 30 0 21 11 11 20 21 1 0 18 18 0 6 5 11 6 21 4 6 0 0 21 1 29 29 6 21 0 5 30 16 0 21 16
split_gain=54.5734 29.1803 20.326 26.8254 28.4362 18.8854 20.7159 18.2486 15.991 15.9868 19.8598 15.9569 15.3587 13.8351 20.0805 15.4509 15.0787 17.3976 13.4333 12.9193 14.2658 14.6963 12.1943 11.5742 11.5147 18.1368 11.068 10.9775 10.9219 15.1579 10.9046 21.1712 10.2974 9.73869 9.60981 9.57286 13.5868 9.52674 8.5234 9.75349 8.45746 8.15121 12.9206 15.4744 8.10241 7.95213 17.6353 7.85559 8.82171 7.74318 7.62653 7.36225 7.03803 6.94964 6.88874 6.76858 6.6674 11.4976 6.4846 8.25764 10.1859 10.6371 7.89548 12.5087 10.7144 9.24711 6.7586 6.28158 6.81716 8.17444 6.24788 5.97137 5.91782 5.71596 8.61888 7.12839 6.56109 11.2538
threshold=-0.60785761475563038 0.020521163009107116 1.1823006868362429 0.42461067438125616 0.83853164315223705 0.55036792159080516 0.78423729538917553 2.3368432521820073 1.0000000180025095e-35 0.98436740040779125 78.500000000000014 0.15124963968992236 0.43326331675052648 -2.1197963953018184 -1.0000000180025095e-35 -1.0000000180025095e-35 1.0000000180025095e-35 18.500000000000004 0.81174489855766307 -0.60210251808166493 0.075363498181104674 -0.62090218067169178 1.0000000180025095e-35 -16.784464836120602 0.12622201442718509 1.0000000180025095e-35 4.0382008552551278 -0.99695539474487294 0.64186903834342968 0.41726848483085638 0.87837970256805431 58.500000000000007 2.1237306594848637 82.500000000000014 -6.7017197608947745 3.8146309852600102 0.27700464427471166 0.14132627844810489 3.2920641899108891 -1.5566053390502927 1.0318924188613894 0.070585772395133986 21.500000000000004 28.500000000000004 1.0000000180025095e-35 0.68056705594062816 1.7248780727386477 0.10507144778966905 0.086437627673149123 -0.35146144032478327 5.0140795707702646 1.0601518154144289 1.2968416810035708 30.500000000000004 35.500000000000007 0.77970361709594738 -9.7128486633300763 -6.294358253479003 0.067606057971715941 -2.6776148080825801 5.3867077827453622 -0.26346905529499048 -1.8545468449592588 0.83297026157379161 0.87389233708381664 2.3416317701339726 0.96233147382736217 0.87837970256805431 1.0000000180025095e-35 2.5836585760116582 10.254008769989015 0.83595436811447155 0.19008698314428332 1.0000000180025095e-35 0.42912231385707861 0.73118558526039135 -2.2807710170745845 0.2783821970224381
decision_type=2 2 2 2 2 2 2 2 2 2 2 2 2 2 2 2 2 2 2 2 2 2 2 2 2 2 2 2 2 2 2 2 2 2 2 2 2 2 2 2 2 2 2 2 2 2 2 2 2 2 2 2 2 2 2 2 2 2 2 2 2 2 2 2 2 2 2 2 2 2 2 2 2 2 2 2 2 2
left_child=-1 5 3 13 19 9 8 11 28 18 12 34 -11 15 49 16 17 37 56 20 30 -22 41 -17 32 70 44 -16 29 -7 45 -32 50 47 -4 40 -37 -3 39 -10 -24 42 -21 55 -8 46 -5 48 54 -15 -6 -30 58 -43 -29 -44 -2 -58 62 -60 61 -61 63 -36 -64 -66 -63 68 69 -55 -26 -20 -56 75 -75 -59 77 -77
right_child=1 2 7 4 24 6 26 -9 38 10 -12 -13 -14 14 27 23 -18 -19 71 22 21 -23 35 -25 25 -27 -28 33 51 -31 31 -33 -34 -35 52 36 -38 -39 -40 -41 -42 53 43 -45 -46 -47 -48 -49 -50 -51 -52 -53 -54 67 72 -57 57 73 59 60 -62 66 64 -65 65 -67 -68 -69 -70 -71 -72 -73 -74 74 -76 76 -78 -79
leaf_value=-0.0264399860919316 -0.01591087877493547 0 -0.0039332767816819478 -0.025203962309666577 0.021019979539435799 0.014433795969320727 0.019755096542966647 0.0018901250684133035 0.017904990990850009 0.021700599154496042 0.036458129682178465 -0.015673756428690844 -0.010921879570945418 0.012172574558913272 0.013646073421315555 0.020374100881057833 -0.023187057185926129 0.015028002533348411 -0.022681483605221594 0.0019980598804641954 0 -0.019831975955658613 0.0040988422483183391 0.0019990279994738054 -0.0064775487938524149 0.029450345703674222 -0.0090763769707007946 0.011065315596555653 -0.027480676976856876 -0.022369021219436663 -0.0079359925673219752 0.03161725836842235 -0.014461791587318985 0.017904453660504142 0.028582475101970626 0.02597442956443409 -0.0065382852155831559 -0.02087507653620068 -0.021250600642893205 -0.0052407646104614498 -0.013518353745103446 -0.021257174037612528 -0.016487286952904929 -0.023395921360926865 -0.0027535392181451709 0.0022307093820780628 0.011628936680837549 0.011821069989347186 -0.02467051749714019 0.040072578227952682 0 -0.011733528264619902 0 0.015791061729882764 -0.014444859521260248 0.0052748983875757563 0.018020131322460223 0.013008451881406643 0.0004771275777090685 0.0081194967882271176 0.0061374512799619169 0.037110899084905412 -0.0017728708541838703 0.0015958518060729219 0.021994262842399716 -0.00056013671523148963 0.013152250950714098 0.011836820387716432 -0.014026442378262553 -0.0080600074055788597 0.014711042497716174 -0.0046069720051089176 0.003717714732879841 -0.01551815827043471 0.0069575126712408276 -0.0046927124526786436 -0.0070431812761612552 0.019809809707230171
leaf_weight=155.46770602837205 46.950994953513145 97.559929873794317 86.435752091929317 67.476116329431534 45.23067868500948 42.625445753335953 79.594327198341489 2593.3683359324932 44.088076585903764 44.964339097961783 45.906578389927745 47.32334203645587 71.070725049823523 53.3951007258147 188.44177616201341 71.711597392335534 90.320672290399671 81.487557236105204 84.824788106605411 68.136763205751777 149.15299058705568 149.36481480300426 84.318688353523612 1367.5849447585642 67.295719694346189 88.573252199217677 91.819705620408058 51.691834595054388 223.81082102097571 40.921084091067314 43.548243599012494 61.686552047729492 68.881281923502684 49.416997069492936 86.059657653793693 49.371653009206057 46.650644002482295 81.024110328406096 44.759412370622158 167.67176645435393 140.09550775587559 48.513568785041571 44.500490505248308 333.95048485137522 47.501332275569439 393.70121040008962 37.850678825750947 52.528862347826362 42.782851833850145 48.469752211123705 135.23742015659809 115.2107647433877 97.551802983507514 45.905786730349064 91.167989997193217 67.520495871081948 70.16735003888607 87.198982585221529 58.32120911963284 67.681392095983028 93.024557750672102 120.87346191518009 203.24469217285514 66.062173318117857 97.116493286564946 52.909404955804348 46.957124935463071 44.318353794515133 108.30920167639852 67.6016202904284 43.104186523705721 84.555526841431856 52.629967210814357 106.00891689024866 45.550186751410365 84.765350438654423 183.09449822455645 62.434403419494629
leaf_count=1849 572 1180 1061 901 526 606 941 30502 510 652 692 668 875 695 2510 1043 976 1060 1167 810 1690 1682 965 18032 824 825 1062 708 2725 600 542 817 765 717 1022 538 546 859 526 2206 1728 555 581 3980 647 4722 561 744 596 586 1613 1434 1212 532 1174 788 903 1391 679 761 1064 1351 2604 765 1166 580 556 606 1428 810 613 1045 712 1377 628 928 2220 695
internal_value=0 0.000349541 0.00148007 -0.000428144 -0.00373657 -0.00471517 -0.00950724 0.00401698 -0.01342 -0.000417001 0.0124448 0.00885824 0.00162155 0.00297017 0.00874724 0.000892367 -0.00757621 -0.00169527 -0.00295584 -0.00601466 -0.00186361 -0.00995269 -0.00921518 0.00300342 0.0065426 0.0145803 0.00243507 0.00497016 -0.0188533 -0.00323803 0.00209237 0.0151182 0 0 0.0100373 -0.00148269 0.0100692 -0.00975855 -0.00412723 0 -0.00673066 -0.0121244 -0.0157063 -0.0185132 0.011147 -0.000658009 -0.0115817 -0.00317864 -0.00683022 0.0269417 0.00571374 -0.0224749 0.0113175 -0.00599258 -0.00225638 -0.00322596 -2.66731e-05 0.00115783 0.01258 0.0171694 0.0199437 0.0249958 0.00886177 0.0175235 0.00483776 0.0139195 0.0311631 -0.00275018 -0.00604191 0.00138473 0.00159891 -0.0142608 -0.00754844 -0.000949897 -0.0084445 0.00171056 -0.00124873 0.00563183
internal_weight=0 10552.9 8637.44 4920.51 2500.3 1915.5 898.003 3716.93 679.087 1017.49 161.942 1123.56 116.035 2420.21 630.525 1789.69 350.392 260.072 855.551 2051.97 902.781 298.518 1149.19 1439.3 448.323 198.973 218.915 528.66 422.568 83.5465 604.263 105.235 249.349 340.219 1076.24 320.436 96.0223 178.584 256.519 211.76 224.414 828.757 514.108 445.971 127.096 499.028 105.327 290.802 238.273 101.865 180.468 339.022 989.802 314.649 195.49 112.021 686.171 639.22 892.25 386.858 328.537 235.512 505.392 152.122 353.271 150.026 167.831 266.135 221.817 113.507 110.4 169.38 143.798 569.052 151.559 417.493 330.294 147.2
internal_count=131782 129933 105531 61540 29948 24402 11257 43991 8607 13145 2219 13489 1527 31592 8442 23150 4075 3099 10926 24782 10915 3372 13867 19075 5166 2262 2650 7161 5365 1206 7543 1359 2904 4651 12821 3777 1084 2039 3242 2716 2693 10090 6159 5349 1588 6184 1462 3934 3190 1281 2139 4159 11760 3931 2594 1369 8714 8142 10548 4411 3732 2668 6137 1787 4350 1746 1907 3376 2770 1342 1437 2212 1886 7239 2005 5234 3843 1623
is_linear=0
shrinkage=0.0454652


Tree=4
num_leaves=79
num_cat=0
split_feature=11 22 14 27 7 3 21 3 6 14 7 6 7 6 21 27 3 27 3 2 2 11 3 30 11 3 3 27 30 2 18 18 6 11 30 21 11 14 11 18 15 14 0 0 2 2 6 2 21 6 18 2 18 27 2 27 2 14 3 7 3 0 15 18 3 0 14 22 21 0 15 21 3 3 7 21 14 0
split_gain=32.4518 26.2698 24.6696 22.9053 21.9396 23.3738 17.7908 16.5598 24.8685 17.3496 22.774 15.7901 15.786 15.6274 14.3769 14.3259 14.5789 14.2163 19.2428 14.1614 14.0228 26.8772 11.9618 26.2857 26.2571 18.3609 17.6911 32.8388 29.2289 31.6333 22.1744 20.8488 18.6769 16.9364 15.0563 38.152 29.9289 14.7022 15.0568 14.5678 16.1833 13.5255 12.9424 12.7839 12.184 11.9458 23.42 23.3312 16.1884 11.5752 11.5474 11.4925 11.2104 12.2301 12.5162 14.2736 10.9376 10.6952 10.5981 11.8775 10.6066 18.1314 10.6761 15.0695 15.8963 18.0226 16.9721 14.3258 12.2415 16.8335 11.9939 11.9063 11.8459 19.6518 11.8081 19.2629 16.4028 12.8069
threshold=0.020521163009107116 -0.85757288336753834 -5.3748381137847892 -0.92794367671012867 16.565382003784183 0.80955469608306896 11.04333543777466 0.89691376686096203 3.4903213977813725 -7.2878489494323722 1.0000000180025095e-35 4.1952643394470224 -0.94759407639503468 -0.66348758339881886 -0.058290511369705193 0.9279436767101289 0.47020299732685095 -0.72982063889503468 0.56633484363555919 1.1929969787597658 0.93145287036895763 0.071751382201910033 0.27681688964366918 0.81174489855766307 0.16157839447259906 0.25559858977794653 0.40250758826732641 0.71473535895347606 0.81174489855766307 0.60878077149391185 42.500000000000007 70.500000000000014 2.7658306360244755 0.11989428102970125 -0.56174489110708226 1.7833043932914736 0.1319290027022362 -5.2594466209411612 0.10608506947755815 19.500000000000004 4.0440061092376718 -19.130840301513668 0.74565246701240551 1.149084270000458 0.62803295254707348 0.75302231311798107 -6.0407667160034171 1.1395129561424258 -0.058290511369705193 4.8900344371795663 59.500000000000007 0.82508429884910595 79.500000000000014 0.91959547996521007 0.43268577754497534 0.63435554504394542 0.94148758053779613 -8.613334655761717 0.96655824780464183 -12.087322711944578 0.91294631361961376 1.7311581969261172 3.6218361854553227 70.500000000000014 0.73736169934272777 0.88279414176940929 -2.813557386398315 0.081663709133863463 -2.5926024913787837 1.149084270000458 12.749283790588381 2.7130781412124638 0.66299358010292064 0.69578570127487194 3.2571537494659428 -2.0603423118591304 -7.9630599021911612 1.0234788656234743
decision_type=2 2 2 2 2 2 2 2 2 2 2 2 2 2 2 2 2 2 2 2 2 2 2 2 2 2 2 2 2 2 2 2 2 2 2 2 2 2 2 2 2 2 2 2 2 2 2 2 2 2 2 2 2 2 2 2 2 2 2 2 2 2 2 2 2 2 2 2 2 2 2 2 2 2 2 2 2 2
left_child=3 2 17 -1 5 20 -6 9 -9 12 11 50 13 19 -15 16 -12 18 -2 -5 21 -4 23 24 41 33 27 31 29 -29 -30 32 39 -25 35 -33 -36 38 56 43 -41 -3 -28 -24 -42 -19 -47 48 -48 -39 -11 52 53 54 55 -43 -31 -14 60 -60 62 -62 67 64 66 -66 70 -44 -67 -70 74 -72 -65 -74 76 -76 -64 -77
right_child=1 22 4 7 6 -7 -8 8 -10 10 15 -13 57 14 -16 -17 -18 45 -20 -21 -22 -23 26 25 -26 -27 42 28 30 37 -32 34 -34 -35 36 -37 -38 49 -40 40 44 51 58 -45 -46 46 47 -49 -50 -51 -52 -53 -54 -55 -56 -57 -58 -59 59 -61 61 -63 63 72 65 68 -68 -69 69 -71 71 -73 73 -75 75 77 -78 -79
leaf_value=-0.018814618421213587 0.042427865051487025 0.038925120660900037 -0.019196674444720719 -0.0081228970696531726 0.031695577766124222 0.020679217608959077 -0.0024742786887265145 -0.00081729839647790394 0.036343838300005579 -0.018749656223143969 -0.020981648743501526 -0.031707467631102791 -0.0095524654723060671 0.0351949910749959 0 0.016878724172611898 -0.00035706000819796084 -0.00035696741624860468 0.0091930303021054913 0.018649898606023247 -0.025842378643412618 0.017081459670446674 -0.02600057174377789 -0.040249028505496914 -0.014460430826377527 0.014476440886689174 -0.0045055574574464031 0.017800187015826203 0.052568342954640017 -0.014606497723669218 0.0025215522797866381 0.041269806262671099 -0.034303501818308886 -0.0045037376511432086 -0.019737976486571607 -0.0067427451408072899 0.011470905281622465 0.020299867998308397 -0.033449853362191598 0.020359582687785979 -0.020926649763283948 -0.0057539019754199268 -0.010309864689567082 -0.0028444755284896053 -0.00031311357494621543 -0.0059793971714086772 0.048166922874053469 0.00056808840311457743 0.010536689068957054 -0.010380926016689768 0.00036703745110752749 -0.010140714609408687 0.0015528794971419327 0.0024384097226160116 0.038590676703977256 0.03102344232040247 0.010987937992461481 0.0058631718258673419 0.016096981078460568 -0.0078424414578712742 0.021752334477235992 -0.0083130174554546677 0.0069035482068764628 -0.0034043428978243542 0.020657550357878376 0.0047114824143048911 0.017531769760074221 0.0027805950615768875 -0.027919657685163839 -0.0026336626890753759 -0.020306270844785736 0.0022530319190661946 0.023716567236243144 0.00073922832899006054 -0.0086718335461893926 0.026141259622441199 -0.012638414505381716 0.0076617082514071344
leaf_weight=233.23682008869946 73.459046700969338 45.026138318702579 95.132228394970298 126.76276203431189 63.408211862668395 48.817603092640638 53.442481344565749 130.70724560879171 46.57856753654778 153.51218551583588 94.539602071046829 118.17478671297431 335.51567738316953 61.696012813597918 37.543681880459189 62.099269973114133 270.13384002447128 153.66003427654505 81.401392985135317 55.253433682024479 95.387518800795078 68.682081798091531 173.19232792407274 42.836183056235313 64.290554011240602 43.401267299428582 824.43820618465543 136.31520181894302 38.120204402133822 102.31086568161845 36.895906304940581 49.117663249373436 84.909525888040662 77.678643897175789 160.3614482562989 89.818405328318477 98.01996985822916 51.278474278748035 60.769144689664245 42.530602132901549 96.901631001383066 40.830196956172585 319.6809223536402 76.685405964031816 155.83082178980112 70.907848315313458 74.582924447953701 62.514606719836593 43.178401136770844 41.28150787577033 102.91678951308131 36.56628305837512 97.073344126343727 63.084416909143329 88.860290169715881 36.728350676596165 45.485377883538604 120.82208889350295 43.258639082312584 380.08289742097259 133.29382543638349 53.994946260005236 454.59748581796885 1002.6915092598647 57.941103409975767 139.83167587593198 295.86950874328613 359.05922103859484 83.465321155264974 159.76494304835796 62.019119206815958 167.59790037572384 91.161667140200734 428.10540121234953 62.989800959825516 178.92700531333685 104.94705885834992 159.07666954770684
leaf_count=3075 640 995 1037 1683 648 521 565 1853 576 1829 1303 1389 4158 862 558 869 3187 2025 1134 647 988 777 2061 668 1084 502 10837 1812 577 1384 494 641 969 1037 2021 1048 837 685 743 523 1118 559 3864 793 1972 959 871 846 560 510 1389 463 1440 1079 1233 599 572 1511 705 4990 1544 672 5291 10811 646 1750 3047 4427 996 2207 797 1906 1028 5239 799 2017 1148 1812
internal_value=0 0.000963306 0.00794248 -0.0055182 -0.000215898 -0.00669492 0.0161087 -0.00364249 0.00927586 -0.00518289 -0.00979696 -0.017936 -7.76978e-05 0.00825848 0.0223827 -0.00243726 -0.00600937 0.0141787 0.0259504 0 -0.0122767 -0.00365035 6.53763e-05 0.00602189 0.0114888 -0.0093413 -0.000464602 -0.00477474 0.00453807 0 0.0299715 -0.00946689 -0.0145908 -0.0185037 -0.00115425 0.0105839 -0.00771841 -0.00827572 -0.0149483 -0.0111993 -0.00405651 0.0157971 0.000722343 -0.0192463 -0.00861378 0.00934225 0.0153775 0.0239888 0.0355856 0.00625118 -0.0110046 0.0123955 0.0151605 0.0205795 0.026947 0.0117456 -0.00632477 -0.00534919 0.00164534 -0.00515162 0.00232772 0.0128372 0.00182684 0.00286018 0.00552873 -0.00194962 0.00778006 -0.00333826 -0.00567703 -0.0118257 0.00526328 -0.00387992 -0.000492406 0.00501994 0.00750671 0.0134606 0.00308671 0.0177821
internal_weight=0 8723.57 984.574 1949.49 424.87 308.019 116.851 1716.26 177.286 1538.97 801.376 374.604 737.594 281.256 99.2397 426.773 364.673 559.704 154.86 182.016 259.202 163.814 7738.99 636.376 472.46 163.916 7102.62 1539.82 512.457 437.441 75.0161 1027.37 630.05 120.515 397.317 138.936 258.381 301.125 208.565 545.141 295.263 408.169 5562.79 249.878 252.732 404.844 251.184 180.276 117.761 92.56 256.429 363.143 326.577 229.503 166.419 77.5585 147.796 456.338 4738.36 423.342 4315.02 187.289 4127.73 3448.99 1927.03 441.003 1486.02 678.74 383.062 243.23 1190.16 229.617 1521.96 519.267 960.538 400.993 559.545 338.004
internal_count=131412 106523 11571 24889 4536 3323 1213 21814 2429 19385 9966 4607 9419 3750 1420 5359 4490 7035 1774 2330 2802 1814 94952 9659 7452 2207 85293 18760 6777 5706 1071 11983 7436 1705 4547 1689 2858 3894 2699 6467 3613 6368 66533 2854 3090 5261 3236 2277 1431 1195 3218 5373 4910 3470 2391 1158 1956 5669 55696 5695 50001 2216 47785 39494 22416 5599 16817 8291 4953 3203 13770 2703 17078 6267 11067 4628 6439 3829
is_linear=0
shrinkage=0.0454652


end of trees

feature_importances:
Column_3=27
Column_11=27
Column_15=26
Column_27=26
Column_16=24
Column_13=22
Column_0=20
Column_6=20
Column_12=19
Column_30=18
Column_20=17
Column_21=16
Column_2=15
Column_18=15
Column_7=13
Column_14=13
Column_22=12
Column_28=11
Column_23=9
Column_4=6
Column_5=6
Column_29=6
Column_33=5
Column_10=4
Column_1=3
Column_17=3
Column_31=3
Column_9=2
Column_19=1
Column_25=1

parameters:
[boosting: gbdt]
[objective: binary]
[metric: auc]
[tree_learner: serial]
[device_type: cpu]
[data_sample_strategy: bagging]
[data: ]
[valid: ]
[num_iterations: 600]
[learning_rate: 0.0454652]
[num_leaves: 79]
[num_threads: 2]
[seed: 42]
[deterministic: 0]
[force_col_wise: 0]
[force_row_wise: 0]
[histogram_pool_size: -1]
[max_depth: -1]
[min_data_in_leaf: 525]
[min_sum_hessian_in_leaf: 0.001]
[bagging_fraction: 0.774687]
[pos_bagging_fraction: 1]
[neg_bagging_fraction: 1]
[bagging_freq: 1]
[bagging_seed: 42]
[feature_fraction: 0.515409]
[feature_fraction_bynode: 1]
[feature_fraction_seed: 42]
[extra_trees: 0]
[extra_seed: 12879]
[early_stopping_round: 0]
[early_stopping_min_delta: 0]
[first_metric_only: 0]
[max_delta_step: 0]
[lambda_l1: 1.07292]
[lambda_l2: 4.08529]
[linear_lambda: 0]
[min_gain_to_split: 0]
[drop_rate: 0.1]
[max_drop: 50]
[skip_drop: 0.5]
[xgboost_dart_mode: 0]
[uniform_drop: 0]
[drop_seed: 17869]
[top_rate: 0.2]
[other_rate: 0.1]
[min_data_per_group: 100]
[max_cat_threshold: 32]
[cat_l2: 10]
[cat_smooth: 10]
[max_cat_to_onehot: 4]
[top_k: 20]
[monotone_constraints: ]
[monotone_constraints_method: basic]
[monotone_penalty: 0]
[feature_contri: ]
[forcedsplits_filename: ]
[refit_decay_rate: 0.9]
[cegb_tradeoff: 1]
[cegb_penalty_split: 0]
[cegb_penalty_feature_lazy: ]
[cegb_penalty_feature_coupled: ]
[path_smooth: 0]
[interaction_constraints: ]
[verbosity: -1]
[saved_feature_importance_type: 0]
[use_quantized_grad: 0]
[num_grad_quant_bins: 4]
[quant_train_renew_leaf: 0]
[stochastic_rounding: 1]
[linear_tree: 0]
[max_bin: 255]
[max_bin_by_feature: ]
[min_data_in_bin: 3]
[bin_construct_sample_cnt: 200000]
[data_random_seed: 175]
[is_enable_sparse: 1]
[enable_bundle: 1]
[use_missing: 1]
[zero_as_missing: 0]
[feature_pre_filter: 1]
[pre_partition: 0]
[two_round: 0]
[header: 0]
[label_column: ]
[weight_column: ]
[group_column: ]
[ignore_column: ]
[categorical_feature: ]
[forcedbins_filename: ]
[precise_float_parser: 0]
[parser_config_file: ]
[objective_seed: 16083]
[num_class: 1]
[is_unbalance: 0]
[scale_pos_weight: 1]
[sigmoid: 1]
[boost_from_average: 1]
[reg_sqrt: 0]
[alpha: 0.9]
[fair_c: 1]
[poisson_max_delta_step: 0.7]
[tweedie_variance_power: 1.5]
[lambdarank_truncation_level: 30]
[lambdarank_norm: 1]
[label_gain: ]
[lambdarank_position_bias_regularization: 0]
[eval_at: ]
[multi_error_top_k: 1]
[auc_mu_weights: ]
[num_machines: 1]
[local_listen_port: 12400]
[time_out: 120]
[machine_list_filename: ]
[machines: ]
[gpu_platform_id: -1]
[gpu_device_id: -1]
[gpu_use_dp: 0]
[num_gpu: 1]

end of parameters

pandas_categorical:null
