tree
version=v4
num_class=1
num_tree_per_iteration=1
label_index=0
max_feature_idx=33
objective=binary sigmoid:1
feature_names=Column_0 Column_1 Column_2 Column_3 Column_4 Column_5 Column_6 Column_7 Column_8 Column_9 Column_10 Column_11 Column_12 Column_13 Column_14 Column_15 Column_16 Column_17 Column_18 Column_19 Column_20 Column_21 Column_22 Column_23 Column_24 Column_25 Column_26 Column_27 Column_28 Column_29 Column_30 Column_31 Column_32 Column_33
feature_infos=[0.22403052449226379:4.806818962097168] [0.027025075629353523:26.170040130615234] [0.17134076356887817:8.6935958862304688] [0.087584272027015686:1] [-28.67047119140625:41.262332916259766] [-36.190670013427734:42.326030731201172] [-36.841156005859375:62.500308990478516] [-41.300331115722656:63.120437622070312] [-22.455821990966797:30.680826187133789] [0:0.95389312505722046] [0:0.64536702632904053] [0:0.40022626519203186] [-0.51016271114349365:0.51874518394470215] [-0.15357083082199097:0.22172828018665314] [-45.028751373291016:17.161741256713867] [-6.6708002090454102:64.2962646484375] [0:1] [0:95] [0:95] [-1:1] [-29.775985717773438:44.984848022460938] [-30.525325775146484:55.0223388671875] [-2.8409864902496338:15.253066062927246] [0.049656935036182404:5.4310722351074219] [-1:1] [0:1] [0:0.99820786714553833] [-1:1] [-1:1] [-0.78183150291442871:0.97492790222167969] [-0.90096884965896606:1] [0:1] [0:1] [0.8888888955116272:4.5999999046325684]
tree_sizes=1736 1783 1804 1805 1753 1831 1810 1805 1797

Tree=0
num_leaves=15
num_cat=0
split_feature=32 11 29 28 15 14 15 12 13 13 3 3 29 28
split_gain=67.4632 67.2193 82.0833 79.2988 38.8442 58.0608 55.8942 36.4708 35.9081 37.1906 26.4125 24.6697 23.9852 26.4005
threshold=1.0000000180025095e-35 0.020521163009107116 -1.0000000180025095e-35 -0.45201864838600153 4.0440061092376718 -7.3545782566070548 19.352132797241214 0.01548515632748604 -0.069706074893474565 -0.042124276980757706 0.54229289293289196 0.4656559973955155 0.87837970256805431 0.43245348334312445
decision_type=2 2 2 2 2 2 2 2 2 2 2 2 2 2
left_child=4 10 11 -4 8 7 -7 -6 -1 -10 -2 -3 -5 -14
right_child=1 2 3 12 5 6 -8 -9 9 -11 -12 -13 13 -15
leaf_value=-1.0476363661904635 -1.0476135535852853 -1.0485393858486518 -1.0544555990547264 -1.0589921873317114 -1.0541790763639169 -1.0523242478833672 -1.0551081569249139 -1.0568929351025136 -1.0562608098236377 -1.0515640101276276 -1.0533151885827623 -1.0537277367147919 -1.0541027895868389 -1.0599351042167442
leaf_weight=174.8583337366581 96.142386518418789 113.98410025238991 981.28681378625333 1085.9770227540284 1489.3120022770017 2669.4381255339831 990.69645168073475 784.93903798796237 210.7788609713316 714.19071598909795 568.68649370409548 509.04223747551441 254.21958640962839 99.412671288475394
leaf_count=2813 1008 1216 13061 14044 19692 34065 12103 11078 3134 9414 7901 6824 3407 1273
internal_value=-1.05411 -1.05523 -1.05588 -1.05672 -1.05355 -1.05388 -1.05309 -1.05514 -1.05181 -1.05269 -1.05237 -1.05266 -1.05823 -1.05572
internal_weight=0 3708.75 3043.92 2420.9 7034.21 5934.39 3660.13 2274.25 1099.83 924.97 664.829 623.026 1439.61 353.632
internal_count=141033 48734 39825 31785 92299 76938 46168 30770 15361 12548 8909 8040 18724 4680
is_linear=0
shrinkage=1


Tree=1
num_leaves=15
num_cat=0
split_feature=27 11 29 0 15 13 16 3 6 13 27 16 13 33
split_gain=106.328 61.4516 84.9316 65.2835 44.5264 38.6201 77.8296 37.1036 31.3332 40.4376 29.0669 26.0579 23.7106 32.708
threshold=-0.49049438536167139 0.021799098700284961 -1.0000000180025095e-35 1.0396490693092348 19.352132797241214 -0.024216083809733387 0.15925959497690204 0.48448270559310919 -10.542767524719237 -0.069706074893474565 -0.87137606739997853 0.45485384762287145 -0.0069406500551849595 1.0013927817344668
decision_type=2 2 2 2 2 2 2 2 2 2 2 2 2 8
left_child=1 10 7 -4 5 6 8 -3 -2 -10 -1 -8 13 -7
right_child=4 2 3 -5 -6 12 11 -9 9 -11 -12 -13 -14 -15
leaf_value=0.0033016282188614724 -0.0014475315034710955 0.0065706279948400132 -0.004920558541429163 -0.0013430822597834621 -0.0011969199426827214 0.0037276321950260281 -0.0024398457832388873 0 0.008205875404947563 0.0014352123999867247 -0.00091664644949640767 0.0010242748082349375 0.0010675884499885585 -0.00092530165571304518
leaf_weight=335.01477508805692 110.94729860126972 101.9709166418761 1040.6637804731727 1132.8203519694507 1108.054593808949 817.66152177751064 971.98984972387552 447.76832276210189 158.50294224172831 246.59173007123172 298.74622783996165 263.44018154032528 3508.5825459957123 170.45930153876543
leaf_count=4577 1422 1031 12754 15936 13640 7641 13177 6120 2601 3853 3984 3259 45392 5437
internal_value=0 -0.0015203 -0.00218454 -0.00308577 0.000648317 0.000983087 -0.000270008 0.0012994 0.00297227 0.00428528 0.0012628 -0.00166683 0.00147979 0.00288335
internal_weight=0 3356.98 2723.22 2173.48 7356.23 6248.18 1751.47 549.739 516.042 405.095 633.761 1235.43 4496.7 988.121
internal_count=140824 44402 35841 28690 96422 82782 24312 7151 7876 6454 8561 16436 58470 13078
is_linear=0
shrinkage=0.0101079


Tree=2
num_leaves=15
num_cat=0
split_feature=27 11 22 15 13 13 13 13 27 2 15 14 17 23
split_gain=112.258 72.789 49.9831 45.2814 46.1567 45.1292 31.2406 39.287 29.4197 29.0742 25.0654 23.618 22.995 21.7851
threshold=-0.49049438536167139 0.017522839829325679 -0.20490457862615583 4.0440061092376718 -0.024216083809733387 0.039690144360065467 -0.069706074893474565 -0.042124276980757706 -0.87137606739997853 0.60391405224800121 9.4059095382690447 -25.57793045043945 51.500000000000007 0.54823487997055065
decision_type=2 2 2 2 2 2 2 2 2 2 2 2 2 2
left_child=1 8 9 6 10 -6 11 -8 -1 -3 13 -2 -9 -5
right_child=3 2 -4 4 5 -7 7 12 -10 -11 -12 -13 -14 -15
leaf_value=0.0042387615536867871 0.0019362211126963016 0.0013552220956563404 -0.00071345253638656196 -0.005605553342197994 0.0014902059019539929 -0.00049421919367762489 -0.0018328089117412129 -0.00030345206047456379 -0.00046069393569215562 -0.0038299400006172198 0.0011204118054412937 0.010083586493700693 0.0037761973122950212 -0.0014045626229577132
leaf_weight=269.29500987008214 89.367223249748349 104.33904148265719 1407.4110339898616 165.92695195041597 3343.2994979675859 1756.2732018586248 219.7297395542264 159.04653944075108 237.86647380888462 1358.3706161323935 267.86091122217476 89.069016614928842 602.72746648453176 685.95687715522945
leaf_count=3700 1434 951 19367 2294 43252 22350 3291 2265 3177 17351 3262 1381 7708 9394
internal_value=0 -0.00148565 -0.00211607 0.000736895 0.000385808 0.000799131 0.00256983 0.00177584 0.00198182 -0.00342741 -0.0014533 0.00646755 0.00287723 -0.00231245
internal_weight=0 3377.28 2870.12 7379.26 6219.32 5099.57 1159.94 981.504 507.161 1462.71 1119.74 178.436 761.774 851.884
internal_count=141177 44546 37669 96631 80552 65602 16079 13264 6877 18302 14950 2815 9973 11688
is_linear=0
shrinkage=0.0101079


Tree=3
num_leaves=15
num_cat=0
split_feature=11 32 29 22 21 13 6 15 33 30 15 3 11 28
split_gain=60.3353 64.7688 82.0478 106.021 42.8356 58.6312 37.1337 36.6779 26.9024 31.5445 47.0014 28.0234 24.5118 24.0283
threshold=0.017522839829325679 1.0000000180025095e-35 -1.0000000180025095e-35 -0.20490457862615583 -8.026021480560301 -0.034827454015612595 -10.542767524719237 19.352132797241214 0.9590476155281068 1.0000000180025095e-35 10.379884719848635 0.62719422578811657 0.1345208138227463 0.47136868536472326
decision_type=2 2 2 2 2 2 2 2 10 2 2 2 2 2
left_child=8 4 -3 -4 6 -6 -2 -7 -1 10 11 -10 -9 -8
right_child=1 2 3 -5 5 7 13 12 9 -11 -12 -13 -14 -15
leaf_value=-0.00086509562209283316 -0.0004443634345884461 0.0016437038148011526 -0.0047221028704611161 -0.00048151237553422001 -0.002529325992819324 0.00092915231111807904 0.0075072628422371227 -0.0029470073715687954 -0.0029800886776089304 0.0041698101079089295 0.0047128050993760833 0.0013751687537482101 9.8199257969393324e-05 0.0015061464822369605
leaf_weight=310.18349682167172 178.53290409035981 639.80485222116113 1090.6376391947269 1391.7673724591732 792.22907027415931 3563.8220805414021 181.30728746205568 457.06130013801157 260.57859095558524 565.37829487398267 237.92149019613862 326.47502218559384 585.70805095508695 145.07123496569693
leaf_count=9576 2110 8254 13555 19214 11179 46140 2566 5952 2478 5502 2205 3063 6903 2324
internal_value=0 -0.000354839 -0.00153227 -0.00236963 0.000262175 0 0.00305474 0.00043501 0.00171635 0.00232281 0.000981746 -0.000503358 -0.00120972 0.00505646
internal_weight=0 9025.94 3122.21 2482.41 5903.73 5398.82 504.911 4606.59 1700.54 1390.35 824.975 587.054 1042.77 326.379
internal_count=141021 118197 41023 32769 77174 70174 7000 58995 22824 13248 7746 5541 12855 4890
is_linear=0
shrinkage=0.0101079


Tree=4
num_leaves=15
num_cat=0
split_feature=27 29 11 22 21 13 13 9 27 33 9 5 13 12
split_gain=112.698 71.8054 92.4484 79.8154 42.1122 61.6208 44.6676 30.6173 34.5562 22.2784 23.6039 25.2077 20.7527 20.2548
threshold=-0.47136868536472315 -1.0000000180025095e-35 0.020521163009107116 -0.20490457862615583 -8.026021480560301 -0.034827454015612595 0.038991048932075507 0.29636430740356451 0.098011311143636717 0.94700106978416454 0.28429695963859564 -3.8925065994262691 -0.024216083809733387 -0.019013918004930016
decision_type=2 2 2 2 2 2 2 2 2 10 2 2 2 2
left_child=1 -1 -3 -4 7 -6 9 8 -2 -7 11 -11 -13 -12
right_child=4 2 3 -5 5 6 -8 -9 -10 10 13 12 -14 -15
leaf_value=0.0014096297770596843 0 0.001647112189092302 -0.004948456529880985 -0.0010802996140461855 -0.0020738724499984062 -0.00018965774897747282 -0.00046946106940726006 0 0.0071949116349680799 -0.00066413746045889213 0.0026335038183444024 0 0.0029625094074551437 -0.00049768506412234815
leaf_weight=673.94841478578746 100.74208213761449 496.65079686231911 1161.8966528009623 1091.3741865064949 820.94934026710689 679.34282691590488 1767.034836512059 195.02456619590521 245.55005684494972 243.29452025517821 286.1967474706471 260.3397106975317 2005.7819358222187 703.21454763039947
leaf_count=8967 1403 6651 14649 15122 11504 20903 22516 2612 3346 2245 2704 2526 19268 6608
internal_value=0 -0.00149868 -0.00222806 -0.00310279 0.000721475 0.000495412 0.000859201 0.00342719 0.00520156 0.00143063 0.0017565 0.00228009 0.00261516 0.000380649
internal_weight=0 3423.87 2749.92 2253.27 7307.47 6766.15 5945.21 541.317 346.292 4178.17 3498.83 2509.42 2266.12 989.411
internal_count=141024 45389 36422 29771 95635 88274 76770 7361 4749 54254 33351 24039 21794 9312
is_linear=0
shrinkage=0.0101079


Tree=5
num_leaves=15
num_cat=0
split_feature=11 29 31 1 3 29 33 23 16 13 4 13 30 16
split_gain=56.3508 36.5093 42.2182 35.2169 27.9184 30.2592 25.3691 22.9395 25.0613 30.5524 23.375 22.3515 21.7089 30.2611
threshold=0.016703154891729358 -1.0000000180025095e-35 1.0000000180025095e-35 0.78067460656166088 0.50183686614036571 1.0000000180025095e-35 0.9590476155281068 0.60547375679016124 0.26556310057640081 -0.025285544805228707 -0.48722831904888148 0.036479428410530097 1.0000000180025095e-35 0.62763077020645153
decision_type=2 2 2 2 2 2 10 2 2 2 2 2 2 2
left_child=6 7 3 4 -3 -6 -1 -2 -9 -10 -11 -5 13 -8
right_child=1 2 -4 11 5 -7 12 8 9 10 -12 -13 -14 -15
leaf_value=-0.00081846905467124068 0.0038879699160232787 -0.00074185113307529598 0.00066497456527617801 0.0002694526507262911 -0.00020221755375194334 -0.0038004243426955375 -0.00019271718713912675 0.0029676861073204149 -0.0043970661721187739 -0.0015122146114825413 0.0015085632755533274 -0.0016780833327475909 0.0039516733577825459 0.0038560374936655478
leaf_weight=293.65916195511818 236.21080113947392 1168.9547788146883 1900.8380007445812 2027.1339890565723 343.65499414503574 1022.5825479086488 512.61831768602133 326.43123951181769 144.34867995604873 388.51711595989764 732.06374419294298 835.19100206159055 533.62091090902686 275.36863934993744
leaf_count=9050 3555 15793 25051 26591 4672 13529 4823 4062 1826 4865 9178 10202 5174 2577
internal_value=0 -0.000292122 -0.000615469 -0.0010742 -0.00194278 -0.00293098 0.00175166 0.000974276 0.000499966 -0.000119016 0.000422187 -0.000287655 0.00235462 0.00119467
internal_weight=0 9125.93 7298.36 5397.52 2535.19 1366.24 1615.27 1827.57 1591.36 1264.93 1120.58 2862.32 1321.61 787.987
internal_count=140948 119324 95838 70787 33994 18201 21624 23486 19931 15869 14043 36793 12574 7400
is_linear=0
shrinkage=0.0101079


Tree=6
num_leaves=15
num_cat=0
split_feature=11 32 29 22 21 20 28 3 21 22 6 0 28 20
split_gain=59.4813 70.2022 72.7148 98.2238 43.0357 32.1207 49.6646 27.9245 25.0331 21.6303 20.0813 19.7884 18.8892 18.7452
threshold=0.017111334018409256 1.0000000180025095e-35 -1.0000000180025095e-35 -0.20490457862615583 -8.026021480560301 -4.1730756759643546 0.60003554821014415 0.90672487020492565 2.7130781412124638 -0.60802295804023732 -0.29414744675159449 0.54339656233787548 -0.71473535895347584 -0.81937956809997547
decision_type=2 2 2 2 2 2 2 2 2 2 2 2 2 2
left_child=8 4 9 -4 5 -2 -7 11 10 -3 13 -6 -5 -1
right_child=1 2 3 12 7 6 -8 -9 -10 -11 -12 -13 -14 -15
leaf_value=0.0010442303351884921 0.00032371740555951414 0.0053360784715510527 -0.0045734361785831346 0.0007822560645647954 -0.0021630321819136669 0.0098243159667420112 0.00071801008659843539 0.003971315461071134 0.0044101435466078432 0.00046847135929601913 -0.00025514544252260371 9.4804650230454518e-05 -0.0015459701607247218 0.0046198620282399188
leaf_weight=556.84455051273108 252.98673428408802 113.56030444614589 1104.2672464456409 607.42038487829268 422.87517975270748 129.61651475168765 131.62198853120208 171.65847547352314 299.7343813739717 525.09232414700091 575.16284453123808 4815.4836862236261 796.91803365387022 227.54470452852547
leaf_count=7123 3083 1324 13773 8074 7251 1810 2139 1913 3714 6963 8254 61142 11260 3161
internal_value=0 -0.00032358 -0.00154383 -0.00232406 0.000319005 0.00309228 0.00553746 4.39439e-05 0.00175369 0.00144945 0.00111706 -8.26249e-05 -0.000511472 0.00216715
internal_weight=0 9071.5 3147.26 2508.61 5924.24 514.225 261.239 5410.02 1659.29 638.653 1359.55 5238.36 1404.34 784.389
internal_count=140984 118732 41394 33107 77338 7032 3949 70306 22252 8287 18538 68393 19334 10284
is_linear=0
shrinkage=0.0101079


Tree=7
num_leaves=15
num_cat=0
split_feature=27 28 11 15 14 20 13 17 23 30 20 7 30 3
split_gain=104.293 61.4383 60.6806 38.9905 39.2174 65.9052 35.2652 39.9872 32.9884 31.6764 30.9818 32.0152 30.0047 29.2571
threshold=-0.49049438536167139 0.4904943853616715 0.020521163009107116 19.352132797241214 -7.3545782566070548 0.42811417579650884 -0.068125728517770753 48.500000000000007 1.5542938709259035 1.0000000180025095e-35 -0.71380013227462757 0.6299312710762025 -0.56174489110708226 0.48448270559310919
decision_type=2 2 2 2 2 2 2 2 2 2 2 2 2 2
left_child=1 2 -1 4 5 6 -2 -8 9 13 -6 12 -12 -4
right_child=3 -3 8 -5 10 -7 7 -9 -10 -11 11 -13 -14 -15
leaf_value=0.002319734366771417 0.004719020336793508 -0.0044256999998806947 0.0029053938795643706 -0.0010471990824320668 -0.0002824098500468676 -0.0019316372108516564 -0.0015992534723913775 0.0014995534122363749 6.2268493161638216e-05 -0.0041711636670503198 0.0011819973648497094 0.0016860643610740141 0.0065027973709969045 -0.001953772258014162
leaf_weight=500.00342861004174 249.72595023550093 588.98109137453139 141.63389691337943 1106.0688326526433 516.51289189793169 983.78084317594767 551.26991752535105 1678.887004300952 811.21581549756229 621.13382825627923 197.27445150539279 1764.3074236996472 325.43195779062808 699.44741783477366
leaf_count=6668 3718 7939 1439 13600 6408 13969 7499 22003 11335 7956 2783 22588 3979 9101
internal_value=0 -0.0014664 -0.000812967 0.000679592 0.000991703 0.000257578 0.00114559 0.000712623 -0.00152516 -0.00242915 0.00188112 0.00238671 0.00461695 -0.00106903
internal_weight=0 3362.42 2773.43 7373.26 6267.19 3463.66 2479.88 2230.16 2273.43 1462.22 2803.53 2287.01 522.706 841.081
internal_count=140985 44438 36499 96547 82947 47189 33220 29502 29831 18496 35758 29350 6762 10540
is_linear=0
shrinkage=0.0101079


Tree=8
num_leaves=15
num_cat=0
split_feature=27 29 11 22 15 2 29 21 17 7 28 2 16 22
split_gain=103.961 61.5935 80.9399 78.563 43.9747 37.0602 31.5319 25.2894 59.2754 40.9932 40.9461 22.3496 31.889 22.3818
threshold=-0.47136868536472315 -1.0000000180025095e-35 0.020521163009107116 -0.20490457862615583 19.168388366699222 0.75767469406127941 -0.60785761475563038 2.8348215818405156 48.500000000000007 1.3993915319442751 0.61734244227409374 0.9941501021385194 0.27404336631298071 -0.2918283343315124
decision_type=2 2 2 2 2 2 2 2 2 2 2 2 2 2
left_child=1 5 -3 -4 6 -1 -2 8 -8 -9 11 -10 13 -13
right_child=4 2 3 -5 -6 -7 7 9 10 -11 -12 12 -14 -15
leaf_value=0.0067643737621756574 0.00599227773573129 0.0015214967390039498 -0.0047889284973306381 -0.00094665873925333071 -0.0011257791609359429 0.00016322032394483748 -0.0008941067794540255 0.0059636612623929853 0.003439854371805968 0.0013001601019702906 -0.00029855463270661255 0.0059247238792448651 -0.0011305084958991704 0.0010812516229793548
leaf_weight=97.608223749324679 123.7404654789716 491.58608978800476 1147.2368283122778 1095.4046195596457 1119.5473469570279 584.72862658090889 1795.9842008743435 226.92701151221991 936.20897549390793 1412.842705283314 855.82281197048724 153.40164513140917 357.26113011687994 331.44489342160523
leaf_count=899 1603 6583 14554 15212 13861 8072 24359 2812 12575 18207 11847 1890 4349 4160
internal_value=0 -0.00143849 -0.00212091 -0.00293977 0.000695128 0.00123059 0.00103178 0.000916596 0.000505652 0.00199476 0.00147518 0.0023491 0.00106879 0.00276399
internal_weight=0 3416.56 2734.23 2242.64 7313.18 682.337 6193.63 6069.89 4430.12 1639.77 2634.14 1778.32 842.108 484.847
internal_count=140983 45320 36349 29766 95663 8971 81802 80199 59180 21019 34821 22974 10399 6050
is_linear=0
shrinkage=0.0101079


end of trees

feature_importances:
Column_13=16
Column_11=10
Column_29=10
Column_15=9
Column_27=8
Column_3=7
Column_22=7
Column_28=7
Column_16=5
Column_21=5
Column_20=4
Column_30=4
Column_33=4
Column_2=3
Column_6=3
Column_14=3
Column_17=3
Column_23=3
Column_32=3
Column_0=2
Column_7=2
Column_9=2
Column_12=2
Column_1=1
Column_4=1
Column_5=1
Column_31=1

parameters:
[boosting: gbdt]
[objective: binary]
[metric: auc]
[tree_learner: serial]
[device_type: cpu]
[data_sample_strategy: bagging]
[data: ]
[valid: ]
[num_iterations: 600]
[learning_rate: 0.0101079]
[num_leaves: 15]
[num_threads: 2]
[seed: 2024]
[deterministic: 0]
[force_col_wise: 0]
[force_row_wise: 0]
[histogram_pool_size: -1]
[max_depth: -1]
[min_data_in_leaf: 1280]
[min_sum_hessian_in_leaf: 0.001]
[bagging_fraction: 0.829452]
[pos_bagging_fraction: 1]
[neg_bagging_fraction: 1]
[bagging_freq: 1]
[bagging_seed: 2024]
[feature_fraction: 0.727545]
[feature_fraction_bynode: 1]
[feature_fraction_seed: 2024]
[extra_trees: 0]
[extra_seed: 29642]
[early_stopping_round: 0]
[early_stopping_min_delta: 0]
[first_metric_only: 0]
[max_delta_step: 0]
[lambda_l1: 4.00664]
[lambda_l2: 7.63247]
[linear_lambda: 0]
[min_gain_to_split: 0]
[drop_rate: 0.1]
[max_drop: 50]
[skip_drop: 0.5]
[xgboost_dart_mode: 0]
[uniform_drop: 0]
[drop_seed: 2449]
[top_rate: 0.2]
[other_rate: 0.1]
[min_data_per_group: 100]
[max_cat_threshold: 32]
[cat_l2: 10]
[cat_smooth: 10]
[max_cat_to_onehot: 4]
[top_k: 20]
[monotone_constraints: ]
[monotone_constraints_method: basic]
[monotone_penalty: 0]
[feature_contri: ]
[forcedsplits_filename: ]
[refit_decay_rate: 0.9]
[cegb_tradeoff: 1]
[cegb_penalty_split: 0]
[cegb_penalty_feature_lazy: ]
[cegb_penalty_feature_coupled: ]
[path_smooth: 0]
[interaction_constraints: ]
[verbosity: -1]
[saved_feature_importance_type: 0]
[use_quantized_grad: 0]
[num_grad_quant_bins: 4]
[quant_train_renew_leaf: 0]
[stochastic_rounding: 1]
[linear_tree: 0]
[max_bin: 255]
[max_bin_by_feature: ]
[min_data_in_bin: 3]
[bin_construct_sample_cnt: 200000]
[data_random_seed: 6648]
[is_enable_sparse: 1]
[enable_bundle: 1]
[use_missing: 1]
[zero_as_missing: 0]
[feature_pre_filter: 1]
[pre_partition: 0]
[two_round: 0]
[header: 0]
[label_column: ]
[weight_column: ]
[group_column: ]
[ignore_column: ]
[categorical_feature: ]
[forcedbins_filename: ]
[precise_float_parser: 0]
[parser_config_file: ]
[objective_seed: 12337]
[num_class: 1]
[is_unbalance: 0]
[scale_pos_weight: 1]
[sigmoid: 1]
[boost_from_average: 1]
[reg_sqrt: 0]
[alpha: 0.9]
[fair_c: 1]
[poisson_max_delta_step: 0.7]
[tweedie_variance_power: 1.5]
[lambdarank_truncation_level: 30]
[lambdarank_norm: 1]
[label_gain: ]
[lambdarank_position_bias_regularization: 0]
[eval_at: ]
[multi_error_top_k: 1]
[auc_mu_weights: ]
[num_machines: 1]
[local_listen_port: 12400]
[time_out: 120]
[machine_list_filename: ]
[machines: ]
[gpu_platform_id: -1]
[gpu_device_id: -1]
[gpu_use_dp: 0]
[num_gpu: 1]

end of parameters

pandas_categorical:null
