tree
version=v4
num_class=1
num_tree_per_iteration=1
label_index=0
max_feature_idx=33
objective=binary sigmoid:1
feature_names=Column_0 Column_1 Column_2 Column_3 Column_4 Column_5 Column_6 Column_7 Column_8 Column_9 Column_10 Column_11 Column_12 Column_13 Column_14 Column_15 Column_16 Column_17 Column_18 Column_19 Column_20 Column_21 Column_22 Column_23 Column_24 Column_25 Column_26 Column_27 Column_28 Column_29 Column_30 Column_31 Column_32 Column_33
feature_infos=[0.22403052449226379:4.806818962097168] [0.027025075629353523:26.170040130615234] [0.17134076356887817:8.6935958862304688] [0.087584272027015686:1] [-28.67047119140625:41.262332916259766] [-36.190670013427734:42.326030731201172] [-36.841156005859375:62.500308990478516] [-41.300331115722656:63.120437622070312] [-22.455821990966797:30.680826187133789] [0:0.95389312505722046] [0:0.64536702632904053] [0:0.40022626519203186] [-0.51016271114349365:0.51874518394470215] [-0.15599349141120911:0.22172828018665314] [-45.028751373291016:17.161741256713867] [-6.6708002090454102:64.2962646484375] [0:1] [0:95] [0:95] [-1:1] [-29.775985717773438:44.984848022460938] [-30.525325775146484:55.0223388671875] [-2.8409864902496338:15.253066062927246] [0.049656935036182404:5.4310722351074219] [-1:1] [0:1] [0:0.99820786714553833] [-1:1] [-1:1] [-0.78183150291442871:0.97492790222167969] [-0.90096884965896606:1] [0:1] [0:1] [0.8888888955116272:4.5999999046325684]
tree_sizes=8605 8738

Tree=0
num_leaves=79
num_cat=0
split_feature=28 14 12 14 21 3 21 7 28 12 18 30 18 30 3 30 12 3 12 18 28 3 3 11 14 17 4 12 3 14 18 11 21 3 14 21 30 3 12 3 11 28 3 18 28 18 7 3 14 3 12 7 12 21 3 28 11 14 3 4 12 12 9 30 28 11 3 33 11 21 3 12 3 30 28 7 33 12
split_gain=48.2464 37.9333 41.5083 35.0473 57.2395 37.6085 34.4123 34.0563 30.3237 27.0962 25.4821 31.3923 19.7982 31.6839 33.393 34.8001 29.4961 32.4995 30.1565 32.3231 27.3854 22.0707 19.4273 25.1927 18.7332 17.772 17.701 26.1836 17.4773 22.7011 38.8403 19.6082 19.4362 16.5328 17.4437 15.5628 25.8963 21.2404 17.3778 16.5626 19.2703 16.443 15.2197 15.1569 28.1616 14.9619 14.6614 15.586 13.8866 13.8457 13.3751 13.2222 13.1392 13.0346 25.1907 16.8237 14.1541 13.8454 12.4274 12.4252 12.3415 12.1664 11.7779 11.7651 11.7156 11.4398 11.3768 19.9651 11.315 17.067 16.3383 18.672 11.2765 17.8714 10.889 10.7429 10.2795 10.1391
threshold=-0.91080963611602772 -2.6509485244750972 0.071059763431549086 -7.2814927101135245 10.288880825042726 0.90607535839080822 10.661163806915285 1.0000000180025095e-35 -0.05451125651597976 0.097050823271274581 72.500000000000014 1.0000000180025095e-35 14.500000000000002 -0.56174489110708226 0.33623214066028601 0.81174489855766307 0.061574697494506843 0.49485990405082708 -0.0031093446305021639 30.500000000000004 0.4904943853616715 0.6414182484149934 0.67784518003463756 0.016974135302007202 -3.6436911821365352 19.500000000000004 0.98445922136306774 0.093311827629804625 0.49010795354843145 -12.992458343505858 69.500000000000014 0.076149780303239836 -1.7985332608222959 0.47206412255764013 -1.6455796957015989 3.9517978429794316 0.81174489855766307 0.78356212377548229 0.0038067519199103121 0.54569253325462352 0.036321101710200317 -0.29026740789413447 0.95792067050933849 59.500000000000007 0.24825246632099154 92.500000000000014 16.574986457824711 0.26765163242816931 -13.82682943344116 0.50443458557128917 -0.020485357381403443 12.494228839874269 0.017017996869981292 -0.50873422622680653 0.39331275224685674 -0.2693240344524383 0.031149669550359253 -8.9278221130371076 0.36315657198429113 -0.74054893851280201 0.084852974861860289 0.053253995254635818 0.052380841225385673 1.0000000180025095e-35 0.16288578510284427 0.071314208209514632 0.62341362237930309 0.99736112356185924 0.020433411002159122 -4.0497522354125968 0.63264960050582897 -0.082999270409345613 0.71826893091201793 -0.56174489110708226 0.52803644537925731 11.191946029663088 1.0013927817344668 0.08330074325203897
decision_type=2 2 2 2 2 2 2 2 2 2 2 2 2 2 2 2 2 2 2 2 2 2 2 2 2 2 2 2 2 2 2 2 2 2 2 2 2 2 2 2 2 2 2 2 2 2 2 2 2 2 2 2 2 2 2 2 2 2 2 2 2 2 2 2 2 2 2 10 2 2 2 2 2 2 2 2 8 2
left_child=22 3 6 12 5 7 8 77 -3 24 35 -12 51 21 20 53 17 18 19 -17 50 28 23 -1 -6 -13 27 -4 29 30 31 -14 48 34 75 37 41 38 39 40 -9 -37 -7 59 -45 63 47 -25 -30 -28 -15 68 -52 54 -16 -55 -57 -56 -36 -19 -49 -8 -23 -35 -20 -42 -11 -68 -2 70 71 -70 73 -29 -64 -10 -43 -5
right_child=1 2 26 4 9 42 61 10 33 66 11 25 13 14 15 16 -18 43 64 -21 -22 62 -24 46 -26 -27 49 72 32 -31 -32 -33 -34 45 58 36 -38 -39 -40 -41 65 76 -44 44 -46 -47 -48 60 -50 -51 52 -53 -54 55 57 56 -58 -59 -60 -61 -62 -63 74 -65 -66 -67 67 -69 69 -71 -72 -73 -74 -75 -76 -77 -78 -79
leaf_value=-0.89996142956602931 -0.88300838608152055 -0.8668824738969817 -0.88674543147563067 -0.8885884784713779 -0.81753314215608119 -0.84608822398032801 -0.89020933144985015 -0.88267600767967103 -0.88633870447864271 -0.8874617374328686 -0.87659374453053041 -0.87831530896482812 -0.84690369452750003 -0.84954206873771931 -0.85012724817484997 -0.86145928793732174 -0.89010654573704318 -0.88999458237528517 -0.84831203908123975 -0.80742265946180003 -0.89815711746747717 -0.85623585071477892 -0.87172683007944651 -0.85879359782981557 -0.86235112366358901 -0.90070996086470623 -0.86135306821987234 -0.8713528645314601 -0.84641155740821883 -0.87365518012954768 -0.83399721177801678 -0.88108326183850894 -0.83013204925518658 -0.82359967780344834 -0.83238300092094974 -0.87018334421467636 -0.85662902595304824 -0.89230078509196975 -0.8785818905733529 -0.84825168118776961 -0.84964844316615007 -0.89818991045942553 -0.87114204947226892 -0.88131529776085149 -0.83505940596446404 -0.86274561387883375 -0.89435882582374859 -0.88229768956011667 -0.87566455765444196 -0.88301484464178603 -0.89225663582907733 -0.89649095644945342 -0.86482756531648108 -0.86703796608434203 -0.87793797509241323 -0.87192994837465532 -0.89827420877029118 -0.86022532595331946 -0.86342532531989613 -0.86673234017406764 -0.86329139828063139 -0.86443046475317675 -0.88019695672526133 -0.85148878088183499 -0.88109223611218024 -0.87132917661783704 -0.88303431639940955 -0.84467433200327902 -0.90336111742833769 -0.86451568422164837 -0.87096728772902099 -0.87779187633523492 -0.87013123830701644 -0.8390020306867948 -0.86252773493392032 -0.85957662432442106 -0.8735646085139781 -0.90950759859473396
leaf_weight=169.78559418767691 269.49969916976988 352.40555216930807 94.0230453312397 495.99633638001978 45.782264389097691 77.623039064928889 90.568962879478931 111.21669662557542 49.50253595970571 42.071609124541283 520.20741680450737 113.08922434784472 47.466117164120078 36.11468430608511 91.949769770726562 41.359756981953979 60.248564150184393 60.483169347047806 39.662020120769739 64.413581170141697 171.21636654995382 81.100996220484376 346.85762240178883 69.59054096788168 40.827739944681525 253.81130840443075 66.382671618834138 62.348981713876128 67.971971599385142 221.44844510219991 109.12332748807967 99.601429760456085 83.538355655968189 106.94904911890626 62.001384530216455 83.319265328347683 67.949899304658175 70.666218282654881 176.39617197960615 127.08350677974522 107.92180681787431 173.71221425384283 144.91199130192399 39.840027913451195 66.59104747697711 56.589883370324969 144.06446758657694 737.73266427963972 56.390564946457744 401.51458601281047 72.083308966830373 56.274122163653374 62.506753737106919 84.313897117972374 555.99547507613897 54.401417275890708 138.4963304977864 104.27195116505027 59.286852518096566 173.73369130305946 72.343849241733551 57.071045860648155 246.70810572057962 69.785282639786601 40.316087381914258 102.9061041213572 43.605114363133907 61.725988239049911 75.919861081987619 357.00634843297303 462.56322027742863 257.20541223324835 130.46166443824768 91.305303489789367 96.221629712730646 67.852259518578649 45.760523200035095 57.215178772807121
leaf_count=1948 3333 3958 980 5882 710 942 1120 1307 579 503 6246 1386 593 584 955 552 854 752 499 808 2295 1022 4065 1015 501 3017 573 595 650 3015 1584 1327 1194 1034 660 1035 792 727 2149 1367 1320 1455 1975 477 923 528 1774 9019 712 4435 1043 588 906 1013 6989 773 1690 1233 583 2073 787 555 3158 662 565 1015 1088 583 999 4451 5615 3449 1370 834 1213 745 1211 508
internal_value=-0.873565 -0.872388 -0.866503 -0.87381 -0.877659 -0.879529 -0.860113 -0.881134 -0.856488 -0.856319 -0.878261 -0.883936 -0.871309 -0.869223 -0.872735 -0.869975 -0.86117 -0.857664 -0.842485 -0.826872 -0.885526 -0.863097 -0.881063 -0.883814 -0.836666 -0.894067 -0.873816 -0.866602 -0.858065 -0.863175 -0.854069 -0.869952 -0.846981 -0.848954 -0.858179 -0.873565 -0.880998 -0.869519 -0.866763 -0.862011 -0.867839 -0.886778 -0.86185 -0.866353 -0.852462 -0.840152 -0.880995 -0.878665 -0.859701 -0.879759 -0.872856 -0.875605 -0.879284 -0.874975 -0.871916 -0.883351 -0.890717 -0.875002 -0.846343 -0.873123 -0.880497 -0.879945 -0.871416 -0.833595 -0.864979 -0.85976 -0.868873 -0.860761 -0.874681 -0.87275 -0.876411 -0.884054 -0.859674 -0.851423 -0.875027 -0.871317 -0.893243 -0.891087
internal_weight=0 9327.89 1818.05 7509.84 2963.8 2729.79 972.013 2507.25 824.373 234.013 1954.04 887.108 4546.04 3067.57 1958 1616.08 586.648 526.399 185.751 105.773 341.921 1109.57 1540.37 1193.52 86.61 366.901 846.036 378.139 685.54 477.639 256.191 147.068 207.901 471.967 238.643 1066.93 370.742 696.191 625.524 449.128 322.045 302.792 222.535 340.648 106.431 233.324 1023.73 879.667 124.363 467.897 170.705 1478.47 134.59 1029.43 752.217 277.212 192.898 660.267 121.288 234.217 810.077 147.64 424.031 176.734 79.9781 210.828 147.403 105.331 1422.19 1152.69 795.688 333.125 284.116 153.654 342.93 117.355 219.473 553.212
internal_count=131425 112817 19211 93606 35719 32334 10424 29417 8749 3385 23027 10649 57887 39452 24984 20156 7503 6649 2424 1360 4828 14468 18608 14543 1211 4403 8787 3779 9075 6519 3504 1920 2556 4791 2567 12378 4493 7885 7158 5009 3642 3701 2917 4225 1400 2224 12595 10821 1362 5008 2533 18435 1949 12653 9177 3476 2463 8222 1243 2825 9806 1675 5393 1696 1064 2335 2174 1671 17847 14514 10063 4448 2799 1429 4371 1324 2666 6390
is_linear=0
shrinkage=1


Tree=1
num_leaves=79
num_cat=0
split_feature=29 13 0 13 13 29 28 10 28 8 27 28 30 5 27 10 15 27 12 5 27 27 13 6 0 27 6 13 13 13 12 12 12 12 15 13 27 0 13 5 12 0 13 13 6 29 10 13 10 12 13 13 29 0 29 27 30 5 13 10 0 5 12 5 33 0 4 4 5 13 15 6 27 27 5 13 29 13
split_gain=42.1852 38.5837 44.0104 34.0721 29.1918 30.9688 28.3601 28.0591 50.6367 24.8197 23.9165 23.5297 36.2449 45.5688 34.9827 34.6877 32.027 29.0684 25.2163 23.053 23.013 24.8399 23.8989 20.9718 20.5841 19.9106 35.0034 19.8642 34.3744 21.1329 26.4668 34.7643 31.6305 23.8946 24.1911 19.7774 17.2576 20.7911 17.1345 16.976 22.3242 16.402 16.3213 16.255 18.3281 16.0745 16.0446 15.0187 14.3025 13.9238 13.2148 13.1741 17.8059 12.8232 12.9276 15.998 12.7972 12.5678 22.164 12.51 19.4608 18.6053 15.8235 12.3174 12.1616 14.6269 11.6177 11.4961 11.4666 10.6532 10.4783 10.3934 21.7918 19.0078 15.9237 13.3451 19.5979 13.4835
threshold=-0.60785761475563038 -0.026171639561653134 0.69562870264053356 -0.088323265314102159 -0.012609520461410282 -1.0000000180025095e-35 0.8491516411304475 0.11478690057992937 0.50938662886619579 0.44757799804210668 0.076279435306787505 -0.076279435306787477 1.0000000180025095e-35 1.1457213759422304 0.054511256515979774 0.050997527316212661 24.462561607360843 -0.91959547996520985 0.072313752025365843 1.845059931278229 -0.72982063889503468 0.11969653144478799 0.059476563706994064 5.4036526679992685 0.7647795081138612 0.24825246632099154 -5.8602464199066153 0.076889153569936766 0.098838772624731078 0.02109008934348822 -0.027504671365022656 0.012392759788781406 0.039016036316752441 0.037508165463805206 7.5515322685241708 0.06467971578240396 0.5464349389076234 0.91501170396804821 -0.040831876918673508 5.6421654224395761 0.022290895693004135 0.69250875711441051 0.028548175469040874 0.030644979327917102 0.91182780265808117 0.87837970256805431 0.1468789801001549 0.015843980014324192 0.034570099785923965 0.042132964357733733 0.076889153569936766 -0.053877260535955422 1.0000000180025095e-35 0.96508130431175243 1.0000000180025095e-35 -0.29026740789413447 -0.56174489110708226 -1.0187453031539915 0.015439683571457865 0.24995037168264392 1.1764501929283144 6.1501455307006845 0.036776756867766387 5.8850958347320566 1.6250000000000002 0.56386569142341625 -1.5277168750762937 0.41051232814788824 0.98517197370529186 -0.0078617664985358698 2.5569766759872441 -3.2278786897659297 0.41268247365951544 0.31107263267040258 -2.6992819309234615 0.035455131903290756 0.87837970256805431 0.020615627057850364
decision_type=2 2 2 2 2 2 2 2 2 2 2 2 2 2 2 2 2 2 2 2 2 2 2 2 2 2 2 2 2 2 2 2 2 2 2 2 2 2 2 2 2 2 2 2 2 2 2 2 2 2 2 2 2 2 2 2 2 2 2 2 2 2 2 2 8 2 2 2 2 2 2 2 2 2 2 2 2 2
left_child=-1 2 3 -2 5 -3 7 8 45 -10 64 24 14 16 15 43 69 47 27 -8 22 42 23 -15 48 26 -7 29 -29 33 -31 -32 -33 34 41 63 37 70 51 40 -23 -16 -22 68 -45 49 -38 -17 -6 66 57 52 -12 54 -28 -56 -40 58 -19 62 61 -61 71 -20 65 -5 -4 -59 -13 -14 -9 73 -73 -26 -75 76 77 -74
right_child=1 4 6 10 11 25 19 36 9 -11 38 12 13 20 18 17 -18 50 35 -21 21 39 -24 -25 59 -27 53 28 -30 30 31 32 -34 -35 -36 -37 46 -39 56 -41 -42 -43 -44 44 -46 -47 -48 -49 -50 -51 -52 -53 -54 -55 55 -57 -58 67 -60 60 -62 -63 -64 -65 -66 -67 -68 -69 -70 -71 -72 72 75 74 -76 -77 -78 -79
leaf_value=-0.023142484729770169 -0.015702377898351449 -0.024286735222133232 -0.0054978931427458137 0.019770763674496684 0.003261825504268416 0.0086995671407984927 -0.0016527580352977704 0.00024187471232988716 0.01785391056848093 0.059153809611303031 0.032872197535575381 -0.00045363394934772126 0.0064270309541205268 0.024927278863837953 0.029205262165025166 0.020879344185615281 0.023747359216052977 0.03673495107261332 -0.032637896808579037 -0.035405704419485103 -0.033951699021147835 -0.0041547531295493389 0.044955357478943116 -0.0084840877094111925 0.0013470930345309529 0.0040338189474289892 -0.0049525694444668622 -0.031122737491983597 0.018026339370363808 0.035892315170467079 -0.0081365044617502102 0.036005465956904056 0 0.021733091054847269 -0.016454441925222611 0.0088002592957910682 0.0046238616409450114 -0.0030245635963674477 0.040279511428147924 -0.0078822359146259006 0.026646031692744526 -0.0021037548047365484 -0.0010833036460387421 -0.026504634589390182 0.0071287948498060172 -0.010245013769631406 -0.01750540462716578 -0.0027309418433925721 -0.018842963060251933 -0.0094821288481077518 0.0043468439832117329 -0.017616116948463663 -0.0061844352007017576 -0.0072968706632011047 -0.048730133195859039 -0.015160846971748246 0.0070354017722948055 0.046368816234056136 -0.0036507632597649539 0.0019130183862188488 -0.0036948042748801467 0.036851942613210849 -0.0062292779384864284 -0.0031266330654815557 0.0082836619438983999 0.043701102286637795 0.013209330936196084 0.023674250912402682 0.024076029242443814 -0.01405577289720614 0.027721842057996153 -0.0016512120255109744 0.015150586372291185 -0.0048382582095627732 -0.029782727292429388 0.0004598114826163783 -0.0018567558988377083 0.041822433115400154
leaf_weight=153.15941271558404 59.081611363217235 194.27720002830029 74.933343490585685 129.51664147526026 74.423436425626278 137.72866327129304 111.88503795303404 48.592144168913364 92.451618745923042 49.933088734745979 35.273759242147207 86.611477579921484 51.121886916458607 75.410183072090149 45.39756447263062 82.602721929550171 49.378211623057723 46.924865894019604 86.88633387349546 66.460962809622288 54.571244522929192 72.660901380702853 50.754085376858711 70.003480419516563 421.35936761088669 346.92329045571387 51.581295361742377 74.063787788152695 42.468850303441286 86.123768111690879 153.65268901921809 110.83080278337002 92.15872835367918 76.544507645070553 190.20855546183884 53.567338777706027 91.63249328546226 319.24683511443436 43.387477897107601 91.656771514564753 124.58488218672574 105.31450416706502 74.300582319498062 72.102798296138644 54.05678347684443 121.73274849541485 214.28417752683163 145.75202381797135 238.83447755873203 79.496345764026046 54.812615517526865 58.503808697685599 55.906049346551299 147.3839988168329 68.06251772120595 67.856028297916055 61.640992445871234 119.83650412596762 56.787609586492181 64.441496876999736 135.34704331681132 65.10987220145762 1209.3489585276693 50.20183720625937 64.339971581473947 124.22734655439854 435.8318510428071 122.78615755401552 62.666931178420782 683.34893057309091 81.948420086875558 864.10886226221919 154.94924059137702 146.58014144189656 86.382299585267901 185.99155573733151 83.720684569329023 59.466734366491437
leaf_count=1864 1104 2158 992 1064 1120 1718 1254 630 1113 597 569 1223 581 961 760 1035 631 552 927 689 678 900 454 832 5177 4567 713 982 569 1004 1966 1229 991 795 2326 606 1097 4302 648 954 1448 1105 779 858 609 1540 2398 1858 3230 846 668 837 942 2016 790 871 755 1412 703 634 1659 571 14298 526 1679 895 5104 1381 696 8191 1000 10185 1991 1717 967 2254 912 648
internal_value=0 0.000575817 0.00562273 0.0159068 -0.000896651 -0.00810781 0.00193403 0.00387428 0.00951141 0.0339164 0.0193398 0.000107589 0.00281725 -0.00281124 0.00663518 0.0133295 -0.0100775 0.0191855 0.00137599 -0.0150094 0.00639233 0.000197932 0.0190676 0.00872414 -0.00236086 -0.0041118 -0.0101768 0.00437606 -0.0128027 0.00680916 0.0136845 0.00784063 0.020092 -0.000429064 -0.00574479 -0.0135128 -0.00245158 0.00312822 0.00848084 0.00770498 0.0152034 0.00753391 -0.015984 0 -0.0119473 0.00439713 -0.010746 0.0058166 -0.0134632 0.00754859 0.02654 -0.0011691 0.00917466 -0.0180953 -0.0259922 -0.0332508 0.0222096 0.0298216 0.014869 -0.0013319 0.00805214 0.0204274 -0.00213025 -0.0225796 0.0276662 0.0321825 0.0103482 0.0356635 0.00989285 -0.0125364 0.0181728 0.00032849 0.00263115 -0.00432896 -0.0146473 0.0103244 0.0162276 0.0234147
internal_weight=0 10694.3 2420.31 631.878 8274.03 1013.81 1788.43 1610.08 854.379 142.385 572.796 7260.22 3470.15 1397.79 2072.36 904.94 783.849 629.502 1167.42 178.346 613.942 417.774 196.168 145.414 3790.06 819.536 472.613 976.764 116.533 860.231 442.766 356.642 202.99 417.465 340.921 190.656 755.704 449.787 254.712 288.903 197.246 150.712 128.872 275.438 126.16 711.994 305.917 228.355 313.258 590.262 401.148 149.684 91.1798 334.884 187.5 135.919 105.028 346.335 103.712 3476.81 264.898 129.551 3211.91 137.088 318.084 253.744 510.765 242.623 149.278 734.471 130.541 2002.56 1348.24 654.322 232.962 484.128 298.137 214.416
internal_count=131305 129441 30055 8493 99386 12833 21562 19619 10192 1710 7389 86553 41190 16409 24781 10995 9403 7609 13786 1943 7006 4759 2247 1793 45363 10675 6108 11727 1551 10176 5190 4186 2220 4986 4191 2059 9427 5932 3751 3302 2348 1865 1457 3386 1467 8482 3495 2893 4350 6942 4716 2348 1511 4390 2374 1661 1403 4048 1255 41013 2864 1205 38149 1453 3638 1959 6096 2793 1919 8772 1630 23851 15990 7861 2684 5805 3551 2639
is_linear=0
shrinkage=0.0454652


end of trees

feature_importances:
Column_12=20
Column_13=18
Column_3=17
Column_28=11
Column_27=10
Column_5=8
Column_30=8
Column_0=7
Column_14=7
Column_11=6
Column_18=6
Column_21=6
Column_29=6
Column_10=5
Column_4=4
Column_6=4
Column_7=4
Column_15=3
Column_33=3
Column_8=1
Column_9=1
Column_17=1

parameters:
[boosting: gbdt]
[objective: binary]
[metric: auc]
[tree_learner: serial]
[device_type: cpu]
[data_sample_strategy: bagging]
[data: ]
[valid: ]
[num_iterations: 600]
[learning_rate: 0.0454652]
[num_leaves: 79]
[num_threads: 2]
[seed: 2024]
[deterministic: 0]
[force_col_wise: 0]
[force_row_wise: 0]
[histogram_pool_size: -1]
[max_depth: -1]
[min_data_in_leaf: 525]
[min_sum_hessian_in_leaf: 0.001]
[bagging_fraction: 0.774687]
[pos_bagging_fraction: 1]
[neg_bagging_fraction: 1]
[bagging_freq: 1]
[bagging_seed: 2024]
[feature_fraction: 0.515409]
[feature_fraction_bynode: 1]
[feature_fraction_seed: 2024]
[extra_trees: 0]
[extra_seed: 29642]
[early_stopping_round: 0]
[early_stopping_min_delta: 0]
[first_metric_only: 0]
[max_delta_step: 0]
[lambda_l1: 1.07292]
[lambda_l2: 4.08529]
[linear_lambda: 0]
[min_gain_to_split: 0]
[drop_rate: 0.1]
[max_drop: 50]
[skip_drop: 0.5]
[xgboost_dart_mode: 0]
[uniform_drop: 0]
[drop_seed: 2449]
[top_rate: 0.2]
[other_rate: 0.1]
[min_data_per_group: 100]
[max_cat_threshold: 32]
[cat_l2: 10]
[cat_smooth: 10]
[max_cat_to_onehot: 4]
[top_k: 20]
[monotone_constraints: ]
[monotone_constraints_method: basic]
[monotone_penalty: 0]
[feature_contri: ]
[forcedsplits_filename: ]
[refit_decay_rate: 0.9]
[cegb_tradeoff: 1]
[cegb_penalty_split: 0]
[cegb_penalty_feature_lazy: ]
[cegb_penalty_feature_coupled: ]
[path_smooth: 0]
[interaction_constraints: ]
[verbosity: -1]
[saved_feature_importance_type: 0]
[use_quantized_grad: 0]
[num_grad_quant_bins: 4]
[quant_train_renew_leaf: 0]
[stochastic_rounding: 1]
[linear_tree: 0]
[max_bin: 255]
[max_bin_by_feature: ]
[min_data_in_bin: 3]
[bin_construct_sample_cnt: 200000]
[data_random_seed: 6648]
[is_enable_sparse: 1]
[enable_bundle: 1]
[use_missing: 1]
[zero_as_missing: 0]
[feature_pre_filter: 1]
[pre_partition: 0]
[two_round: 0]
[header: 0]
[label_column: ]
[weight_column: ]
[group_column: ]
[ignore_column: ]
[categorical_feature: ]
[forcedbins_filename: ]
[precise_float_parser: 0]
[parser_config_file: ]
[objective_seed: 12337]
[num_class: 1]
[is_unbalance: 0]
[scale_pos_weight: 1]
[sigmoid: 1]
[boost_from_average: 1]
[reg_sqrt: 0]
[alpha: 0.9]
[fair_c: 1]
[poisson_max_delta_step: 0.7]
[tweedie_variance_power: 1.5]
[lambdarank_truncation_level: 30]
[lambdarank_norm: 1]
[label_gain: ]
[lambdarank_position_bias_regularization: 0]
[eval_at: ]
[multi_error_top_k: 1]
[auc_mu_weights: ]
[num_machines: 1]
[local_listen_port: 12400]
[time_out: 120]
[machine_list_filename: ]
[machines: ]
[gpu_platform_id: -1]
[gpu_device_id: -1]
[gpu_use_dp: 0]
[num_gpu: 1]

end of parameters

pandas_categorical:null
