tree
version=v4
num_class=1
num_tree_per_iteration=1
label_index=0
max_feature_idx=33
objective=binary sigmoid:1
feature_names=Column_0 Column_1 Column_2 Column_3 Column_4 Column_5 Column_6 Column_7 Column_8 Column_9 Column_10 Column_11 Column_12 Column_13 Column_14 Column_15 Column_16 Column_17 Column_18 Column_19 Column_20 Column_21 Column_22 Column_23 Column_24 Column_25 Column_26 Column_27 Column_28 Column_29 Column_30 Column_31 Column_32 Column_33
feature_infos=[0.22403052449226379:4.806818962097168] [0.027025075629353523:26.170040130615234] [0.17134076356887817:8.6935958862304688] [0.087584272027015686:1] [-28.67047119140625:41.262332916259766] [-36.190670013427734:42.326030731201172] [-36.841156005859375:62.500308990478516] [-41.300331115722656:63.120437622070312] [-22.455821990966797:30.680826187133789] [0:0.95389312505722046] [0:0.64536702632904053] [0:0.40022626519203186] [-0.51016271114349365:0.51874518394470215] [-0.15599349141120911:0.22172828018665314] [-45.028751373291016:17.161741256713867] [-6.6708002090454102:64.2962646484375] [0:1] [0:95] [0:95] [-1:1] [-29.775985717773438:44.984848022460938] [-30.525325775146484:55.0223388671875] [-2.8409864902496338:15.253066062927246] [0.049656935036182404:5.4310722351074219] [-1:1] [0:1] [0:0.99820786714553833] [-1:1] [-1:1] [-0.78183150291442871:0.97492790222167969] [-0.90096884965896606:1] [0:1] [0:1] [0.8888888955116272:4.5999999046325684]
tree_sizes=1730 1781 1772 1786 1808

Tree=0
num_leaves=15
num_cat=0
split_feature=27 28 29 11 22 11 16 13 29 6 16 16 16 22
split_gain=130.001 77.2615 36.2711 43.7726 55.6884 31.7754 41.0173 32.4134 38.1153 28.9898 27.6822 26.6019 22.2241 23.5055
threshold=-0.47136868536472315 0.41268247365951544 -1.0000000180025095e-35 0.030170579440891746 -0.21155946701765058 0.015648993663489822 0.15806808322668078 -0.022739185020327565 0.87837970256805431 -11.379390716552733 0.29839594662189489 0.74037113785743724 0.37950813770294195 -0.12532901763916013
decision_type=2 2 2 2 2 2 2 2 2 2 2 2 2 2
left_child=1 2 -1 -4 -5 11 9 8 12 -7 -9 -2 13 -8
right_child=5 -3 3 4 -6 6 7 10 -10 -11 -12 -13 -14 -15
leaf_value=-1.0772983899828166 -1.0773057617608299 -1.0832970701408084 -1.0779163936133573 -1.0835818281067071 -1.079580940760664 -1.079874896045633 -1.0833398305883726 -1.0748208901867831 -1.0763134869350506 -1.0749756220556999 -1.0784861535178301 -1.072896832293337 -1.0789103529902297 -1.0789103529902297
leaf_weight=513.34009964391589 846.63401228375733 780.5113681089133 570.98650539293885 587.20275868847966 963.8884328212589 140.57446474581957 451.85277549177408 218.76616138033569 202.32208754494786 533.30546997115016 4072.9762064870447 177.55141956359148 348.07521151006222 190.20821264944971
leaf_count=6897 11642 10385 7642 7136 13357 1747 6156 2868 2726 8298 52843 2181 4372 2602
internal_value=-1.07891 -1.08051 -1.07966 -1.08025 -1.08114 -1.07812 -1.0784 -1.0787 -1.08016 -1.07606 -1.07828 -1.07646 -1.081 -1.0821
internal_weight=0 3415.93 2635.42 2122.08 1551.09 7182.27 6158.08 5484.2 1192.46 673.88 4291.74 1024.19 990.136 642.061
internal_count=140852 45417 35032 28135 20493 95435 81612 71567 15856 10045 55711 13823 13130 8758
is_linear=0
shrinkage=1


Tree=1
num_leaves=15
num_cat=0
split_feature=32 22 21 13 13 7 3 7 21 20 3 6 10 20
split_gain=57.2865 81.8487 37.2998 35.4278 35.0118 46.4439 36.2709 31.4312 55.1778 28.9327 27.6684 25.7163 24.895 23.4622
threshold=1.0000000180025095e-35 -0.088254928588867174 -7.5706312656402579 -0.022739185020327565 -0.026171639561653134 1.6894647479057314 0.88093414902687084 2.1899968385696416 3.2093776464462285 -0.34885153174400324 0.48505495488643652 3.4351606369018559 0.2169289365410805 -2.8267638683319087
decision_type=2 2 2 2 2 2 2 2 2 2 2 2 2 2
left_child=2 4 12 -4 13 6 9 8 11 -6 -7 -5 -1 -2
right_child=1 -3 3 7 5 10 -8 -9 -10 -11 -12 -13 -14 -15
leaf_value=0.0044058744992222535 -0.0012605668060762572 0.00038554568653034228 -0.0011675735985683432 0.001718054989128465 0.00014510785347953176 0.00019543611910895141 -0.0024616029422375417 0.00013113704762980185 0.0073121245703151776 0.0074393038071978368 -0.0039735219703503459 -0.002055234157156075 0 -0.0067811731984875178
leaf_weight=394.19599019549787 138.94263444840908 1932.3160759322345 1292.7789553292096 1280.4369577877223 137.03893345780671 188.07383795641363 160.50280591845512 3431.6139936093241 164.43008015118539 102.27618150226772 683.75534460693598 199.65379851683974 193.22838039696217 292.78433914855123
leaf_count=5702 2063 26653 17589 17216 1828 1805 2716 44411 2048 1203 8930 2693 2459 3336
internal_value=0 -0.00102043 0.000543785 0.000310165 -0.00263365 -0.00172225 0.00104247 0.000695666 0.00184311 0.00356001 -0.00303424 0.00117391 0.00297219 -0.00514942
internal_weight=0 3635.69 6956.34 6368.91 1703.37 1271.65 399.818 5076.13 1644.52 239.315 871.829 1480.09 587.424 431.727
internal_count=140652 48534 92118 83957 21881 16482 5747 66368 21957 3031 10735 19909 8161 5399
is_linear=0
shrinkage=0.0101079


Tree=2
num_leaves=15
num_cat=0
split_feature=11 0 13 3 2 28 15 15 3 3 0 18 18 3
split_gain=63.5329 34.7772 52.3875 48.9912 34.2161 38.3705 31.9445 30.1768 33.0897 32.8604 27.6606 21.4846 21.026 20.881
threshold=0.015648993663489822 0.66899490356445324 -0.0211563017219305 0.32613891363143926 0.77076256275177013 0.35222910344600683 12.18154811859131 6.5086324214935312 0.68680438399314891 0.40857204794883734 1.359225928783417 61.500000000000007 6.5000000000000009 0.32899062335491186
decision_type=2 2 2 2 2 2 2 2 2 2 2 2 2 2
left_child=6 2 3 -2 13 -6 11 8 -3 12 -10 -1 -9 -4
right_child=1 7 4 -5 5 -7 -8 9 10 -11 -12 -13 -14 -15
leaf_value=0.0021389495024209553 0 0.001934153153304811 -0.00078301868988619615 -0.006273295654650974 0.0027518505467983932 -0.0037090116289180252 0.0051794780097217637 -0.0025762921871713184 -0.0018684931670673863 -0.0010224256086685413 0.0015829055227355032 -0.00058543857760152377 0.0011688348653424872 0.0032703608435020867
leaf_weight=790.11326037533581 190.59293533861637 1290.4558758027852 203.61604816094041 376.44142401404679 109.64810202643275 389.03949415124953 246.9363213814795 160.14141273126006 599.76372016966343 3805.8873377609998 372.67232319712639 434.59299678355455 1337.8637836109847 288.56572573073208
leaf_count=10584 3199 17903 3452 5421 1814 6073 3256 2078 7639 47128 5031 6185 17323 3859
internal_value=0 -0.000387242 -0.00176015 -0.00419429 -0.000305218 -0.00218839 0.00186982 -9.77423e-05 0.000871064 -0.000519363 -0.000502445 0.00114169 0.000730541 0.0015261
internal_weight=0 9124.69 1557.9 567.034 990.869 498.688 1471.64 7566.78 2262.89 5303.89 972.436 1224.71 1498.01 492.182
internal_count=140945 120920 23818 8620 15198 7887 20025 97102 30573 66529 12670 16769 19401 7311
is_linear=0
shrinkage=0.0101079


Tree=3
num_leaves=15
num_cat=0
split_feature=27 28 21 13 7 29 22 21 20 0 6 30 28 22
split_gain=140.304 69.247 37.9272 38.3576 38.0243 32.9506 34.0874 31.8541 27.235 32.2957 24.9944 24.8596 28.095 26.291
threshold=-0.49049438536167139 0.39271505177021032 -7.7529017925262442 -0.022739185020327565 2.9549254179000859 -1.0000000180025095e-35 -0.15250781178474423 3.011571049690247 -4.0115053653717032 0.68251520395278942 3.5008642673492436 -0.56174489110708226 -0.88186877965927113 -0.70277833938598622
decision_type=2 2 2 2 2 2 2 2 2 2 2 2 2 2
left_child=1 5 8 11 7 -1 -7 10 -2 -10 -5 12 -4 -13
right_child=2 -3 3 4 -6 6 -8 -9 9 -11 -12 13 -14 -15
leaf_value=0.0013939972616190482 0.00097651822025995264 -0.0043284555401346143 0.0018920006293063165 0.0020049610277665464 0.00029306998966065006 -0.0030086151724084578 -0.00032426968027194454 0.0054843432456544603 0 0.0077137813838573169 -0.0016470654482583201 -0.0029231733374619822 -0.0040712847941384942 0.0010602946150442929
leaf_weight=500.12488980405033 310.81369280815125 788.18421895802021 87.366447873413563 1477.6495728343725 3415.9636453446001 843.8842710647732 1213.5676228366792 247.64035739190876 85.224695041775703 195.16452740319073 201.66553844884038 218.91138541512191 371.48635682277381 659.7971314471215
leaf_count=6729 3927 10480 1090 19804 44278 10566 16749 3155 1578 2649 2772 2752 5633 8885
internal_value=0 -0.00171028 0.000788506 0.000562004 0.000948885 -0.000877149 -0.00145194 0.00208479 0.00324053 0.00551722 0.00153692 -0.000949915 -0.00283667 5.58083e-06
internal_weight=0 3345.76 7271.68 6680.48 5342.92 2557.58 2057.45 1926.96 591.203 280.389 1679.32 1337.56 458.853 878.709
internal_count=141047 44524 96523 88369 70009 34044 27315 25731 8154 4227 22576 18360 6723 11637
is_linear=0
shrinkage=0.0101079


Tree=4
num_leaves=15
num_cat=0
split_feature=27 0 29 11 21 21 13 13 20 15 30 15 33 11
split_gain=129.567 61.2171 59.9334 55.2807 40.7513 34.2522 42.4726 33.2625 30.1215 28.7197 41.4391 36.2247 23.8035 22.437
threshold=-0.49049438536167139 1.0383813381195071 -1.0000000180025095e-35 0.015648993663489822 -0.18710286915302274 -8.1268138885498029 -0.022739185020327565 -0.0078617664985358698 -4.2123258113861075 9.9745044708251971 -0.56174489110708226 2.7826923131942753 1.0013927817344668 0.020433411002159122
decision_type=2 2 2 2 2 2 2 2 2 2 2 2 8 2
left_child=1 2 4 -4 -1 8 9 12 -2 11 -11 -7 -8 -9
right_child=5 -3 3 -5 -6 6 7 13 -10 10 -12 -13 -14 -15
leaf_value=-0.0026972917154109519 0.00071798352170983337 -0.00036572753076055464 0.0010773905562114425 -0.0049456384772044492 0.004518177994283906 0.0027454976734058731 0.0038554377663183891 0.002045510035288686 0.0056699586005855085 -0.0022239095511726557 0.0058941511442721431 -0.0024229174797432682 -0.00011636795597430541 0.00023957111722650717
leaf_weight=150.08795865252614 285.45991294831038 1796.9428726732731 166.37791042029858 1082.9376012831926 149.65764206275344 147.18141173571348 593.55587701126933 884.86016215570271 256.1853263489902 107.36649516411126 127.65867273882031 998.87943916022778 180.60134777054191 3678.4356671329588
leaf_count=1867 3585 25067 2229 13538 1842 2392 5417 11857 3884 1232 1624 13769 5192 47414
internal_value=0 -0.00166411 -0.00313507 -0.00410963 0.000796245 0.000737554 0.00053123 0.000943879 0.00318012 -0.00103079 0.00206538 -0.00171029 0.00288497 0.000601448
internal_weight=0 3346 1549.06 1249.32 299.746 7260.18 6718.54 5337.45 541.645 1381.09 235.025 1146.06 774.157 4563.3
internal_count=140909 44543 19476 15767 3709 96366 88897 69880 7469 19017 2856 16161 10609 59271
is_linear=0
shrinkage=0.0101079


end of trees

feature_importances:
Column_13=7
Column_3=6
Column_21=6
Column_11=5
Column_22=5
Column_0=4
Column_15=4
Column_16=4
Column_20=4
Column_28=4
Column_29=4
Column_6=3
Column_7=3
Column_27=3
Column_18=2
Column_30=2
Column_2=1
Column_10=1
Column_32=1
Column_33=1

parameters:
[boosting: gbdt]
[objective: binary]
[metric: auc]
[tree_learner: serial]
[device_type: cpu]
[data_sample_strategy: bagging]
[data: ]
[valid: ]
[num_iterations: 600]
[learning_rate: 0.0101079]
[num_leaves: 15]
[num_threads: 2]
[seed: 1337]
[deterministic: 0]
[force_col_wise: 0]
[force_row_wise: 0]
[histogram_pool_size: -1]
[max_depth: -1]
[min_data_in_leaf: 1280]
[min_sum_hessian_in_leaf: 0.001]
[bagging_fraction: 0.829452]
[pos_bagging_fraction: 1]
[neg_bagging_fraction: 1]
[bagging_freq: 1]
[bagging_seed: 1337]
[feature_fraction: 0.727545]
[feature_fraction_bynode: 1]
[feature_fraction_seed: 1337]
[extra_trees: 0]
[extra_seed: 18955]
[early_stopping_round: 0]
[early_stopping_min_delta: 0]
[first_metric_only: 0]
[max_delta_step: 0]
[lambda_l1: 4.00664]
[lambda_l2: 7.63247]
[linear_lambda: 0]
[min_gain_to_split: 0]
[drop_rate: 0.1]
[max_drop: 50]
[skip_drop: 0.5]
[xgboost_dart_mode: 0]
[uniform_drop: 0]
[drop_seed: 17763]
[top_rate: 0.2]
[other_rate: 0.1]
[min_data_per_group: 100]
[max_cat_threshold: 32]
[cat_l2: 10]
[cat_smooth: 10]
[max_cat_to_onehot: 4]
[top_k: 20]
[monotone_constraints: ]
[monotone_constraints_method: basic]
[monotone_penalty: 0]
[feature_contri: ]
[forcedsplits_filename: ]
[refit_decay_rate: 0.9]
[cegb_tradeoff: 1]
[cegb_penalty_split: 0]
[cegb_penalty_feature_lazy: ]
[cegb_penalty_feature_coupled: ]
[path_smooth: 0]
[interaction_constraints: ]
[verbosity: -1]
[saved_feature_importance_type: 0]
[use_quantized_grad: 0]
[num_grad_quant_bins: 4]
[quant_train_renew_leaf: 0]
[stochastic_rounding: 1]
[linear_tree: 0]
[max_bin: 255]
[max_bin_by_feature: ]
[min_data_in_bin: 3]
[bin_construct_sample_cnt: 200000]
[data_random_seed: 4404]
[is_enable_sparse: 1]
[enable_bundle: 1]
[use_missing: 1]
[zero_as_missing: 0]
[feature_pre_filter: 1]
[pre_partition: 0]
[two_round: 0]
[header: 0]
[label_column: ]
[weight_column: ]
[group_column: ]
[ignore_column: ]
[categorical_feature: ]
[forcedbins_filename: ]
[precise_float_parser: 0]
[parser_config_file: ]
[objective_seed: 4113]
[num_class: 1]
[is_unbalance: 0]
[scale_pos_weight: 1]
[sigmoid: 1]
[boost_from_average: 1]
[reg_sqrt: 0]
[alpha: 0.9]
[fair_c: 1]
[poisson_max_delta_step: 0.7]
[tweedie_variance_power: 1.5]
[lambdarank_truncation_level: 30]
[lambdarank_norm: 1]
[label_gain: ]
[lambdarank_position_bias_regularization: 0]
[eval_at: ]
[multi_error_top_k: 1]
[auc_mu_weights: ]
[num_machines: 1]
[local_listen_port: 12400]
[time_out: 120]
[machine_list_filename: ]
[machines: ]
[gpu_platform_id: -1]
[gpu_device_id: -1]
[gpu_use_dp: 0]
[num_gpu: 1]

end of parameters

pandas_categorical:null
