tree
version=v4
num_class=1
num_tree_per_iteration=1
label_index=0
max_feature_idx=33
objective=binary sigmoid:1
feature_names=Column_0 Column_1 Column_2 Column_3 Column_4 Column_5 Column_6 Column_7 Column_8 Column_9 Column_10 Column_11 Column_12 Column_13 Column_14 Column_15 Column_16 Column_17 Column_18 Column_19 Column_20 Column_21 Column_22 Column_23 Column_24 Column_25 Column_26 Column_27 Column_28 Column_29 Column_30 Column_31 Column_32 Column_33
feature_infos=[0.22403052449226379:4.806818962097168] [0.027025075629353523:26.170040130615234] [0.17134076356887817:8.6935958862304688] [0.087584272027015686:1] [-28.67047119140625:41.262332916259766] [-36.190670013427734:42.326030731201172] [-36.841156005859375:62.500308990478516] [-41.300331115722656:63.120437622070312] [-22.455821990966797:30.680826187133789] [0:0.95389312505722046] [0:0.64536702632904053] [0:0.40022626519203186] [-0.51016271114349365:0.51874518394470215] [-0.15599349141120911:0.22172828018665314] [-45.028751373291016:17.161741256713867] [-6.6708002090454102:64.2962646484375] [0:1] [0:95] [0:95] [-1:1] [-29.775985717773438:44.984848022460938] [-30.525325775146484:55.0223388671875] [-2.8409864902496338:15.253066062927246] [0.049656935036182404:5.4310722351074219] [-1:1] [0:1] [0:0.99820786714553833] [-1:1] [-1:1] [-0.78183150291442871:0.97492790222167969] [-0.90096884965896606:1] [0:1] [0:1] [0.8888888955116272:4.5999999046325684]
tree_sizes=1732 1794 1772 1789 1804 1774 1771 1788 1811 1804 1767 1804 1806 1794 1803 1810 1780 1791 1806 1804 1809 1805

Tree=0
num_leaves=15
num_cat=0
split_feature=11 32 29 28 21 15 0 6 6 13 30 15 3 13
split_gain=72.7977 63.987 78.5082 107.717 43.8202 42.6386 38.7402 31.1946 27.3371 26.7823 36.5033 46.1073 32.2501 25.1152
threshold=0.016542463563382629 1.0000000180025095e-35 -1.0000000180025095e-35 -0.45201864838600153 -7.9325807094573966 12.18154811859131 1.0383813381195071 -10.712234497070311 -0.47990748286247248 -0.022739185020327565 -0.56174489110708226 9.4526815414428729 0.33623214066028601 -0.0043223239481449119
decision_type=2 2 2 2 2 2 2 2 2 2 2 2 2 2
left_child=5 4 -3 -4 7 8 -5 -2 -1 10 -6 12 -12 -7
right_child=1 2 3 6 9 13 -8 -9 -10 -11 11 -13 -14 -15
leaf_value=-1.0763224847558006 -1.0790745687976224 -1.0772815767547008 -1.0787361319441771 -1.0841936699872494 -1.0826655780919714 -1.0692214959558854 -1.0806543890932163 -1.074146423525997 -1.0792002227005717 -1.0785382360188935 -1.0769583998992067 -1.0736854868983323 -1.0815836186291226 -1.0762511017851066
leaf_weight=681.37221406958997 182.90175907313824 628.04433403164148 1023.3650668412447 954.37218062579632 410.00100732594728 100.60391177423298 546.81752864830196 347.57318700477481 613.90926784276962 4154.4967589899898 212.75432169064879 131.75778522714972 462.69427191093564 160.39253754168749
leaf_count=9057 2192 8257 13707 11839 6008 1274 7901 5168 8667 53866 3044 1638 6060 2166
internal_value=-1.07891 -1.07926 -1.08043 -1.08123 -1.07865 -1.0769 -1.08295 -1.0759 -1.07771 -1.07892 -1.08024 -1.07893 -1.08006 -1.07319
internal_weight=0 9054.78 3152.6 2524.55 5902.18 1556.28 1501.19 530.475 1295.28 5371.7 1217.21 807.206 675.449 260.996
internal_count=140844 119680 41704 33447 77976 21164 19740 7360 17724 70616 16750 10742 9104 3440
is_linear=0
shrinkage=1


Tree=1
num_leaves=15
num_cat=0
split_feature=27 0 29 11 3 0 11 16 16 3 6 0 3 13
split_gain=127.56 66.556 53.15 65.5837 43.2559 34.3527 26.0357 43.67 42.771 26.2103 22.4748 19.8642 18.8615 20.1022
threshold=-0.47136868536472315 1.2635717988014223 -1.0000000180025095e-35 0.015648993663489822 0.54569253325462352 0.5908363163471223 0.01609689369797707 0.74037113785743724 0.22356636077165606 0.91142028570175182 -11.379390716552733 0.65519922971725475 0.27984423935413366 -0.069312285631895051
decision_type=2 2 2 2 2 2 2 2 2 2 2 2 2 2
left_child=1 2 4 -4 -1 -2 7 -7 10 -10 -8 -5 -12 -14
right_child=5 -3 3 11 -6 6 8 -9 9 -11 12 -13 13 -15
leaf_value=0.0055230624245646773 -0.0011684310947405903 0.00011540698029479023 0.0013911061473527932 -0.0067364116021593938 -0.0015957632575433426 0.001479884848051946 -0.00047700199855620426 0.0073624813185291403 0.00017095237768301544 0.0047644542543353111 -0.00039723740473009811 -0.0035722662580621001 0.0076109998344226033 0.0029394724585807826
leaf_weight=117.70901074819267 819.42210327833891 1328.1425599940121 224.54188351333141 312.92591990530491 269.81959031149745 760.71720769628882 158.89883960038424 158.14361616224051 4408.7556280456483 124.32838133908808 91.794045628979802 1155.6793213617057 140.07301281765103 507.28545032441616
leaf_count=1033 13858 18959 3023 3952 3849 10067 1889 1881 55367 1424 1949 14491 1751 7125
internal_value=0 -0.00162388 -0.00274987 -0.00352315 0.000528955 0.000748885 0.00100378 0.00258835 0.00072499 0.000313654 0.00273643 -0.00430525 0.00347928 0.00408902
internal_weight=0 3408.82 2080.68 1693.15 387.529 7169.42 6350 918.861 5431.14 4533.08 898.051 1468.61 739.153 647.358
internal_count=140618 45307 26348 21466 4882 95311 81453 11948 69505 56791 12714 18443 10825 8876
is_linear=0
shrinkage=0.0101079


Tree=2
num_leaves=15
num_cat=0
split_feature=27 28 11 23 0 11 16 16 3 6 3 14 28 11
split_gain=127.818 70.3312 34.909 44.5451 33.7844 30.5036 43.1369 38.6505 23.4333 20.4591 20.6281 26.5131 14.9583 14.4662
threshold=-0.47136868536472315 0.41268247365951544 0.017392770387232307 1.5978356599807741 0.5908363163471223 0.011777538340538742 0.74037113785743724 0.21926941722631457 0.91142028570175182 -11.379390716552733 0.27984423935413366 -12.992458343505858 0.79989895224571239 0.1508215740323067
decision_type=2 2 2 2 2 2 2 2 2 2 2 2 2 2
left_child=1 2 -1 -4 12 6 -6 9 13 -7 -11 -12 -2 -9
right_child=4 -3 3 -5 5 7 -8 8 -10 10 11 -13 -14 -15
leaf_value=0.001928397558925501 0.0010223977824343749 -0.0042791042914734692 -0.0023617775883332439 0.00054872556024740957 0.0017113310654850503 -0.00039014234058204727 0.0083888072293185102 8.7673916250822148e-05 0.004483031853696702 -0.00073682795578374144 0.0049736686967692002 0 -0.0019654854770565959 0.0022673619184721129
leaf_weight=390.24586963839829 212.22815949656069 775.4138785302639 1440.2609977498651 819.39959447458386 563.66638642922044 158.62436575256288 122.23441978357732 4325.6584335062653 132.19101643748581 90.690982198342681 532.80023844353855 126.53024059534073 605.48110935650766 332.60474954359233
leaf_count=5326 4146 10299 18425 11424 7427 1904 1409 54281 1536 1925 7283 1717 9712 4192
internal_value=0 -0.00160467 -0.000796799 -0.00129021 0.000764962 0.00101616 0.00303894 0.000761875 0.000387485 0.00267182 0.00337026 0.00399788 -0.00113866 0.00025544
internal_weight=0 3425.32 2649.91 2259.66 7202.71 6385 685.901 5699.1 4790.45 908.646 750.021 659.33 817.709 4658.26
internal_count=141006 45474 35175 29849 95532 81674 8836 72838 60009 12829 10925 9000 13858 58473
is_linear=0
shrinkage=0.0101079


Tree=3
num_leaves=15
num_cat=0
split_feature=11 32 22 29 21 15 13 6 14 6 0 29 15 28
split_gain=60.3332 56.7645 92.673 94.7568 54.9657 33.4036 33.0511 29.7068 26.2462 24.1448 24.0014 28.4193 28.392 21.9528
threshold=0.016974135302007202 1.0000000180025095e-35 -0.095990024507045732 -1.0000000180025095e-35 -7.9325807094573966 12.352602005004885 -0.022739185020327565 -10.712234497070311 -12.992458343505858 -0.41442362964153284 0.68592542409896862 0.87837970256805431 3.4240602254867558 0.78661888837814342
decision_type=2 2 2 2 2 2 2 2 2 2 2 2 2 2
left_child=5 4 3 -3 7 9 10 -2 -8 -1 -6 12 -12 -14
right_child=1 2 -4 -5 6 -7 8 -9 -10 -11 11 -13 13 -15
leaf_value=0.0023709280504086248 0 0.0018728198676859493 0.00015553354532916151 -0.0045760284717591016 -0.0036445826701815803 0.0051542683868044956 0.0042049830733047674 0.004981796732571468 0.00017181162484494105 -0.00028213067333891345 0.0030983438511266574 0.0029913842911578089 -0.0034962029426297424 0.0010565511230337149
leaf_weight=711.51858597621322 185.29776377044618 275.61354466155171 1663.1430148612708 1170.4694458786398 377.99411699548364 251.38860628381371 166.28216068260372 352.66650967113674 3970.4066969323903 633.83578620664775 101.10722960159183 171.73812182992697 440.37644348293543 122.49591523222625
leaf_count=9445 2205 3436 22978 14970 5730 3264 2443 5184 51284 8875 1581 2173 5875 1389
internal_value=0 -0.000345191 -0.00145008 -0.00331568 0.000232476 0.00178209 -7.16748e-05 0.00329036 0.00035115 0.00109652 -0.00153914 -0.000514458 -0.00150523 -0.00243354
internal_weight=0 8997.59 3109.23 1446.08 5888.36 1596.74 5350.4 537.964 4136.69 1345.35 1213.71 835.718 663.98 562.872
internal_count=140832 119248 41384 18406 77864 21584 70475 7389 53727 18320 16748 11018 8845 7264
is_linear=0
shrinkage=0.0101079


Tree=4
num_leaves=15
num_cat=0
split_feature=27 23 29 13 21 13 7 21 0 29 16 12 11 17
split_gain=126.75 62.1067 44.9866 37.9651 34.4888 37.7516 35.3271 39.4354 32.9461 29.2278 33.7523 24.2326 24.0916 21.1544
threshold=-0.49049438536167139 0.88191738724708568 1.0000000180025095e-35 -0.040831876918673508 -8.3279356956481916 -0.022739185020327565 2.1899968385696416 3.2093776464462285 0.68929415941238414 0.87837970256805431 0.17640464752912524 -0.13778366148471829 0.019572979770600799 43.500000000000007
decision_type=2 2 2 2 2 2 2 2 2 2 2 2 2 2
left_child=1 2 3 -1 11 8 7 -7 -6 10 -10 -2 -4 -5
right_child=4 -3 12 13 5 6 -8 -9 9 -11 -12 -13 -14 -15
leaf_value=-0.0063190463879010056 -0.00050343425863789027 -0.00060495748191135114 -0.00039087463473334887 0.003558779421677268 -0.0032772551337434726 0.0015419481425444138 0.00034562728389778976 0.0065037047125386244 0.0039978961920582538 0.0036095214848147761 -0.0016593246983320693 0.0044357531050562733 -0.00615869105133777 -0.0012826950621415208
leaf_weight=104.6797687895596 114.40656751580536 2197.6077907439321 104.44404381327331 130.1579473670572 413.76425698585808 1591.3715936951339 3567.44821697101 184.96325862407684 117.55979926511645 187.3113444019109 681.51617294177413 400.67232262156904 540.4088236540556 261.85149072110653
leaf_count=1213 1224 30089 1440 1529 6255 21372 46340 2314 1909 2423 8630 5878 6661 3553
internal_value=0 -0.00162532 -0.00353735 -0.00112033 0.000751946 0.000550157 0.000940837 0.00210691 -0.000909151 6.1003e-05 -0.000746883 0.00326988 -0.00530207 0.000260737
internal_weight=0 3339.15 1141.54 496.689 7259.01 6743.93 5343.78 1776.33 1400.15 986.387 799.076 515.079 644.853 392.009
internal_count=140830 44485 14396 6295 96345 89243 70026 23686 19217 12962 10539 7102 8101 5082
is_linear=0
shrinkage=0.0101079


Tree=5
num_leaves=15
num_cat=0
split_feature=11 1 3 0 33 3 2 16 16 18 5 13 0 2
split_gain=60.606 33.5527 36.5082 32.3578 28.5537 37.8401 33.9256 24.92 35.5802 30.4967 32.1435 26.1671 25.6514 25.0486
threshold=0.016974135302007202 1.3534297943115237 0.49942605197429663 0.67589443922042858 0.9590476155281068 0.76743218302726757 1.1148484349250796 0.12159497290849687 0.37950813770294195 8.5000000000000018 2.0168379545211796 0.092629548162221922 0.66899490356445324 1.0156314969062807
decision_type=2 2 2 2 10 2 2 2 2 2 2 2 2 2
left_child=4 2 7 -4 -1 6 -6 -2 12 -10 11 13 -9 -11
right_child=1 -3 3 -5 5 -7 -8 8 9 10 -12 -13 -14 -15
leaf_value=-0.00052359151217825598 0.0033911824139131971 0.00093689895484017245 -0.0033916886409531672 -0.000855311914909376 0.002598184775573362 0 0.007838631959794496 -0.0046779821651964284 -0.0028569685981388311 0.0028734432918587462 -0.00066838261876636966 -0.002584420702817833 -0.00061980768410839417 -0.00088309113759144162
leaf_weight=374.47649842686951 217.60824955813587 1758.2420921809971 630.41775255650282 3193.196685468778 660.46512397751212 398.12379977107048 171.34941094368696 240.56605533696711 234.42240738123655 1080.0348286479712 804.12349201366305 110.83488203212619 535.37440185807645 195.40793118812144
leaf_count=10451 3719 23342 9530 39865 6133 3601 1489 3634 3233 14310 9987 1611 7244 2588
internal_value=0 -0.000303884 -0.000611383 -0.00128999 0.00182391 0.00257019 0.00378739 0.000137035 -7.91209e-05 0.000511325 0.000898903 0.00183576 -0.00196297 0.00226452
internal_weight=0 9000.23 7241.99 3823.61 1604.41 1229.94 831.815 3418.37 3200.76 2424.82 2190.4 1386.28 775.94 1275.44
internal_count=140737 119063 95721 49395 21674 11223 7622 46326 42607 31729 28496 18509 10878 16898
is_linear=0
shrinkage=0.0101079


Tree=6
num_leaves=15
num_cat=0
split_feature=11 32 22 29 21 3 15 6 6 3 28 2 0 5
split_gain=56.1148 57.4497 81.5248 76.5103 45.9288 27.7224 27.0981 26.019 21.0917 20.3641 18.9225 18.0944 17.6314 16.134
threshold=0.016974135302007202 1.0000000180025095e-35 0.14345537871122363 -1.0000000180025095e-35 -7.9325807094573966 0.56411102414131176 12.18154811859131 -10.712234497070311 -0.29421660304069513 0.9511438012123109 0.4904943853616715 0.93461948633193981 0.6036384403705598 -3.8141187429428096
decision_type=2 2 2 2 2 2 2 2 2 2 2 2 2 2
left_child=6 4 3 5 7 -3 8 -2 -1 -6 13 -10 -5 -9
right_child=1 2 -4 12 9 -7 -8 10 11 -11 -12 -13 -14 -15
leaf_value=0.0023267182236350993 0 0.0050894911099952384 0.00045166102531515336 -0.0072680314010675102 -3.7697129001214003e-05 -0.00066816586317632986 0.0047482292824498539 0.0030070187378393276 0.0012070472885901812 0.004358711292669893 0.0016309703375315201 -0.0022721733529563293 -0.0033566049787136197 0.0099071781955689907
leaf_weight=721.01517601311207 188.65616336651146 123.79923687130213 1380.5124727580696 157.02518189139664 5240.5373446978629 213.26288215257227 267.70326119102538 100.14079895056784 360.42820258997381 102.0535393692553 157.77068690955639 249.71198919601738 1236.6839094683528 96.12871964648366
leaf_count=9543 2228 1127 19055 1909 69139 3144 3502 1360 5103 1169 2503 3481 16139 1376
internal_value=0 -0.000242894 -0.00135468 -0.00281441 0.000338975 0.00139494 0.00180689 0.00312051 0.00116142 4.48112e-05 0.00470818 -0.000161817 -0.00386338 0.00682953
internal_weight=0 8996.57 3111.28 1730.77 5885.29 337.062 1598.86 542.696 1331.16 5342.59 354.04 610.14 1393.71 196.27
internal_count=140778 119149 41374 22319 77775 4271 21629 7467 18127 70308 5239 8584 18048 2736
is_linear=0
shrinkage=0.0101079


Tree=7
num_leaves=15
num_cat=0
split_feature=27 28 0 23 11 30 9 30 11 16 16 16 20 6
split_gain=118.707 64.4921 33.0038 31.4681 38.0218 29.4883 27.7551 20.7181 19.2157 37.9139 28.8264 22.2115 20.2129 21.7332
threshold=-0.47136868536472315 0.41268247365951544 0.5908363163471223 1.5978356599807741 0.01349807344377041 1.0000000180025095e-35 0.29102051258087164 0.81174489855766307 0.019985221326351169 0.75418245792388927 0.23182670027017596 0.37950813770294195 -0.50853589177131642 -10.712234497070311
decision_type=2 2 2 2 2 2 2 2 2 2 2 2 2 2
left_child=1 3 -2 4 -1 -6 8 -7 9 -4 12 -12 13 -10
right_child=2 -3 6 -5 5 7 -8 -9 10 -11 11 -13 -14 -15
leaf_value=0.0023585544863090496 -0.0011956118658750753 -0.0041722735713843346 0.001759373718516698 0.00062581001710360681 -0.00089329531960722654 -0.0059217235666465841 -0.00011285662632480577 -0.0019895144035866905 0 0.0079209531058833348 -0.0012524396384997179 0.00099916697576946209 -0.000579047035676456 0.0049811649737715544
leaf_weight=196.92492447793484 816.69460470043123 769.92599987238646 720.78843308985233 939.79642063006759 840.93749575130641 288.01972643099725 1784.4784208238125 360.07083140686154 101.22169515863061 120.99277923256159 517.18710643611848 2649.6782735157758 106.96920513734221 392.33033025451005
leaf_count=2699 13853 10316 9540 13127 10822 3701 22267 4709 1116 1467 6601 33132 1802 5655
internal_value=0 -0.00160128 0.000688338 -0.000822127 -0.00165234 -0.00221917 0.000936451 -0.00384739 0.00135099 0.0027559 0.00102141 0.000616568 0.00305522 0.00392052
internal_weight=0 3395.68 7210.34 2625.75 1685.95 1489.03 6393.65 648.091 4609.17 841.781 3767.39 3166.87 600.521 493.552
internal_count=140807 45374 95433 35058 21931 19232 81580 8410 59313 11007 48306 39733 8573 6771
is_linear=0
shrinkage=0.0101079


Tree=8
num_leaves=15
num_cat=0
split_feature=27 28 11 29 22 21 6 11 16 29 15 5 9 27
split_gain=117.371 67.7866 37.6107 36.6416 51.1599 30.4706 31.4717 29.0308 34.8331 18.7268 18.4639 20.3843 13.1441 17.5646
threshold=-0.49049438536167139 0.35222910344600683 0.017392770387232307 -1.0000000180025095e-35 -0.24186861515045163 -8.1268138885498029 -11.379390716552733 0.016542463563382629 0.74037113785743724 -1.0000000180025095e-35 4.0575561523437509 -2.8892208337783809 0.17702100425958636 -0.2693240344524383
decision_type=2 2 2 2 2 2 2 2 2 2 2 2 2 2
left_child=1 2 -1 -4 -5 6 -2 8 -7 -3 11 -8 -9 -14
right_child=5 9 3 4 -6 7 10 12 -10 -11 -12 -13 13 -15
leaf_value=0.0022314264132371978 -0.00045032998632477632 -0.00059649690760710217 0.0013766571326182557 -0.0042996890015958144 -0.0005449257092665071 0.0011543872256005931 0.0031571295760641359 0.00075100727221329719 0.0059408062701770403 -0.0047279516828316014 7.5441778364849718e-05 0.0092944223373624228 0.0021437539114666413 -0.0004952758633191012
leaf_weight=372.94606400281191 162.39696675725281 164.33385933376849 426.12395082227886 579.20940968394279 1097.7680495455861 895.83193295821548 183.70205511711538 2827.0832302179188 192.71457503922284 685.82646567933261 89.136272363364697 112.97634595260024 275.99185345508158 2531.9238881785423
leaf_count=5075 1980 2198 5616 7127 15214 12228 2530 37883 2347 9209 1245 1746 3489 32907
internal_value=0 -0.00153005 -0.000659801 -0.00119791 -0.00187942 0.000759691 0.00305173 0.000563542 0.00207418 -0.00398898 0.00460889 0.00580182 0.000262135 -0.000216392
internal_weight=0 3326.21 2476.05 2103.1 1676.98 7271.76 548.212 6723.55 1088.55 850.16 385.815 296.678 5635 2807.92
internal_count=140794 44439 33032 27957 22341 96355 7501 88854 14575 11407 5521 4276 74279 36396
is_linear=0
shrinkage=0.0101079


Tree=9
num_leaves=15
num_cat=0
split_feature=27 28 29 23 11 23 29 3 11 16 16 18 13 30
split_gain=111.467 61.9851 32.1331 34.7022 28.4175 35.6939 35.1965 29.5399 24.1293 35.2055 34.0792 23.3548 22.8109 46.9372
threshold=-0.49049438536167139 0.41268247365951544 -0.60785761475563038 0.52927985787391674 0.01349807344377041 1.5978356599807741 -1.0000000180025095e-35 0.56679388880729686 0.011777538340538742 0.74037113785743724 0.28171439468860632 73.500000000000014 -0.0211563017219305 -0.56174489110708226
decision_type=2 2 2 2 2 2 2 2 2 2 2 2 2 2
left_child=1 4 -2 -4 -1 6 7 -6 9 11 -10 -5 13 -12
right_child=2 -3 3 8 5 -7 -8 -9 10 -11 12 -13 -14 -15
leaf_value=0.0021569715377539505 0.0052521209818864054 -0.0040716822898922587 -0.0012309548148618254 0.0027599530299722229 0.0051343828495739111 0.00052573292262011453 -0.0028133248359326975 -0.0014061898156958303 0.0021980577248566441 0.0076647815883426661 -0.0049122626285623546 -0.0017750553831224554 0.00056866823160621341 0.00059295881365122223
leaf_weight=294.25392253696918 153.94298153370619 731.1452507711947 857.36004357598722 416.76827589794993 106.81688809022307 827.93278523162007 1193.8299207091331 163.58057641424239 1191.1289241462946 117.73435387387872 243.74783171154559 142.32549225725234 3744.0662855561823 395.18988291919231
leaf_count=4036 2012 9891 12451 5422 985 11565 15529 2423 16837 1376 3221 2069 47917 4950
internal_value=0 -0.00147671 0.000757002 0.000648432 -0.000717718 -0.0011103 -0.00206082 0.00110193 0.00091386 0.00272631 0.000683104 0.00152568 0.00025907 -0.00147778
internal_weight=0 3317.56 7262.26 7108.32 2586.41 2292.16 1464.23 270.397 6250.96 676.828 5574.13 559.094 4383 638.938
internal_count=140684 44429 96255 94243 34538 30502 18937 3408 81792 8867 72925 7491 56088 8171
is_linear=0
shrinkage=0.0101079


Tree=10
num_leaves=15
num_cat=0
split_feature=27 28 21 11 22 10 11 21 6 27 3 21 3 21
split_gain=120.213 75.8376 38.0086 29.6637 40.128 29.1278 27.8367 31.0102 24.3539 18.9272 18.7666 18.6818 31.8673 17.3378
threshold=-0.47136868536472315 0.41268247365951544 -8.1268138885498029 0.017813521437346939 0.26289179921150213 0.2169289365410805 0.016974135302007202 3.2093776464462285 3.4351606369018559 0.076279435306787505 0.9511438012123109 -3.7693462371826167 0.5480380952358247 -10.304147720336912
decision_type=2 2 2 2 2 2 2 2 2 2 2 2 2 2
left_child=1 3 5 -1 13 9 7 8 11 -2 -8 -4 -13 -5
right_child=2 -3 6 4 -6 -7 10 -9 -10 -11 -12 12 -14 -15
leaf_value=0.0017085844500280276 0.00071949123223240318 -0.004371290697142924 -0.0017136720259557114 0.0011352914184084141 0.00036920835009249394 0 0.0001110477484528859 0.0060464348077302055 -0.0019669216156190453 0.0064311577268336365 0.0042634596572670809 0.00047523292653784029 0.0050069949762421408 -0.0027235008802929256
leaf_weight=406.12168714217842 101.25306425429881 767.70228209905326 101.5556982010603 112.28845071978867 916.22623892500997 182.63072472438216 5451.855791117996 159.52835564129055 181.88363463059068 253.56715464964509 106.87705388478935 367.66457948647439 307.2537257168442 1185.8649954516441
leaf_count=5499 1425 10342 1278 1705 12818 2352 71947 1935 2475 3591 1239 5444 3765 14999
internal_value=0 -0.00158268 0.000723192 -0.00074 -0.00121163 0.00330385 0.000505862 0.00195984 0.00119526 0.00496246 0.000203898 0.00199957 0.00263055 -0.00235402
internal_weight=0 3388.2 7214.07 2620.5 2214.38 537.451 6676.62 1117.89 958.358 354.82 5558.73 776.474 674.918 1298.15
internal_count=140814 45363 95451 35021 29522 7368 88083 14897 12962 5016 73186 10487 9209 16704
is_linear=0
shrinkage=0.0101079


Tree=11
num_leaves=15
num_cat=0
split_feature=27 28 0 29 11 0 11 21 20 16 29 3 21 6
split_gain=112.12 63.9917 34.2546 34.0534 35.8721 40.161 30.4081 41.7399 32.7981 30.1239 19.8463 18.8398 21.5317 26.0848
threshold=-0.49049438536167139 0.39271505177021032 0.5908363163471223 -1.0000000180025095e-35 0.017392770387232307 1.1498200893402102 0.019985221326351169 -7.5706312656402579 -4.2123258113861075 0.74732607603073131 -1.0000000180025095e-35 0.51455196738243114 -3.6788761615753169 0.48915459215641027
decision_type=2 2 2 2 2 2 2 2 2 2 2 2 2 2
left_child=1 3 -2 -1 -5 -6 9 8 -8 11 -3 -4 -13 -14
right_child=2 10 6 4 5 -7 7 -9 -10 -11 -12 12 13 -15
leaf_value=0.0015259475405738651 -0.0012335729253264622 -0.00047779625472839523 -9.0807454733015443e-05 0.0016582288379445506 -0.0037778800419246005 -0.00059029208371974432 0.00076884631976985231 0.00026819009277647494 0.0058816439917864114 0.0060573251374087646 -0.0049267467872719881 -0.0010641227309128207 0.0058607181912970988 0.00093994364597652276
leaf_weight=504.23066355101764 828.76262058876455 149.45270706340671 369.99056507833302 317.86738744750619 716.16622790507972 1004.8292321935296 302.84855778701603 4727.9802810344845 250.06873881444335 193.63371822610497 617.9053343590349 106.89926802925766 252.36933896131814 236.40926767326891
leaf_count=6734 14077 2010 5441 4260 8840 14216 3746 59970 3529 2260 8375 1224 2939 3038
internal_value=0 -0.00156978 0.000671998 -0.000772621 -0.00136444 -0.00195101 0.000924669 0.000587207 0.00320207 0.00241329 -0.00412575 0.00159922 0.00270393 0.0036133
internal_weight=0 3310.45 7268.96 2543.09 2038.86 1721 6440.2 5280.9 552.917 1159.3 767.358 965.668 595.678 488.779
internal_count=140659 44435 96224 34050 27316 23056 82147 67245 7275 14902 10385 12642 7201 5977
is_linear=0
shrinkage=0.0101079


Tree=12
num_leaves=15
num_cat=0
split_feature=27 0 29 11 21 29 23 21 11 21 10 27 6 11
split_gain=102.037 54.4152 61.4126 56.9154 37.4907 37.0731 29.616 30.0351 31.5094 36.0276 30.3545 27.3392 18.9589 14.9282
threshold=-0.49049438536167139 1.0383813381195071 -1.0000000180025095e-35 0.01349807344377041 -0.18710286915302274 -0.60785761475563038 0.52927985787391674 -5.8828477859497061 0.019126779399812225 3.4247758388519292 0.079297643154859557 0.77296444773674022 -11.379390716552733 0.10389151051640512
decision_type=2 2 2 2 2 2 2 2 2 2 2 2 2 2
left_child=1 2 4 -4 -1 -2 -7 12 9 10 -9 -12 -8 -5
right_child=5 -3 3 13 -6 6 7 8 -10 -11 11 -13 -14 -15
leaf_value=-0.0022420428876882797 0.0055268417211760037 -0.00021328934647561022 0.0019171197157851823 -0.0037302741216772833 0.0046532884094673535 -0.0011609796649850012 -5.8485779320183832e-05 0.0029910138823283968 0.00016875601293602258 0.0066969238529940066 0.0014203962614305588 -0.003654219585912812 0.0035136857627357547 -0.0067998366909029764
leaf_weight=148.62981540895998 153.52401904948056 1783.4552957080305 140.52296946384013 785.98684016987681 151.20889013260603 847.64787604101002 171.70387728139758 490.23584126681089 4440.4878108855337 147.2255675625056 247.11184267140925 175.43070969358087 610.87544438801706 294.32040140777826
leaf_count=1882 2019 24938 1881 10268 1861 12298 1975 6616 57652 1822 3169 2305 8566 3530
internal_value=0 -0.00143831 -0.0028403 -0.00385003 0.00113275 0.000700946 0.000585573 0.00082876 0.000553861 0.00211644 0.00128423 -0.000619786 0.00268568 -0.00464561
internal_weight=0 3304.12 1520.67 1220.83 299.839 7284.24 7130.72 6283.07 5500.49 1060 912.778 422.543 782.579 1080.31
internal_count=140782 44360 19422 15679 3743 96422 94403 82105 71564 13912 12090 5474 10541 13798
is_linear=0
shrinkage=0.0101079


Tree=13
num_leaves=15
num_cat=0
split_feature=27 28 29 22 29 0 7 7 16 7 7 3 7 7
split_gain=118.16 69.7506 32.6953 34.3734 32.3372 30.8839 25.974 18.6322 50.3483 17.5715 19.4312 18.7749 17.5489 28.1677
threshold=-0.47136868536472315 0.41268247365951544 -1.0000000180025095e-35 -0.088254928588867174 -0.60785761475563038 0.5908363163471223 15.206342697143556 2.1899968385696416 0.75418245792388927 5.7021355628967294 11.363221645355226 0.2834147065877915 -3.1212943792343135 2.0656011104583745
decision_type=2 2 2 2 2 2 2 2 2 2 2 2 2 2
left_child=1 2 -1 6 -2 9 12 8 -7 11 -11 -6 -4 -14
right_child=4 -3 3 -5 5 7 -8 -9 -10 10 -12 -13 13 -15
leaf_value=0.0014468068959854802 0.0053023397808467021 -0.0042622946159723667 -0.0039020910528821283 -0.00015168514083511466 0.00098776420620327507 0.0010724145244598937 -0.00715439703361807 0.00027782638522836836 0.0067651438728472003 0.0034521018835155467 -0.0016824334594111637 -0.003368682703465538 0.0027103744562461587 -0.0023684015186502282
leaf_weight=520.90539372712374 148.1582397557795 762.53569311834872 311.46401073038578 1175.1719147004187 112.65820491313934 2970.0682867392898 121.42104117199779 3134.9280568156391 164.43186446279287 134.52842583693564 143.1083909124136 406.64345584623516 151.47562332078815 342.43983623385429
leaf_count=6910 1940 10366 4169 16292 2063 38982 1389 39160 1876 2188 2467 6750 2013 4296
internal_value=0 -0.0015752 -0.000768495 -0.00133993 0.000711478 0.00060388 -0.00278973 0.000846169 0.00139964 -0.00124179 0.000689327 -0.00234611 -0.0020209 -0.000712536
internal_weight=0 3385.41 2622.88 2101.97 7214.52 7066.37 926.801 6269.43 3134.5 796.938 277.637 519.302 805.379 493.915
internal_count=140861 45435 35069 28159 95426 93486 11867 80018 40858 13468 4655 8813 10478 6309
is_linear=0
shrinkage=0.0101079


Tree=14
num_leaves=15
num_cat=0
split_feature=11 16 13 29 22 3 15 3 3 33 16 5 8 18
split_gain=51.0127 32.7537 53.4906 52.809 43.2191 35.0859 34.894 29.2689 27.7953 31.7444 28.1757 21.2508 20.8899 20.2966
threshold=0.015648993663489822 0.15806808322668078 -0.022739185020327565 0.87837970256805431 -0.29856298863887781 0.66530466079711925 7.4836201667785653 0.41534931957721716 0.76743218302726757 0.9590476155281068 0.73707625269889843 -3.2786132097244258 -2.5620704889297481 4.5000000000000009
decision_type=2 2 2 2 2 2 2 2 2 10 2 2 2 2
left_child=8 5 3 4 -3 11 -4 13 9 -1 -11 -2 -7 -8
right_child=1 2 6 -5 -6 12 7 -9 -10 10 -12 -13 -14 -15
leaf_value=-0.0003879482359754345 0.00085536369174063454 -0.0044113011573231513 0.0015843120255471818 0.0019012968858710976 -0.0007267533589113979 0.0029390074819226415 -0.0027714292529213333 -0.00098032401783326555 -0.00026474227039574805 0.0025431950381857769 0.007725252604616711 0.0047677588161877688 -0.001928736421897473 0.00098328749504621236
leaf_weight=246.44388289004564 324.03974472917616 838.7968180347234 997.76884532906115 258.00931341014802 581.83034050650895 106.68598441407084 150.73352401331067 3636.3046841844916 476.12048702687025 625.80507746711373 142.93014848604798 303.54017650336027 368.40217787399888 1545.2436846196651
leaf_count=6759 4628 10567 13333 3530 7800 1436 2117 46220 6271 5768 1219 4943 5323 20942
internal_value=0 -0.000338801 -0.000567409 -0.0021688 -0.00294257 0.00127759 -0.000134252 -0.000465216 0.00167249 0.00261585 0.00362533 0.00284597 -0.000722551 0.000614886
internal_weight=0 9111.36 8008.69 1678.64 1420.63 1102.67 6330.05 5332.28 1491.3 1015.18 768.735 627.58 475.088 1695.98
internal_count=140856 120839 104509 21897 18367 16330 82612 69279 20017 13746 6987 9571 6759 23059
is_linear=0
shrinkage=0.0101079


Tree=15
num_leaves=15
num_cat=0
split_feature=11 32 22 29 16 15 20 3 13 30 15 3 6 0
split_gain=52.8902 45.9945 84.7012 85.6267 29.1583 28.5397 26.3954 22.408 21.9706 50.6412 41.3574 33.8862 20.9599 19.2649
threshold=0.016974135302007202 1.0000000180025095e-35 -0.088254928588867174 -1.0000000180025095e-35 0.22356636077165606 14.717982769012453 -0.2550451904535293 0.56411102414131176 -0.0211563017219305 -0.56174489110708226 9.4526815414428729 0.32613891363143926 -13.138403892517088 0.69562870264053356
decision_type=2 2 2 2 2 2 2 2 2 2 2 2 2 2
left_child=5 4 3 7 6 -1 12 -3 9 -6 11 -11 -2 -13
right_child=1 2 -4 -5 8 -7 -8 -9 -10 10 -12 13 -14 -15
leaf_value=0.0013023259261097499 -0.0014721988407262875 0.0053272623734604676 0.00024758111370661013 -0.0042995756912620102 -0.0045362295711029567 0.0069092142187321369 -0.002282878587960752 -0.00025127755858340924 0.00024625099567558657 0.0032526891466805423 0.0049555521311097032 -0.0059162641250729078 0.0030781150311935666 -0.00081456660512252302
leaf_weight=1514.5574102029204 102.26925424486399 105.69623472541571 1655.7812037393451 1155.5653687473387 341.47025261260569 96.839057270437479 123.31163856759667 172.60199774056673 3943.112548969686 120.08177985996008 139.92902001552284 122.08158720843494 749.55925187468529 245.76491967774928
leaf_count=20460 1224 937 22877 15014 4644 1213 2200 2546 50933 1569 1779 1573 10763 3035
internal_value=0 -0.000289252 -0.00128839 -0.00308209 0.000229185 0.00169528 0.00182036 0.00181143 -8.07722e-05 -0.00144405 0.000208238 -0.00112684 0.00247647 -0.00270143
internal_weight=0 8977.23 3089.64 1433.86 5887.58 1611.4 975.14 278.298 4912.44 969.328 627.857 487.928 851.829 367.847
internal_count=140767 119094 41374 18497 77720 21673 14187 3483 63533 12600 7956 6177 11987 4608
is_linear=0
shrinkage=0.0101079


Tree=16
num_leaves=15
num_cat=0
split_feature=27 28 11 23 0 11 16 3 20 3 10 13 17 9
split_gain=102.621 56.6017 31.688 34.235 27.6562 26.1461 28.1785 24.7195 21.824 21.8194 22.1208 18.9285 20.705 16.2759
threshold=-0.49049438536167139 0.43245348334312445 0.017813521437346939 1.5978356599807741 0.5908363163471223 0.0083885327912867087 0.23182670027017596 0.91142028570175182 -0.70905938744544972 0.27347339689731603 0.2169289365410805 -0.053877260535955422 54.500000000000007 0.26191501319408422
decision_type=2 2 2 2 2 2 2 2 2 2 2 2 2 2
left_child=1 2 -1 -4 -2 8 9 13 -6 -7 11 -11 -13 -8
right_child=4 -3 3 -5 5 6 7 -9 -10 10 -12 12 -14 -15
leaf_value=0.0017731472037680208 -0.0010545936912721712 -0.0040437874506203232 -0.0022041760312553156 0.00037187018002739192 0.0002132178937502394 -0.0020872239615820471 0.00063503493504840993 0.0044742377009708541 0.0047940943134100761 0.0059684829872652476 0 -0.0009789802219958186 0.0035620632853477778 -0.00061844495617629711
leaf_weight=400.33795350044966 826.24321262910962 697.13997464068234 1419.6028478499502 794.28113617561758 192.21450894512236 92.432625534012914 3285.9933224394917 138.44367340020835 302.13857629150152 242.17974494583905 230.24306968040764 128.08172558620572 317.38321824558079 1526.4712462201715
leaf_count=5496 14056 9457 18451 11068 2360 1946 41570 1629 3907 3073 2900 1877 4229 18766
internal_value=0 -0.00148651 -0.000779327 -0.00126363 0.00065753 0.000883916 0.000687611 0.000362282 0.00312396 0.00222738 0.00271926 0.00361851 0.00217253 0.00022869
internal_weight=0 3311.36 2614.22 2213.88 7281.82 6455.58 5961.23 4950.91 494.353 1010.32 917.888 687.645 445.465 4812.46
internal_count=140785 44472 35015 29519 96313 82257 75990 61965 6267 14025 12079 9179 6106 60336
is_linear=0
shrinkage=0.0101079


Tree=17
num_leaves=15
num_cat=0
split_feature=27 28 21 13 13 10 22 11 30 28 17 0 27 30
split_gain=103.582 58.048 29.7253 28.1347 27.9873 27.5764 27.0051 41.3986 26.6459 22.8034 27.5716 21.27 19.0774 20.5085
threshold=-0.47136868536472315 0.41268247365951544 -8.1268138885498029 -0.021670540794730183 -0.0078617664985358698 0.21273170411586764 0.26289179921150213 0.015648993663489822 1.0000000180025095e-35 0.65106672048568737 55.500000000000007 0.68929415941238414 0.41268247365951544 -0.56174489110708226
decision_type=2 2 2 2 2 2 2 2 2 2 2 2 2 2
left_child=1 6 5 11 9 -2 7 -1 -9 -5 -11 -4 -13 -14
right_child=2 -3 3 4 -6 -7 -8 8 -10 10 -12 12 13 -15
leaf_value=0.0024270931425283923 0.0046306561590904113 -0.0038980864123197524 -0.002660580824305577 0.0014444642062388089 0.00054351984637324234 0 0.00049592567184145978 -0.00091639357618282264 -0.0039022004609357759 0.0091027661842719553 0.0010110747222890249 0.0019858273151934828 -0.0033307357188353541 0.00028132994620849245
leaf_weight=212.45892860554159 350.82346678525209 760.71588279120624 410.06585709750652 514.42035580053926 4551.3704666048288 193.93516517989337 1074.3078809417784 759.67890376970172 570.68221694231033 104.15921847522259 93.926695352420211 337.51951610483229 231.0998014267534 435.80554216168821
leaf_count=2894 4931 10373 6288 7065 58807 2474 14919 9791 7447 1247 1449 4221 3379 5623
internal_value=0 -0.00144269 0.000699506 0.000505157 0.000848673 0.00296888 -0.000704299 -0.0015645 -0.00224243 0.00271528 0.00564265 -0.000742419 1.48317e-05 -0.000933829
internal_weight=0 3377.84 7223.13 6678.37 5263.88 544.759 2617.13 1542.82 1330.36 712.506 198.086 1414.49 1004.42 666.905
internal_count=140908 45424 95484 88079 68568 7405 35051 20132 17238 9761 2696 19511 13223 9002
is_linear=0
shrinkage=0.0101079


Tree=18
num_leaves=15
num_cat=0
split_feature=27 28 0 22 30 21 20 13 15 7 21 12 8 13
split_gain=107.212 62.4751 25.8027 21.7581 25.1926 20.2365 29.7718 28.4352 32.9661 22.7715 31.5708 25.0618 20.0748 17.7495
threshold=-0.49049438536167139 0.35222910344600683 0.53639134764671337 0.6399388611316682 1.0000000180025095e-35 -7.9325807094573966 -4.0115053653717032 -0.0346260517835617 10.048014163970949 2.704525470733643 3.2093776464462285 0.015712636522948745 -0.69416791200637806 0.044791724532842643
decision_type=2 2 2 2 2 2 2 2 2 2 2 2 2 2
left_child=1 3 -2 4 -1 6 -4 8 -7 10 11 12 -9 -6
right_child=2 -3 5 -5 13 7 -8 9 -10 -11 -12 -13 -14 -15
leaf_value=-0.00018954176553773785 -0.0013684110058339715 -0.0038644848114148846 0.00052345322208297452 0.00077361159306246915 -0.001778952934265522 -0.0021017494699530114 0.0054396090303741283 0.0038559169903053733 0.0035319317493379757 0.00040850511548419884 0.0053425627853825276 -0.00034438413045219217 0.0011509703611367614 -0.0059657827167660885
leaf_weight=1007.9266962893307 541.48609568923712 836.76173112913966 308.24002381414175 733.23198688961565 583.9244786053896 616.28212507069111 235.1795518156141 445.62688580155373 116.46977194212377 3244.2306059803814 225.65737344324589 604.63402760028839 946.41042225249112 141.06832846440375
leaf_count=13316 9517 11398 3813 10095 8070 8512 3349 5656 1415 40978 2783 7991 12338 1565
internal_value=0 -0.00148101 0.000712158 -0.000646506 -0.00127141 0.000886599 0.00277042 0.000711739 -0.00112441 0.000966484 0.00175869 0.00131465 0.00206213 -0.00270256
internal_weight=0 3302.91 7284.22 2466.15 1732.92 6742.73 543.42 6199.31 732.752 5466.56 2222.33 1996.67 1392.04 724.993
internal_count=140796 44444 96352 33046 22951 86835 7162 79673 9927 69746 28768 25985 17994 9635
is_linear=0
shrinkage=0.0101079


Tree=19
num_leaves=15
num_cat=0
split_feature=27 0 29 11 15 21 13 13 20 15 0 33 0 15
split_gain=100.638 51.275 62.0543 48.0139 41.211 28.8959 32.9252 31.3139 31.2396 27.2127 32.2515 21.1086 21.378 19.1345
threshold=-0.47136868536472315 1.0383813381195071 -1.0000000180025095e-35 0.016542463563382629 11.18219041824341 -8.1268138885498029 -0.021670540794730183 -0.0092463688924908621 -4.2123258113861075 12.619017124176027 0.68929415941238414 1.0013927817344668 0.7647795081138612 2.7826923131942753
decision_type=2 2 2 2 2 2 2 2 2 2 2 8 2 2
left_child=1 2 4 -4 -1 8 9 11 -2 10 -7 12 -8 -12
right_child=5 -3 3 -5 -6 6 7 -9 -10 -11 13 -13 -14 -15
leaf_value=-0.0017411564013942173 0.00042398751991661049 -0.00023518920269910394 0.00091530574944552218 -0.0045673031556947522 0.0055361871718981846 -0.0036791036374925813 0.0072746364362041875 0.00057812623057422485 0.0054200635386289645 0.0040575134790734758 0.0034212848875233015 -8.8874524260962337e-05 0.0023279369810836749 -0.00078318819879250837
leaf_weight=178.1636606734246 282.95467933267355 1823.5765691641718 175.61694087460637 1071.5250217150897 126.23704975470901 387.37654185295105 147.25163225084543 4623.1977553498 261.65328160859644 96.211899051442742 119.08912284485996 148.69660585746169 339.10981521010399 809.04752820916474
leaf_count=2312 3483 25522 2349 13750 1507 5971 1317 59932 3885 1167 1763 4281 3083 10458
internal_value=0 -0.00141133 -0.00275978 -0.00376212 0.00120862 0.000701098 0.000509124 0.000880712 0.00293939 -0.000843687 -0.00125409 0.00298748 0.00399685 -0.000176929
internal_weight=0 3375.12 1551.54 1247.14 304.401 7214.59 6669.98 5258.26 544.608 1411.73 1315.51 635.058 486.361 928.137
internal_count=140780 45440 19918 16099 3819 95340 87972 68613 7368 19359 18192 8681 4400 12221
is_linear=0
shrinkage=0.0101079


Tree=20
num_leaves=15
num_cat=0
split_feature=27 28 11 23 30 21 13 15 30 15 20 7 21 6
split_gain=84.6833 59.9446 28.464 34.1909 28.1163 26.0204 28.8562 32.7929 42.3311 32.8154 28.4602 27.2363 28.2637 31.1113
threshold=-0.47136868536472315 0.41268247365951544 0.017392770387232307 1.5978356599807741 1.0000000180025095e-35 -8.1268138885498029 -0.022739185020327565 9.6781125068664569 -0.56174489110708226 2.7826923131942753 -4.2123258113861075 2.704525470733643 3.011571049690247 3.4351606369018559
decision_type=2 2 2 2 2 2 2 2 2 2 2 2 2 2
left_child=1 2 -1 4 -4 10 7 9 -9 -7 -2 12 13 -8
right_child=5 -3 3 -5 -6 6 11 8 -10 -11 -12 -13 -14 -15
leaf_value=0.0018285061189803164 0.00028919581406587446 -0.0038598000840219704 -0.00069968870531567486 0.00055009742983982578 -0.0036657472589547314 0.0025601481470090576 0.0017489011220937843 -0.0020985398416444303 0.0057950539622509487 -0.0023816175555716138 0.0050483147930604436 0.00019568512808113128 0.0050188613324996748 -0.0023888680933102247
leaf_weight=396.36132332496345 281.68398446589708 754.13626899197698 799.02914942800999 807.79271442629397 605.68869905546308 146.14909647405148 1431.4624722972512 111.92454032786191 145.18482365272939 953.99444805271924 264.47987565211952 3432.9822769965976 233.57986824959517 198.81162410974503
leaf_count=5353 3476 10300 10339 11311 7988 2322 19062 1339 1802 13231 3905 44426 2894 2734
internal_value=0 -0.00135455 -0.000605742 -0.00106485 -0.00202017 0.000586107 0.000403232 -0.000894827 0.00224442 -0.00167545 0.00270474 0.000744288 0.00172819 0.00121079
internal_weight=0 3363.01 2608.87 2212.51 1404.72 7200.25 6654.09 1357.25 257.109 1100.14 546.164 5296.84 1863.85 1630.27
internal_count=140482 45291 34991 29638 18327 95191 87810 18694 3141 15553 7381 69116 24690 21796
is_linear=0
shrinkage=0.0101079


Tree=21
num_leaves=15
num_cat=0
split_feature=27 28 29 22 21 13 7 21 7 30 15 2 28 15
split_gain=93.2104 55.5735 30.4085 32.4871 28.2404 32.2029 32.4176 37.9619 25.0791 24.4559 37.3574 36.0583 29.7428 22.02
threshold=-0.47136868536472315 0.41268247365951544 -1.0000000180025095e-35 -0.15250781178474423 -8.1268138885498029 -0.022739185020327565 2.3175579309463505 3.011571049690247 15.206342697143556 -0.56174489110708226 9.6781125068664569 0.5125042498111726 -0.88186877965927113 7.2797122001647958
decision_type=2 2 2 2 2 2 2 2 2 2 2 2 2 2
left_child=1 2 -1 8 -2 9 7 -7 -4 12 11 -11 -6 -8
right_child=4 -3 3 -5 5 6 13 -9 -10 10 -12 -13 -14 -15
leaf_value=0.0015423488709171503 0.0029122393293857635 -0.0037449985268463025 -0.0018990883114445502 -8.3709596784476716e-05 0.0019672386475599033 0.0013763968241470063 0.0036357378471454007 0.0058841696762170969 -0.0072236588526847986 0.004423031688162808 0.0046788687368840313 -0.0017298254948129265 -0.0039859741993532889 8.947321168870422e-05
leaf_weight=514.33648275583982 545.67553064785898 754.82266093604267 742.2830969914794 1241.6142124198377 95.079837361350656 1575.3960877414793 183.46871827915311 221.46813798882067 107.49946320988238 104.48586307093501 145.70539046451449 646.68092239834368 378.37641490250826 3343.0420820787549
leaf_count=6892 7363 10312 9645 17276 1161 20998 2481 2693 1236 1592 1788 8559 5721 43104
internal_value=0 -0.00133358 -0.000610647 -0.00116311 0.000701024 0.000511609 0.000870947 0.00197697 -0.0026782 -0.000852029 9.01075e-05 -0.000784722 -0.00269402 0.000292882
internal_weight=0 3360.56 2605.73 2091.4 7239.38 6693.7 5323.38 1796.86 849.783 1370.33 896.872 751.167 473.456 3526.51
internal_count=140821 45361 35049 28157 95460 88097 69276 23691 10881 18821 11939 10151 6882 45585
is_linear=0
shrinkage=0.0101079


end of trees

feature_importances:
Column_11=30
Column_21=23
Column_0=22
Column_3=22
Column_29=21
Column_27=20
Column_13=19
Column_16=19
Column_28=18
Column_15=17
Column_6=15
Column_7=11
Column_30=11
Column_22=10
Column_23=8
Column_20=7
Column_2=4
Column_5=4
Column_10=4
Column_32=4
Column_9=3
Column_17=3
Column_18=3
Column_33=3
Column_8=2
Column_12=2
Column_14=2
Column_1=1

parameters:
[boosting: gbdt]
[objective: binary]
[metric: auc]
[tree_learner: serial]
[device_type: cpu]
[data_sample_strategy: bagging]
[data: ]
[valid: ]
[num_iterations: 600]
[learning_rate: 0.0101079]
[num_leaves: 15]
[num_threads: 2]
[seed: 2024]
[deterministic: 0]
[force_col_wise: 0]
[force_row_wise: 0]
[histogram_pool_size: -1]
[max_depth: -1]
[min_data_in_leaf: 1280]
[min_sum_hessian_in_leaf: 0.001]
[bagging_fraction: 0.829452]
[pos_bagging_fraction: 1]
[neg_bagging_fraction: 1]
[bagging_freq: 1]
[bagging_seed: 2024]
[feature_fraction: 0.727545]
[feature_fraction_bynode: 1]
[feature_fraction_seed: 2024]
[extra_trees: 0]
[extra_seed: 29642]
[early_stopping_round: 0]
[early_stopping_min_delta: 0]
[first_metric_only: 0]
[max_delta_step: 0]
[lambda_l1: 4.00664]
[lambda_l2: 7.63247]
[linear_lambda: 0]
[min_gain_to_split: 0]
[drop_rate: 0.1]
[max_drop: 50]
[skip_drop: 0.5]
[xgboost_dart_mode: 0]
[uniform_drop: 0]
[drop_seed: 2449]
[top_rate: 0.2]
[other_rate: 0.1]
[min_data_per_group: 100]
[max_cat_threshold: 32]
[cat_l2: 10]
[cat_smooth: 10]
[max_cat_to_onehot: 4]
[top_k: 20]
[monotone_constraints: ]
[monotone_constraints_method: basic]
[monotone_penalty: 0]
[feature_contri: ]
[forcedsplits_filename: ]
[refit_decay_rate: 0.9]
[cegb_tradeoff: 1]
[cegb_penalty_split: 0]
[cegb_penalty_feature_lazy: ]
[cegb_penalty_feature_coupled: ]
[path_smooth: 0]
[interaction_constraints: ]
[verbosity: -1]
[saved_feature_importance_type: 0]
[use_quantized_grad: 0]
[num_grad_quant_bins: 4]
[quant_train_renew_leaf: 0]
[stochastic_rounding: 1]
[linear_tree: 0]
[max_bin: 255]
[max_bin_by_feature: ]
[min_data_in_bin: 3]
[bin_construct_sample_cnt: 200000]
[data_random_seed: 6648]
[is_enable_sparse: 1]
[enable_bundle: 1]
[use_missing: 1]
[zero_as_missing: 0]
[feature_pre_filter: 1]
[pre_partition: 0]
[two_round: 0]
[header: 0]
[label_column: ]
[weight_column: ]
[group_column: ]
[ignore_column: ]
[categorical_feature: ]
[forcedbins_filename: ]
[precise_float_parser: 0]
[parser_config_file: ]
[objective_seed: 12337]
[num_class: 1]
[is_unbalance: 0]
[scale_pos_weight: 1]
[sigmoid: 1]
[boost_from_average: 1]
[reg_sqrt: 0]
[alpha: 0.9]
[fair_c: 1]
[poisson_max_delta_step: 0.7]
[tweedie_variance_power: 1.5]
[lambdarank_truncation_level: 30]
[lambdarank_norm: 1]
[label_gain: ]
[lambdarank_position_bias_regularization: 0]
[eval_at: ]
[multi_error_top_k: 1]
[auc_mu_weights: ]
[num_machines: 1]
[local_listen_port: 12400]
[time_out: 120]
[machine_list_filename: ]
[machines: ]
[gpu_platform_id: -1]
[gpu_device_id: -1]
[gpu_use_dp: 0]
[num_gpu: 1]

end of parameters

pandas_categorical:null
