tree
version=v4
num_class=1
num_tree_per_iteration=1
label_index=0
max_feature_idx=33
objective=binary sigmoid:1
feature_names=Column_0 Column_1 Column_2 Column_3 Column_4 Column_5 Column_6 Column_7 Column_8 Column_9 Column_10 Column_11 Column_12 Column_13 Column_14 Column_15 Column_16 Column_17 Column_18 Column_19 Column_20 Column_21 Column_22 Column_23 Column_24 Column_25 Column_26 Column_27 Column_28 Column_29 Column_30 Column_31 Column_32 Column_33
feature_infos=[0.22403052449226379:4.806818962097168] [0.027025075629353523:26.170040130615234] [0.17134076356887817:8.6935958862304688] [0.087584272027015686:1] [-28.67047119140625:41.262332916259766] [-36.190670013427734:42.326030731201172] [-36.841156005859375:62.500308990478516] [-45.158794403076172:63.120437622070312] [-22.455821990966797:30.680826187133789] [0:0.95389312505722046] [0:0.64536702632904053] [0:0.40022626519203186] [-0.51016271114349365:0.5480339527130127] [-0.15783818066120148:0.22172828018665314] [-46.22015380859375:17.161741256713867] [-8.3726015090942383:64.2962646484375] [0:1] [0:95] [0:95] [-1:1] [-29.775985717773438:44.984848022460938] [-30.712318420410156:55.0223388671875] [-2.5033562183380127:15.253066062927246] [0.049656935036182404:4.2456021308898926] [-1:1] [0:1] [0:1] [-1:1] [-1:1] [-0.78183150291442871:0.97492790222167969] [-0.90096884965896606:1] [0:1] [0:1] [0.99500000476837158:4.497499942779541]
tree_sizes=8636 8778 8732

Tree=0
num_leaves=79
num_cat=0
split_feature=30 18 21 12 11 28 18 3 7 11 14 12 14 3 12 33 12 28 28 11 17 7 21 11 28 3 14 28 12 3 3 28 14 3 11 3 3 3 17 12 14 33 3 21 21 21 14 30 18 12 11 3 18 17 30 28 14 11 28 28 12 7 7 3 14 18 14 3 7 3 28 4 21 14 4 28 21 14
split_gain=59.6909 47.0358 28.0018 30.3448 26.3437 25.8026 75.6033 56.3216 51.1674 44.0149 45.3306 43.4127 28.4066 35.4802 26.6801 25.2252 67.7172 41.1989 21.537 25.1068 21.1223 17.594 23.1578 21.7047 20.3463 16.9429 16.1851 26.6259 15.7479 17.6033 22.7912 17.6692 15.6565 17.8991 44.0052 17.4687 17.2482 16.9054 15.1597 16.9887 14.7774 14.7726 14.388 25.9288 26.0476 25.1967 25.044 34.1852 27.717 19.8915 24.5455 18.5701 16.9604 16.2989 14.7877 13.8809 14.98 13.6472 13.3567 13.1608 12.9883 12.9315 12.8588 12.6617 16.578 12.4496 12.4429 12.259 17.3095 13.2998 13.4746 12.1681 11.8724 12.9363 11.6766 11.6525 11.5669 11.4407
threshold=1.0000000180025095e-35 86.500000000000014 4.2077879905700692 0.013835204299539329 0.009470991790294649 0.37256073951721197 33.500000000000007 0.36447039246559149 16.202203750610355 0.029664120636880401 -21.024703979492184 -0.0031853562686592336 -8.2393941879272443 0.91949483752250682 -0.080631099641323076 0.9962500035762788 0.0072740041650831708 -0.16288578510284421 0.60003554821014415 0.033265234902501113 9.5000000000000018 -15.414854049682615 -9.5332274436950666 0.14503160864114764 -0.010907442308962435 0.99269756674766552 -6.0046517848968497 0.50938662886619579 -0.014570201281458138 0.59212902188301098 0.71690231561660778 0.9279436767101289 -1.9717610478401182 0.40791448950767523 0.049941943958401687 0.25858829915523535 0.18125860393047336 0.2133668661117554 56.500000000000007 0.052112387493252761 -9.3404669761657697 1.0000000180025095e-35 0.75957056879997265 -0.36983047425746912 -6.9279394149780265 1.7559391856193545 -13.33366823196411 0.81174489855766307 18.500000000000004 -0.026441954076290127 0.01272478559985757 0.56694924831390392 26.500000000000004 66.500000000000014 0.81174489855766307 0.8491516411304475 -14.395522117614744 0.027156700380146507 0.41268247365951544 0.1413247883319855 -0.048645799979567521 -5.5192735195159903 11.732331752777101 0.34269320964813238 -8.6496801376342756 56.500000000000007 -11.361114978790281 0.81232795119285595 8.6910824775695819 0.44628480076789862 -0.77296444773674 0.52275097370147716 -1.5824252367019651 -9.6249475479125959 0.94578176736831676 -0.66746801137924183 5.9679477214813241 -16.773488998413082
decision_type=2 2 10 10 10 2 2 10 10 10 10 10 10 10 10 10 10 2 2 10 2 10 10 10 2 10 10 2 10 10 10 2 10 10 10 10 10 10 2 10 10 10 10 10 10 10 10 2 2 10 10 10 2 2 2 2 10 10 2 2 10 10 10 10 10 2 10 10 10 10 2 10 10 10 10 2 10 10
left_child=4 15 3 -3 25 32 9 -8 12 66 14 -12 18 28 -11 21 17 -17 -9 -20 -4 23 24 -2 -23 38 -5 -28 -14 31 -31 -30 33 34 63 36 -36 -38 39 75 67 -34 43 44 -24 51 47 58 -49 52 -51 -45 -47 72 61 -21 -57 -56 -46 -25 -42 -44 -39 64 -6 -37 -7 68 69 70 -35 -59 -48 -74 -10 -1 -32 -71
right_child=1 2 20 26 5 6 7 8 74 10 11 -13 13 -15 -16 16 -18 -19 19 55 -22 22 42 59 -26 -27 27 -29 29 30 76 -33 41 40 35 65 37 62 -40 -41 60 -43 54 45 46 49 53 48 -50 50 -52 -53 -54 -55 57 56 -58 71 -60 -61 -62 -63 -64 -65 -66 -67 -68 -69 -70 77 -72 -73 73 -75 -76 -77 -78 -79
leaf_value=-0.91796127987039655 -0.93569413017443581 -0.94004688165932493 -0.92256508499074363 -0.92141124902076299 -0.89186165883835267 -0.90292401591827065 -0.93005238326728124 -0.92243023695311099 -0.87694003662441222 -0.89081197434696369 -0.87368066066399275 -0.92041680303311024 -0.94940102977026153 -0.88881083640849001 -0.93783394584311042 -0.92341085429721403 -0.90429729918884671 -0.95800031227453286 -0.87845207245844448 -0.89120084430380042 -0.94394382341334693 -0.91529183150362592 -0.93152394889546353 -0.92293367773615864 -0.87130355182051822 -0.94346297953674618 -0.92157119112771579 -0.87702474208605252 -0.92261697045267232 -0.94580001354465304 -0.92930502519046809 -0.89324021990324598 -0.91141984542913823 -0.94197007939582778 -0.92464654825092918 -0.92835875047164318 -0.88350399728218376 -0.90009806863794939 -0.91214992629791869 -0.90892465904971409 -0.93613069074777 -0.8873874110877521 -0.94694792007520845 -0.93656695713834726 -0.93321305449428305 -0.91316319963009085 -0.9134069599332334 -0.9081091818770769 -0.86906434234892016 -0.88875705359916657 -0.92148191864069651 -0.91407943661808788 -0.87944834941585637 -0.91973960766826435 -0.92960481175550946 -0.93375361091571574 -0.90233652342869153 -0.89447675156899831 -0.89971996693642675 -0.89508558903694901 -0.9208939531796293 -0.9244050646689369 -0.92988962479550785 -0.88615362841250422 -0.91873266907768714 -0.91411089294565118 -0.93363014316152781 -0.92238624526281743 -0.93779106863584571 -0.91691273988934541 -0.90856878717858558 -0.91968446995181174 -0.91409987361428013 -0.88009168779666125 -0.90280782011108907 -0.94091229094467288 -0.90081354683606873 -0.90281999954343584
leaf_weight=72.522698700428009 218.78016686812043 134.53639692626894 142.90562502853572 227.90871358849108 84.546466702595353 41.704325199127197 366.5237746629864 95.498531054705381 99.414715243503451 41.794933002442122 281.65418127551675 45.100254371762276 48.251021079719067 56.797259766608477 50.469643702730536 142.50321204960346 146.55080418288708 150.25212135910988 88.454289378598332 58.395257836207747 349.00066761299968 48.535786088556051 91.872169112786651 94.725110322237015 39.854212962090969 73.752470064908266 53.297532422468066 48.698188245296478 107.20973396115005 104.31498313881457 61.353864887729287 62.978690981864929 386.31344382464886 46.136042265221477 86.668722115457058 313.06345288269222 69.278008438646793 69.507560538128018 237.20033853501081 71.090365715324879 128.99234862625599 59.942537784576416 65.099799897521734 244.31738780625165 49.050600089132786 83.063830571249127 134.53325203061104 66.190886456519365 104.45853465422988 47.668705334886909 538.6127427816391 102.86438909731805 50.056739723309875 282.81412013061345 72.494222367182374 57.27097112685442 59.929727155715227 79.541061585769057 41.644505430012941 49.339772814884782 1077.3322867229581 288.97416725382209 45.204977579414845 122.84829716198146 94.432559408247471 201.40476647019386 61.42221555672586 327.3407941441983 44.60731584019959 182.23839364945889 43.6991549693048 67.85887436196208 41.537713790312409 62.951860167086124 77.241131450980902 147.02038680762053 49.328797146677971 383.48001641221344
leaf_count=930 3280 1643 1823 2826 1023 527 4511 1126 1103 531 3875 593 556 843 622 749 763 785 1006 697 4126 698 1295 1172 512 883 555 548 1204 1228 760 802 5321 593 1003 4182 893 904 2841 837 1522 313 968 3095 823 984 2039 801 1233 595 7145 1411 648 3889 1051 665 709 1053 651 726 12878 3861 563 1361 994 2295 853 3983 419 2592 514 862 561 884 779 1814 562 5208
internal_value=-0.91708 -0.921481 -0.930376 -0.922161 -0.914562 -0.913598 -0.909301 -0.914893 -0.909403 -0.894609 -0.888101 -0.88024 -0.914154 -0.921191 -0.916829 -0.918956 -0.929074 -0.941647 -0.904486 -0.897832 -0.937928 -0.917427 -0.916132 -0.92676 -0.893784 -0.923552 -0.914822 -0.900039 -0.92577 -0.922377 -0.930976 -0.911722 -0.915801 -0.916895 -0.912107 -0.917743 -0.908541 -0.900695 -0.920496 -0.927448 -0.919207 -0.907843 -0.916973 -0.915083 -0.909286 -0.919805 -0.906554 -0.895124 -0.883366 -0.915 -0.918561 -0.929808 -0.899387 -0.912497 -0.923251 -0.908522 -0.917331 -0.914195 -0.917234 -0.913382 -0.922622 -0.928979 -0.912285 -0.897473 -0.906026 -0.922707 -0.920691 -0.915239 -0.911818 -0.909859 -0.92554 -0.906161 -0.903826 -0.892541 -0.887402 -0.933703 -0.916905 -0.90724
internal_weight=0 4362.49 956.347 464.441 6283.73 5682.15 1915.11 1392.96 1026.44 522.146 419.019 326.754 849.783 490.234 92.2646 3406.15 439.306 292.755 359.549 264.05 491.906 2966.84 2604 362.845 88.39 601.586 329.904 101.996 433.437 385.186 214.998 170.188 3767.04 3320.78 1086.95 785.127 270.659 183.991 527.834 290.633 2233.83 446.256 2515.61 1941.64 875.054 1066.58 783.181 261.345 170.649 719.402 586.281 347.182 133.121 521.837 573.968 175.596 117.201 219.894 90.6951 144.065 1206.32 354.074 114.713 301.827 178.979 514.468 103.127 1027.5 700.161 655.554 89.8352 147.4 239.023 104.49 176.656 219.543 110.683 565.718
internal_count=131473 54055 11521 5572 77418 70113 23552 16551 12040 7001 5621 4468 10158 5955 1153 42534 2297 1534 4203 3077 5949 40237 35059 5178 1210 7305 3929 1103 5112 4556 2550 2006 46561 40927 13218 9840 3363 2360 6422 3581 27709 5634 33849 26054 12176 13878 10881 3508 2034 9372 7740 4506 1632 7373 7795 2071 1374 2966 1474 1898 14400 4829 1467 3378 2017 6477 1380 13309 9326 8907 1107 1915 3484 1445 1882 2744 1322 7800
is_linear=0
shrinkage=1


Tree=1
num_leaves=79
num_cat=0
split_feature=30 29 6 5 5 28 12 13 27 27 15 13 33 28 12 12 33 13 13 15 15 15 5 5 27 27 5 15 4 10 29 6 15 5 5 13 0 29 28 0 27 15 15 15 0 27 15 13 0 28 15 12 10 12 27 8 13 13 13 10 13 12 6 8 28 13 15 0 13 33 5 13 13 29 5 15 12 8
split_gain=66.1321 33.6035 33.2634 46.936 27.1361 26.9844 46.6174 36.6512 30.7817 25.361 22.6543 29.6025 22.4932 56.8805 22.4417 21.8421 30.2643 21.422 40.0721 35.4141 31.6169 25.7782 22.8254 25.237 23.6557 22.5724 25.0556 21.3227 21.8066 20.4423 19.6255 17.625 18.5651 17.5625 16.8649 16.5108 15.4386 22.3328 27.4203 29.1374 19.3031 30.3369 28.7253 18.0509 17.5273 14.9255 14.7792 13.9418 13.3208 12.9609 12.9013 12.8502 12.932 12.5821 12.5805 12.4722 12.3914 12.0147 11.9192 11.9117 11.857 11.3475 17.3134 11.1817 19.9438 11.1458 10.9495 18.0388 21.09 10.9413 10.9338 10.5361 16.9745 31.1328 11.0019 18.336 10.3877 10.1636
threshold=1.0000000180025095e-35 -1.0000000180025095e-35 8.2519822120666522 3.117303848266602 0.038843119516968734 0.24825246632099154 -0.06385375931859015 0.053619492799043662 0.35222910344600683 0.79989895224571239 20.108101844787601 -0.026983631774783131 0.9962500035762788 -0.20576497167348859 0.018395701423287395 -0.01970557868480682 1.0000000180025095e-35 -0.057065440341830247 -0.0295734629034996 8.8715143203735369 4.9108972549438485 2.8640415668487553 3.6158685684204106 -0.30289247632026667 0.29026740789413458 0.29026740789413458 -1.4295694231986997 14.940397262573244 2.7613347768783574 0.13589802384376529 0.87837970256805431 4.4003522396087655 24.542944908142093 2.7223705053329472 1.2808878421783449 -0.0066169344354420892 1.1340336799621584 0.6078576147556306 0.054511256515979774 0.80901455879211437 0.010907442308962408 10.06626605987549 6.1054959297180185 9.6527123451232928 0.57936948537826549 0.79989895224571239 12.260030269622805 -0.019189425744116303 0.95601335167884838 0.60003554821014415 7.643019676208497 0.0045485591981560001 0.12020896747708322 0.032967802137136466 0.41268247365951544 -2.001660823822021 -0.068196076899766908 -0.0013098237686790524 -0.036782409995794289 0.054067753255367286 -0.072628583759069429 -0.030702868476510044 -5.2289512157440177 1.6319794654846194 0.63435554504394542 0.015844348818063739 8.2279863357543963 1.3440228104591372 0.0082159033045172709 1.497500002384186 -1.0279719233512876 0.0013528531999327245 0.03252332657575608 1.0000000180025095e-35 0.51282078027725231 8.5052103996276873 0.019792976789176468 0.62630185484886181
decision_type=2 2 8 10 10 2 10 10 2 2 10 10 10 2 10 10 10 10 10 10 10 10 10 10 2 2 10 8 10 10 2 10 10 10 10 10 10 2 2 10 2 10 10 10 10 2 10 10 10 2 10 10 10 10 2 10 10 10 10 10 10 10 10 10 2 10 10 10 10 8 10 10 10 2 10 10 10 10
left_child=5 76 4 -4 12 8 56 17 33 27 11 -11 -3 -14 -13 -9 70 21 19 20 58 -8 23 25 50 -20 57 36 54 -16 -23 35 -33 69 -22 45 37 38 39 -6 41 -39 -42 -41 -40 48 77 -44 -10 -5 -25 -52 -53 -24 -29 -35 -7 -27 -19 -46 -47 62 -37 64 -58 -38 -57 68 -68 -1 -17 -63 74 -74 75 -73 -2 -26
right_child=1 2 3 49 9 6 7 15 31 10 -12 14 13 -15 29 16 -18 18 22 -21 34 30 53 24 46 26 -28 28 -30 -31 -32 32 -34 55 -36 61 65 40 44 43 42 -43 47 -45 59 60 -48 -49 -50 -51 51 52 -54 -55 -56 66 63 -59 -60 -61 -62 71 -64 -65 -66 -67 67 -69 -70 -71 -72 72 73 -75 -76 -77 -78 -79
leaf_value=-0.014688566575242567 -0.034866554783604155 -0.0033456577754476238 -0.035184032340572061 -0.0092257217032949961 -0.030266117712214557 0.0043337436306358935 0.01073465262044632 0.045325760882634319 0.036625195701111342 -0.0022118254051339682 -0.015121385874625068 0.0051885788401151581 0.0049337285132858974 -0.035967708214322415 0.051114805315915911 0.021229098109348678 0.040824914002485974 -0.0068852581800294878 -0.0041305367988638611 -0.011769797836423153 0.062935647866161612 -0.0078826311507922825 0.031142917946255986 0.014631113563023747 -0.033478687422906675 0.005718792844091926 -0.0017335885310061762 -0.024288959443880792 0.014664236305909729 0.014989774387942044 -0.041394643791765266 -0.008472369287406141 0.021774266024598834 -0.0068935329310854717 0.021910683260618357 0.013137079739403241 -0.013520571677443935 -0.024669660242060666 0.043656506029664914 0.025542294263442625 0.034127567637552057 0.016175850767956041 -0.021646279030774821 -0.0097783755779234181 0.0004352982651304176 -0.010664070580588393 -0.0030645987307188283 0.0067179136093022404 0.011841509075645285 0.012656143953607868 -0.025817600334297537 0.010407501851181175 -0.018748391519120979 0.0059696187030222605 -0.00055849309578538881 0.023889601391725204 0.017268175785788983 0.03882881927106771 0.025170826610635025 0.025707288885393406 0.0118121934903463 -0.0070669141486486295 -0.018042482871646469 0.0097833366930691976 0.049374018591084153 0.011671384743447664 -0.02105592940251921 0.01206782789418007 0.0061224079573338457 -0.003546975594024687 0.00093055164951367662 0.027852492313901533 0.022876068315132083 -0.010407727669247 0.031707888398032021 -0.0040555106954636233 -0.0080237547453571641 -0.0069239452875658816
leaf_weight=212.56325966119766 88.841451374813914 1838.0541878305376 151.13998735509813 248.89929693937302 45.521676927804947 63.976306233555079 71.542872609570622 46.363456793129444 93.917733142152429 107.65107622183859 47.591589007526636 77.611185466870666 125.06878747045994 148.76434531807899 83.654229324311018 70.653535345569253 60.628521278500557 47.075531406328082 248.10473895445466 51.52775426581502 55.667084906250238 102.08873010985553 58.203625930473208 82.342083793133497 125.3596400693059 38.076107431203127 90.488273501396179 160.98380725272 48.875267026945949 66.211257498711348 58.790071977302432 265.15345325879753 45.131183881312609 180.39414075762033 49.103403773158789 51.486714655533433 165.7623120509088 126.90159224905074 62.911482039839029 68.674409369006753 55.027259251102805 47.950141044333577 50.878573825582862 45.372024685144424 75.424008497968316 52.892095856368542 88.097309889271855 96.027010476216674 108.27463109977543 66.555496163666248 47.973741738125682 91.033949378877878 42.735607890412211 149.1973816473037 70.325361888855696 64.218924203887582 93.778423570096493 81.349621744826436 39.311058197170496 84.837156606838107 280.96557608805597 89.968306854367256 100.66376014612615 64.207199832424521 88.450307480990887 40.75424998998642 95.225703744217753 273.03320299088955 138.25409106165171 1364.9198459871113 229.4668805282563 60.831171566620469 84.731526559218764 163.0967674497515 81.199505556374788 80.210294799879193 56.393484130501747 48.532391458749771
leaf_count=1110 1100 24823 2045 3106 537 776 848 688 1014 1492 570 1048 659 786 975 991 312 725 3129 617 613 1273 675 959 1430 551 1051 1980 591 750 729 3157 498 2232 572 687 2106 1426 745 889 763 524 702 553 881 647 1009 1052 1697 827 633 1081 549 1901 837 721 1180 1136 498 1078 3682 985 1414 794 1148 551 1215 3288 1781 18375 2856 682 979 2049 920 805 703 587
internal_value=0 -0.00402468 -0.00325576 -0.0146626 -0.00180552 0.00326573 0.00707251 0.00455946 0.000913376 0.00258006 0.0127554 0.0169924 -0.00520971 -0.0173132 0.02617 0.0167289 0.0124535 0.00152392 0.00363115 0.0203082 0.0292703 -0.0111108 0.000135758 -0.0027248 -0.00951676 0.00498597 0.0158622 -0.000537259 -0.0115182 0.0362928 -0.0211465 0.00585967 -0.00369201 -0.0023807 0.0457002 0.00827726 0.0026324 0.00566632 0.013359 -0.00077342 -0.00207938 -0.0130823 0.00728164 0.0112252 0.0235106 0.0143078 -0.019085 -0.00310242 0.0240873 -0.00435358 0 -0.00662924 0.000459589 0.0137299 -0.0174163 0.00328999 0.0234285 0.0292057 0.00764089 0.0144168 0.00802113 0.00361439 -0.00711168 0.0280394 0.0338545 -0.00818757 0.00661973 0.00416099 -0.00492852 -0.00511319 0.00609045 0.00664531 0.00941089 0.00096467 0.0184266 0.00976693 -0.0252751 -0.0266705
internal_weight=0 4352.66 4207.43 466.595 3740.83 6271.26 2384.13 2073.71 3887.13 1628.95 382.719 335.128 2111.89 273.833 227.477 407.112 360.749 1666.6 1434.18 242.685 191.157 232.422 1191.49 984.093 526.075 458.019 209.914 1246.23 280.184 149.865 160.879 1558.52 310.285 2328.61 104.77 1248.24 966.042 759.525 382.741 159.568 376.785 174.852 201.933 114.046 223.173 536.05 261.989 146.906 202.192 315.455 264.085 181.743 133.77 207.401 231.309 751.126 310.412 119.426 86.3866 160.261 333.858 712.188 152.15 246.436 182.229 206.517 570.732 506.513 233.48 1577.48 300.12 560.038 470.069 247.828 222.241 141.041 145.235 173.892
internal_count=131348 54099 52296 5978 46318 77249 29311 25413 47938 20050 4835 4265 26268 1445 2773 4847 4159 20566 17716 3025 2408 2850 14691 12115 6248 5867 2738 15215 3408 1725 2002 19216 3655 28722 1185 15561 11807 9150 4683 1979 4467 1950 2517 1442 2704 7040 3026 1754 2711 3933 3222 2263 1630 2576 2817 9237 3898 1687 1223 1959 4329 8521 2101 3122 2328 2657 7005 6284 2996 19485 3847 6420 5435 3028 2407 1487 1803 2017
is_linear=0
shrinkage=0.0454652


Tree=2
num_leaves=79
num_cat=0
split_feature=27 3 28 2 28 27 6 16 3 3 6 3 17 22 0 16 6 32 22 16 23 0 6 2 3 2 15 3 28 3 3 15 17 16 2 17 0 23 15 16 15 6 3 3 23 15 16 23 3 2 16 2 3 2 3 2 27 27 2 6 15 15 3 16 6 2 16 6 16 27 16 28 3 6 3 15 2 15
split_gain=26.5535 37.7639 39.2126 32.3463 36.8371 25.0398 27.2522 25.2757 24.7207 39.287 37.1866 23.0967 20.086 19.8753 18.3281 16.7709 24.5884 25.1249 23.0945 21.2267 25.4615 22.3488 17.629 17.3748 20.1799 16.68 24.9071 24.1154 26.3297 17.7363 24.0478 22.1612 21.5664 20.9678 16.2685 15.9592 15.8592 15.7733 16.6726 18.3869 15.5339 19.9875 15.3512 48.5308 14.8415 14.7163 20.8861 14.6943 14.6171 14.7989 21.0218 14.786 14.1025 12.635 12.2278 16.5183 12.1988 12.1073 12.002 11.8237 13.5863 12.2722 11.7808 11.2574 15.8387 11.6281 10.6758 12.9485 10.5085 12.195 15.3303 19.0989 10.3868 10.3064 10.2788 10.8857 10.0113 9.90146
threshold=0.65106672048568737 0.61170932650566112 -0.54643493890762318 1.6429018378257754 0.39271505177021032 -0.52803644537925709 8.789640426635744 0.92389225959777843 0.35089038312435156 0.3057831078767777 -1.0241590738296507 0.97086820006370556 64.500000000000014 -0.25958365201950068 0.49655050039291387 0.44887790083885198 -7.6175444126129142 1.0000000180025095e-35 -0.33193917572498316 0.35176999866962438 0.69697168469429027 0.49655050039291387 -3.3945943117141719 0.74921894073486339 0.49591507017612463 1.1141885519027712 4.0335776805877694 0.46172113716602331 0.29026740789413458 0.51380077004432689 0.41850104928016668 7.1234636306762704 34.500000000000007 0.67405465245246898 0.43741352856159216 76.500000000000014 0.58730068802833568 1.3681597113609316 20.32364654541016 0.85046577453613292 9.0984697341918963 -6.4871015548706046 0.19165907800197604 0.2133668661117554 0.30817620456218725 17.333865165710453 0.34324263036251074 0.71685391664505016 0.23256656527519229 0.66171684861183178 0.4699214398860932 0.50223988294601452 0.93056210875511181 0.59911480545997631 0.24416343867778781 0.42281129956245428 0.054511256515979774 0.18436925113201144 1.4693904519081118 -5.7653763294219962 6.3821258544921884 2.6071643829345708 0.66231039166450512 0.67794460058212291 5.4056684970855722 0.72194942831993114 0.32234355807304388 9.3860564231872576 0.95060935616493236 -0.05451125651597976 0.65037921071052562 -0.7866188883781432 0.56270945072174083 -2.528039693832397 0.49591507017612463 9.7341718673706072 0.48463295400142675 13.413490295410158
decision_type=2 8 2 10 2 2 10 10 10 10 10 10 2 10 10 8 10 2 10 10 10 10 8 10 10 8 10 10 2 10 10 10 2 10 10 2 10 10 10 10 10 10 10 10 8 10 10 10 10 10 10 10 10 10 10 8 2 2 10 10 10 10 8 8 10 8 10 10 10 2 8 2 10 10 10 10 8 10
left_child=3 8 35 15 37 6 11 45 9 10 48 -6 -4 25 -12 16 57 19 22 20 23 -21 -17 -18 -25 26 -10 -27 -29 30 31 -28 -32 -33 -11 -3 -26 38 39 40 41 -5 -16 -44 -24 46 -7 -8 51 50 -50 -2 68 -19 -45 -56 72 -1 76 61 -61 -55 -14 65 -65 -15 -39 -68 69 74 -71 -72 -23 -58 -46 -76 -20 -78
right_child=1 2 12 4 5 7 47 -9 13 34 14 -13 62 63 42 18 17 53 58 21 -22 56 44 24 36 27 29 28 -30 -31 32 33 -34 -35 -36 -37 -38 66 -40 -41 -42 -43 43 54 52 -47 -48 -49 49 -51 -52 -53 -54 59 55 -57 73 -59 -60 60 -62 -63 -64 64 -66 -67 67 -69 -70 70 71 -73 -74 -75 75 -77 77 -79
leaf_value=-0.0064530743469624766 0.011706324901052887 0.026928862917892826 -0.022391144387854441 -0.0044520509559001636 0.042042490552220008 -0.0070587037839325417 -0.015478344692690915 0.030873956293810307 -0.0094017875796544633 0.013049772416687699 -0.026711483015574564 0.0082044462566369363 0.017921415629966422 0.0098272870223439883 -0.013049147980827557 0.0048020075770068863 -0.015310860900904133 0.015476804782981097 -0.013748409699093196 0.040576184934001974 0.0085542489320078411 -0.018899749180136725 0.0103413757864465 -0.012832495856858616 0.03404565475069931 0.045936313405580777 0.043633651975963965 -0.0072747201660378598 0.035184154598408707 0.031669581387442039 0.012301884079238906 -0.0068342344873245798 -0.019723786954011304 0.02768089104778787 -0.015481112630014175 -0.0061309399951108455 -0.0014541747874958905 -0.0034349623474356811 -0.019405955612174872 0.024243966591355335 -0.015476114346071596 0.023656962936311469 0.045414179134627142 -0.013459160842938796 -0.031130204253026639 -0.016818805164057395 0.025047803559788848 0.015487523437970404 0.040591352021446564 -0.0055698524819135396 0 0.047523176472137961 0.0056484561749827163 -0.012780773974926765 0.028392865874261566 -8.2442091354591431e-06 -0.0012017579385934813 -0.026969089798966984 -0.014146667879503293 -0.013115316624821806 0.0023149375701867832 0.014963284119253056 -0.0097451723920329528 0.024722863999701906 -0.00016214541212963542 -0.0058313974026317833 0.016453687018279185 0.0009634545959660444 0.0063744767024701944 -0.00024371789297730816 -0.026646800905709488 -0.0054873944954677038 0.010607225225822253 0.022448200942223526 -0.025007923106075029 -0.0088138956556448843 -0.0028314112089427679 0.0046204617083262936
leaf_weight=279.076171182096 50.303979489952326 74.819990914314985 249.53367239236832 240.83726160041988 134.91023932024837 103.84198399633169 45.414211334660649 51.463534032925963 98.993092222139239 42.610228901728988 45.69582093693316 68.57793216407299 43.147210877388716 145.53166888840497 104.20903827063739 149.23624361120164 214.55173375271261 54.260373998433352 108.75576229020953 57.507246848195791 520.05573085509241 44.385019328445196 56.762771259993315 76.813046466559172 50.748710036277771 76.952391099184752 57.630095317959785 61.916994472965598 50.46808466129005 103.33093607984483 88.078404042869806 70.879841342568398 77.383644137531519 64.847393020987511 306.72438538633287 43.479034576565027 44.117587005719543 252.41017885506153 141.9787970520556 45.88129792176187 171.15175386145711 62.126566065475345 52.165303958579898 96.861009147018194 132.35978753119707 94.716101666912436 63.332944925874472 81.323632279410958 50.575420359149575 65.51790127530694 47.535591887310147 60.319690888747573 77.564090188592672 44.946277659386396 46.939834473654628 228.61627028137445 46.752979170531034 77.368354417383671 146.62217992171645 445.41545142047107 151.613924453035 91.622006518766284 92.776482978835702 102.2748603336513 97.393786896020174 279.03370899707079 204.76816573552787 256.09902537986636 46.173795389011502 224.51243871636689 169.26754199527204 199.7350575234741 44.608350744470954 134.25907660275698 153.48306446708739 236.4092733245343 871.5266552194953 630.93790387362242
leaf_count=3522 614 895 2875 3170 1571 1378 536 494 1374 551 631 789 462 1959 1256 1726 2754 853 1259 693 6778 499 517 997 648 895 684 751 589 1169 1032 796 1055 702 3969 545 496 3217 1727 677 2066 821 614 1166 1642 928 743 959 651 921 652 730 1112 576 458 2759 607 939 1834 5584 1834 1118 1215 1257 1130 3596 2431 2900 652 2513 1867 2616 565 1613 1859 3153 10744 7848
internal_value=0 0.00353475 -0.00776436 -0.00146867 0.00344665 0.0123913 0.021074 0.00293398 0.00577487 0.000949133 0.00626544 0.0312596 -0.0148284 0.00992988 -0.000257364 -0.00325651 -0.0003407 0.00158578 -0.00540275 0.00564679 0.00197412 0.0155131 -0.00965989 -0.00675776 0.00376114 0.014921 0.0107006 0.0266868 0.0119385 0.0151558 0.00996286 0.0207081 -0.00250259 0.00963439 -0.0117524 0.0145806 0.017665 -0.000728129 -0.00579399 -0.00186203 -0.00467591 0.00139125 0.0021244 0.00605124 -0.0113722 -0.00276291 0.00512712 0.00388174 0.0199075 0.0104107 0.0213558 0.0326584 -0.0124365 -0.00470856 0 0.00499944 0.00947181 -0.0112966 -0.00186006 -0.00634513 -0.00912659 0.00537955 -0.000347698 0.00379368 0.0125852 -0.00030764 0.0039116 0.00803494 -0.0137012 -0.0145957 -0.00985779 -0.0155098 -0.00376877 0.0161845 -0.0197692 -0.0155058 -0.00067882 0.000269558
internal_weight=0 3076.55 503.756 7600.28 2018.83 643.581 330.226 313.355 2572.79 1198.07 848.74 203.488 385.457 1374.71 574.487 5581.45 2378.1 2021.66 3203.35 1233.8 906.287 327.513 1445.5 386.231 171.679 750.481 561.143 189.337 112.385 462.15 358.819 193.357 165.462 135.727 349.335 118.299 94.8663 1375.25 661.976 519.997 474.116 302.964 528.791 424.582 1296.27 261.891 167.175 126.738 274.253 163.629 98.111 110.624 1239.51 787.858 372.417 275.556 270.005 356.445 1757.84 733.598 597.029 136.568 135.924 624.234 199.669 424.565 713.277 460.867 1161.94 1115.77 593.515 369.003 88.9934 181.012 522.252 389.892 1611.22 1502.46
internal_count=131778 37953 5992 93825 24407 7398 3855 3543 31961 14972 10452 2360 4552 16989 6884 69418 30076 25615 39342 15650 11673 3977 17657 4895 2141 9047 6812 2235 1340 5438 4269 2182 2087 1498 4520 1440 1144 17009 8461 6734 6057 3991 6253 4997 15931 3049 2121 1495 3568 2224 1303 1344 15414 9965 4383 3217 3284 4461 21685 9112 7418 1694 1677 7942 2387 5555 8548 5331 14302 13650 6996 4483 1064 2220 6654 5012 19851 18592
is_linear=0
shrinkage=0.0454652


end of trees

feature_importances:
Column_3=30
Column_15=22
Column_28=20
Column_12=15
Column_13=14
Column_6=12
Column_27=12
Column_2=11
Column_14=11
Column_16=11
Column_5=9
Column_0=8
Column_11=7
Column_21=7
Column_17=6
Column_7=5
Column_18=5
Column_33=5
Column_23=4
Column_29=4
Column_30=4
Column_4=3
Column_8=3
Column_10=3
Column_22=2
Column_32=1

parameters:
[boosting: gbdt]
[objective: binary]
[metric: auc]
[tree_learner: serial]
[device_type: cpu]
[data_sample_strategy: bagging]
[data: ]
[valid: ]
[num_iterations: 600]
[learning_rate: 0.0454652]
[num_leaves: 79]
[num_threads: 2]
[seed: 2024]
[deterministic: 0]
[force_col_wise: 0]
[force_row_wise: 0]
[histogram_pool_size: -1]
[max_depth: -1]
[min_data_in_leaf: 525]
[min_sum_hessian_in_leaf: 0.001]
[bagging_fraction: 0.774687]
[pos_bagging_fraction: 1]
[neg_bagging_fraction: 1]
[bagging_freq: 1]
[bagging_seed: 2024]
[feature_fraction: 0.515409]
[feature_fraction_bynode: 1]
[feature_fraction_seed: 2024]
[extra_trees: 0]
[extra_seed: 29642]
[early_stopping_round: 0]
[early_stopping_min_delta: 0]
[first_metric_only: 0]
[max_delta_step: 0]
[lambda_l1: 1.07292]
[lambda_l2: 4.08529]
[linear_lambda: 0]
[min_gain_to_split: 0]
[drop_rate: 0.1]
[max_drop: 50]
[skip_drop: 0.5]
[xgboost_dart_mode: 0]
[uniform_drop: 0]
[drop_seed: 2449]
[top_rate: 0.2]
[other_rate: 0.1]
[min_data_per_group: 100]
[max_cat_threshold: 32]
[cat_l2: 10]
[cat_smooth: 10]
[max_cat_to_onehot: 4]
[top_k: 20]
[monotone_constraints: ]
[monotone_constraints_method: basic]
[monotone_penalty: 0]
[feature_contri: ]
[forcedsplits_filename: ]
[refit_decay_rate: 0.9]
[cegb_tradeoff: 1]
[cegb_penalty_split: 0]
[cegb_penalty_feature_lazy: ]
[cegb_penalty_feature_coupled: ]
[path_smooth: 0]
[interaction_constraints: ]
[verbosity: -1]
[saved_feature_importance_type: 0]
[use_quantized_grad: 0]
[num_grad_quant_bins: 4]
[quant_train_renew_leaf: 0]
[stochastic_rounding: 1]
[linear_tree: 0]
[max_bin: 255]
[max_bin_by_feature: ]
[min_data_in_bin: 3]
[bin_construct_sample_cnt: 200000]
[data_random_seed: 6648]
[is_enable_sparse: 1]
[enable_bundle: 1]
[use_missing: 1]
[zero_as_missing: 0]
[feature_pre_filter: 1]
[pre_partition: 0]
[two_round: 0]
[header: 0]
[label_column: ]
[weight_column: ]
[group_column: ]
[ignore_column: ]
[categorical_feature: ]
[forcedbins_filename: ]
[precise_float_parser: 0]
[parser_config_file: ]
[objective_seed: 12337]
[num_class: 1]
[is_unbalance: 0]
[scale_pos_weight: 1]
[sigmoid: 1]
[boost_from_average: 1]
[reg_sqrt: 0]
[alpha: 0.9]
[fair_c: 1]
[poisson_max_delta_step: 0.7]
[tweedie_variance_power: 1.5]
[lambdarank_truncation_level: 30]
[lambdarank_norm: 1]
[label_gain: ]
[lambdarank_position_bias_regularization: 0]
[eval_at: ]
[multi_error_top_k: 1]
[auc_mu_weights: ]
[num_machines: 1]
[local_listen_port: 12400]
[time_out: 120]
[machine_list_filename: ]
[machines: ]
[gpu_platform_id: -1]
[gpu_device_id: -1]
[gpu_use_dp: 0]
[num_gpu: 1]

end of parameters

pandas_categorical:null
