tree
version=v4
num_class=1
num_tree_per_iteration=1
label_index=0
max_feature_idx=33
objective=binary sigmoid:1
feature_names=Column_0 Column_1 Column_2 Column_3 Column_4 Column_5 Column_6 Column_7 Column_8 Column_9 Column_10 Column_11 Column_12 Column_13 Column_14 Column_15 Column_16 Column_17 Column_18 Column_19 Column_20 Column_21 Column_22 Column_23 Column_24 Column_25 Column_26 Column_27 Column_28 Column_29 Column_30 Column_31 Column_32 Column_33
feature_infos=[0.22403052449226379:4.806818962097168] [0.027025075629353523:26.170040130615234] [0.17134076356887817:8.6935958862304688] [0.087584272027015686:1] [-28.67047119140625:41.262332916259766] [-36.190670013427734:42.326030731201172] [-36.841156005859375:62.500308990478516] [-45.158794403076172:63.120437622070312] [-22.455821990966797:30.680826187133789] [0:0.95389312505722046] [0:0.64536702632904053] [0:0.40022626519203186] [-0.51016271114349365:0.5480339527130127] [-0.15783818066120148:0.22172828018665314] [-46.22015380859375:17.161741256713867] [-8.3726015090942383:64.2962646484375] [0:1] [0:95] [0:95] [-1:1] [-29.775985717773438:44.984848022460938] [-30.712318420410156:55.0223388671875] [-2.5033562183380127:15.253066062927246] [0.049656935036182404:4.2456021308898926] [-1:1] [0:1] [0:1] [-1:1] [-1:1] [-0.78183150291442871:0.97492790222167969] [-0.90096884965896606:1] [0:1] [0:1] [0.99500000476837158:4.497499942779541]
tree_sizes=1726 1796 1798 1795 1815 1793 1775 1772

Tree=0
num_leaves=15
num_cat=0
split_feature=28 27 0 30 5 14 2 15 2 23 20 14 33 16
split_gain=116.112 100.155 60.9825 49.8959 49.6887 38.2189 35.357 31.7478 30.5242 28.4923 37.2011 27.7387 25.1092 24.8904
threshold=-0.24825246632099149 0.054511256515979774 0.57514488697052013 0.81174489855766307 0.66785201430320751 -6.3081083297729483 0.72194942831993114 24.972795486450199 0.5250304937362672 0.84247764945030224 0.6420007348060609 -15.194479942321776 1.497500002384186 0.15238714218139651
decision_type=2 2 10 2 8 10 8 10 8 10 10 8 8 10
left_child=5 2 -2 7 -5 8 -4 13 -1 10 -7 -10 -8 -3
right_child=1 3 6 4 -6 9 12 -9 11 -11 -12 -13 -14 -15
leaf_value=-1.0439142323711323 -1.0452988556238745 -1.037736385227058 -1.037299756278079 -1.0351394861549501 -1.0407793551211548 -1.0317067996970286 -1.0392195396532586 -1.0454693144158185 -1.0381439088404467 -1.0386955291967186 -1.0385940088602545 -1.0403434449845788 -1.0425762972497807 -1.0407875315209092
leaf_weight=170.85302334465086 679.93085962720215 304.92366845719516 153.19645937532187 366.62553105130792 254.83388059586287 153.55127503350377 239.26872810721397 125.60601687245071 871.36704054474831 1474.0989786479622 207.02976231463253 1868.0108871720731 1774.2642203141004 2135.2065562941134
leaf_count=2092 9052 4422 2056 4966 3214 1625 1324 1465 11905 19632 2260 24490 24776 27634
internal_value=-1.04035 -1.04127 -1.04265 -1.04005 -1.03749 -1.03916 -1.04178 -1.04066 -1.0399 -1.03801 -1.03543 -1.03962 -1.04215 -1.04038
internal_weight=0 6033.86 2846.66 3187.2 621.459 4744.91 2166.73 2565.74 2910.23 1834.68 360.581 2739.38 2013.53 2440.13
internal_count=140913 78909 37208 41701 8180 62004 28156 33521 38487 23517 3885 36395 26100 32056
is_linear=0
shrinkage=1


Tree=1
num_leaves=15
num_cat=0
split_feature=22 27 27 30 12 33 14 0 0 15 12 11 27 11
split_gain=101.016 70.7632 31.1631 40.3208 51.9339 48.4807 37.4459 36.23 24.2696 35.8527 27.8905 24.2307 23.2837 18.8722
threshold=-0.84456413984298695 0.18436925113201144 -0.69930991530418385 1.0000000180025095e-35 0.019060152582824234 0.9962500035762788 -9.126067638397215 1.0586386919021609 0.64860013127326976 4.0936431884765634 0.04353251866996289 0.050428386777639396 0.91080963611602794 0.1396901682019234
decision_type=10 2 2 2 10 10 10 10 10 10 10 10 2 10
left_child=1 -1 6 8 5 11 7 -2 9 -4 -11 -5 -6 -13
right_child=2 -3 3 4 12 -7 -8 -9 -10 10 -12 13 -14 -15
leaf_value=-0.0043978627488963024 -0.0041822355020507658 0.00047962059799119133 0.0029697900576823979 0.00047596607954795696 0.00060877362417214101 0.0069928093779028002 0.00050182586740600782 -0.00044008184877428766 0.00044047794863167966 -0.0034823763365414129 0.0013539464825157842 0.0039020223174573909 -0.0031071750182504452 0
leaf_weight=837.41255854070187 450.5032700560987 450.53326374478638 138.51549463905394 672.21013415418565 896.25013335421681 233.82264791429043 1340.7395297177136 696.7486932259053 3341.8873691502959 552.80361009761691 137.46920942887664 657.95046120882034 204.50659110024571 163.16277574002743
leaf_count=11652 6141 6500 1922 9590 11631 1296 17486 8599 43293 6901 1736 9433 2715 2022
internal_value=0 -0.00266765 0.000340975 0.000688982 0.00161942 0.00270975 -0.000620834 -0.00196255 4.66044e-05 -0.0014827 -0.00245691 0.00197999 -6.17065e-05 0.00314667
internal_weight=0 1287.95 9486.57 6998.58 2827.9 1727.15 2487.99 1147.25 4170.68 828.788 690.273 1493.32 1100.76 821.113
internal_count=140917 18152 122765 90539 36687 22341 32226 14740 53852 10559 8637 21045 14346 11455
is_linear=0
shrinkage=0.0101079


Tree=2
num_leaves=15
num_cat=0
split_feature=28 2 33 17 29 14 3 23 3 30 3 14 17 3
split_gain=106.031 72.6536 76.5866 69.5192 49.0895 45.5351 41.1032 41.9798 39.7706 33.4545 29.838 27.3838 27.6317 26.3764
threshold=-0.20576497167348859 0.51923581957817089 1.497500002384186 48.500000000000007 -0.60785761475563038 -6.9725887775421134 0.34269320964813238 0.5513073503971101 0.2273448929190636 0.81174489855766307 0.2558600008487702 -15.194479942321776 59.500000000000007 0.28585036098957067
decision_type=2 8 8 2 2 10 8 10 10 2 10 8 2 10
left_child=5 8 3 -3 -4 11 9 -8 -2 10 -6 12 -1 -13
right_child=1 2 4 -5 6 -7 7 -9 -10 -11 -12 13 -14 -15
leaf_value=-0.00046770332878136854 -0.0017341209646869616 -0.0016696525470186374 0.0042208600167374967 0.0050744542622092248 -0.0043244182711024912 0.0022058696685327774 -0.0046988989018159162 -0.0018907112543319795 0.0031571985014287292 0.004591487826215988 0.00066537181699737101 -0.0049001860658804261 0.0029866870905556546 -0.00012303764427266039
leaf_weight=362.07126503810287 216.89615418948233 274.71556311845779 121.2889495305717 327.79085196554661 168.7999265473336 2116.6420972123742 705.33190202340484 2957.2665363550186 610.33689198456705 136.25693080015481 365.01757510192692 121.08714048564434 581.59562056511641 1723.3526458907872
leaf_count=4943 2794 1520 1731 1810 2507 27084 10218 41276 7897 1793 5359 1436 7808 22849
internal_value=0 -0.000922244 -0.00138128 0.00195065 -0.00184365 0.00108869 -0.00202987 -0.00245118 0.00182208 0.000214916 -0.000876384 0.000222376 0.0016256 -0.000477425
internal_weight=0 5883.7 5056.47 602.506 4453.96 4904.75 4332.67 3662.6 827.233 670.074 533.818 2788.11 943.667 1844.44
internal_count=141025 76905 66214 3330 62884 64120 61153 51494 10691 9659 7866 37036 12751 24285
is_linear=0
shrinkage=0.0101079


Tree=3
num_leaves=15
num_cat=0
split_feature=0 27 16 27 23 29 17 30 16 17 5 11 27 7
split_gain=94.4457 79.5924 34.1451 33.9488 56.6357 41.491 35.6049 62.7143 25.8019 23.9058 28.4093 23.8 23.3536 21.2736
threshold=0.57936948537826549 0.054511256515979774 0.20909450203180316 -0.50938662886619557 1.1473417878150942 -1.0000000180025095e-35 58.500000000000007 1.0000000180025095e-35 0.76039871573448192 71.500000000000014 3.3550016880035405 0.041088871657848365 -0.49049438536167139 4.212451934814454
decision_type=10 2 8 2 10 2 2 2 10 2 10 10 2 10
left_child=1 12 -3 4 5 11 -5 -8 -4 10 -7 -2 -1 -9
right_child=3 2 8 6 -6 9 7 13 -10 -11 -12 -13 -14 -15
leaf_value=-0.007954744645419249 0.0050475090074944395 0.0054412786526730648 -0.0022235867178015071 0.00017814626665960148 0.00074504249399664016 -0.00015973740855492778 0.00023227711928422161 0.004357879834858744 0.0025392620196317468 -0.0045772563108804117 -0.0047736281186293488 -0.000719122878682841 -0.0034428522502794206 0.0010434968267040775
leaf_weight=193.69958602264524 107.66101189702749 94.505894972011447 418.50427496433258 3729.3481684755534 1754.1370112132281 515.76489566452801 1334.7959039434791 824.39592616073787 146.47703064791858 469.28388786874712 188.42846821062267 170.48945764638484 506.63348626345396 313.55924805812538
leaf_count=2344 1428 1349 5697 47767 22335 7091 18048 10724 2139 6121 2617 2403 7026 3743
internal_value=0 -0.0024663 0 0.000376298 -0.000459498 -0.00193909 0.000814863 0.00175532 -0.000900658 -0.00278001 -0.00148917 0.00144639 -0.00482027 0.003493
internal_weight=0 1359.82 659.487 9407.86 3205.76 1451.63 6202.1 2472.75 564.981 1173.48 704.193 278.15 700.333 1137.96
internal_count=140832 18555 9185 122277 41995 19660 80282 32515 7836 15829 9708 3831 9370 14467
is_linear=0
shrinkage=0.0101079


Tree=4
num_leaves=15
num_cat=0
split_feature=22 27 2 13 0 3 2 0 10 30 14 3 7 15
split_gain=88.2202 68.3009 31.6856 42.2651 34.4635 26.7155 22.5419 22.0985 20.9123 48.6426 24.8513 33.2284 29.5107 34.6596
threshold=-0.8541007637977599 0.076279435306787505 1.6429018378257754 -0.077943731099367128 0.45689232647418981 0.2273448929190636 0.47194351255893713 1.6262454986572268 0.1626263111829758 1.0000000180025095e-35 -8.2393941879272443 0.33382016420364385 7.3033537864685067 10.618701934814455
decision_type=10 2 8 10 10 10 10 10 10 2 10 10 10 10
left_child=1 -1 3 -2 -5 -6 -7 8 10 -10 12 -12 13 -8
right_child=2 -3 -4 4 5 6 7 -9 9 -11 11 -13 -14 -15
leaf_value=-0.0043834734952996118 0.0044332933412689277 0.00043435239600386928 -0.000752697451156529 -0.0038744804635940278 -0.0018855320986361534 0.0028814559559253573 -0.00066780713088319564 0.0024889335729626379 -0.00035870550272659843 0.0043186568856802693 0.0035087470362793719 0.00025512069993425857 -0.0047294667286095883 0.0048590349326236831
leaf_weight=771.98866572231054 281.96270282939076 463.99789362959564 2165.5719322767109 171.95016967691481 403.47680249810219 471.65304204262793 1922.1754752006382 557.01016949675977 467.37050843238831 407.77642870694399 383.06036585941911 2006.4627209175378 163.61975846812129 114.74804260209203
leaf_count=10807 3550 6704 29018 2242 5066 5541 25661 7295 5905 4831 4820 25748 1934 1443
internal_value=0 -0.0025507 0.0003116 0.000631085 0.000469092 0.000587404 0.000749315 0.000572176 0.000366223 0.00179334 8.27935e-05 0.000803109 -0.000681114 -0.000319673
internal_weight=0 1235.99 9516.84 7351.27 7069.3 6897.35 6493.88 6022.22 5465.21 875.147 4590.07 2389.52 2200.54 2036.92
internal_count=140565 17511 123054 94036 90486 88244 83178 77637 70342 10736 59606 30568 29038 27104
is_linear=0
shrinkage=0.0101079


Tree=5
num_leaves=15
num_cat=0
split_feature=28 27 29 22 13 30 5 7 14 13 2 21 13 13
split_gain=104.076 103.411 70.0863 56.5417 46.0529 36.9984 46.8676 31.9852 31.3155 34.297 28.6312 28.4073 29.9633 24.7553
threshold=-0.24825246632099149 0.11969653144478799 -1.0000000180025095e-35 -0.61828869581222523 0.089991074055433287 0.81174489855766307 0.47152568399906164 9.1530094146728533 -13.548595428466795 0.055265909060835845 0.60344317555427562 6.779571771621705 -0.077943731099367128 -0.014869592618197201
decision_type=2 2 2 10 8 2 10 10 10 10 8 10 10 10
left_child=7 2 8 10 5 11 13 -1 -2 -10 -4 12 -3 -7
right_child=1 4 3 -5 -6 6 -8 -9 9 -11 -12 -13 -14 -15
leaf_value=0.00062560654188210853 -0.0029977569940786465 0.0039693890005164057 0 -0.0014819302740704616 -0.0041530474611739254 0.0020760437709400354 -0.00029528787282046524 0.0025778291848245751 0.0038081409126500048 -0.0025364365728087809 -0.0052398569704756905 0.0034336013010687013 -0.00054844158041387212 0.0083404828996127695
leaf_weight=3600.037547243759 146.8263095151633 154.04352607764304 118.49296504259109 1261.0552160684019 200.60698264092207 147.9157781675458 216.45205993205309 1162.363294173032 338.47367331944406 102.38296430557966 991.56205387786031 239.2226443272084 1932.2977011725307 164.21627575345337
leaf_count=47417 1948 1969 1817 16257 2450 2080 2803 14741 4603 1131 13034 3242 25228 2101
internal_value=0 -0.000884853 -0.00223131 -0.00300766 0.00040839 0.000753368 0.00315182 0.00111394 0.000831403 0.00222631 -0.00468275 0.000182333 -0.000182278 0.0056189
internal_weight=0 6013.55 2958.79 2371.11 3054.75 2854.15 528.584 4762.4 587.683 440.857 1110.06 2325.56 2086.34 312.132
internal_count=140821 78663 38790 31108 39873 37423 6984 62158 7682 5734 14851 30439 27197 4181
is_linear=0
shrinkage=0.0101079


Tree=6
num_leaves=15
num_cat=0
split_feature=28 29 3 23 16 3 20 14 6 15 23 14 17 6
split_gain=94.4909 46.3292 52.8205 54.3335 39.2987 47.7613 42.0773 38.0289 32.2334 27.4241 56.0403 23.8396 30.8748 22.8376
threshold=-0.22706275433301923 -0.60785761475563038 0.43084722757339483 0.57237303256988536 0.15658605098724368 0.20904158800840381 -1.7869557142257688 -6.9725887775421134 0.35349984467029577 8.5052103996276873 0.83884719014167797 -15.0590443611145 59.500000000000007 -9.2839703559875471
decision_type=2 2 8 10 10 10 10 10 10 10 10 8 2 10
left_child=7 -2 4 -4 6 -6 -3 11 9 -9 -11 12 -1 -14
right_child=1 2 3 -5 5 -7 -8 8 -10 10 -12 -13 13 -15
leaf_value=-0.00065944521927856822 0.0045635096398488895 -0.00023681175132069635 -0.0040623832610779398 -0.0010597861209742461 -0.004657784901252798 0.00037540343042631759 0.00734545542443825 0 0.0014044012003686262 0.011862904566762094 0.0024880787146913117 -0.00041742795194367889 0.00041638603107685889 0.0046989262895252605
leaf_weight=362.3416731916368 146.98022828809917 123.97377624362707 794.01762549951673 3010.6245407704264 211.93593523278832 1511.7996792439371 148.05826336331666 107.85358007438481 1675.3695653006434 107.90365996584296 196.81650010868907 1801.0285007916391 240.36829718947411 335.21987233310938
leaf_count=4925 1913 1771 10591 38774 2757 19932 2051 1411 21369 1172 2663 23727 3267 4489
internal_value=0 -0.000854672 -0.00100476 -0.00170392 0.0003093 -0.000237849 0.003833 0.00104744 0.0020751 0.0046273 0.00614619 0.000245701 0.00155497 0.00300881
internal_weight=0 5947.39 5800.41 3804.64 1995.77 1723.74 272.032 4826.9 2087.94 412.574 304.72 2738.96 937.93 575.588
internal_count=140812 77789 75876 49365 26511 22689 3822 63023 26615 5246 3835 36408 12681 7756
is_linear=0
shrinkage=0.0101079


Tree=7
num_leaves=15
num_cat=0
split_feature=22 27 13 0 3 2 22 27 30 27 14 12 5 2
split_gain=86.5379 66.8023 26.7354 32.8833 26.306 33.3918 34.7277 24.3201 22.9173 22.2992 27.0219 22.1194 19.9602 18.7812
threshold=-0.84456413984298695 0.18436925113201144 -0.090977828949689851 0.46398361027240759 0.2273448929190636 1.1638841629028323 -0.26571391522884363 -0.11969653144478797 0.81174489855766307 -0.88186877965927113 -12.050759792327879 -0.046862529590725892 -2.2670787572860713 0.60344317555427562
decision_type=10 2 10 10 10 8 10 2 2 2 10 10 10 8
left_child=1 13 -2 -4 -5 8 7 9 -6 10 -7 -10 -13 -1
right_child=2 -3 3 4 5 6 -8 -9 11 -11 -12 12 -14 -15
leaf_value=0 0.0037895013660876864 0.00060947660435618257 -0.0036635636159417584 -0.0020812432448825717 0.00071027436053739638 -0.0043298462395969734 0.00047383286828542841 0 0.0067750525135452247 -0.0049076631848973774 0.00059192910218067889 -0.0011714585624278573 0.0027305987178030964 -0.0046817726384217424
leaf_weight=101.26820211857557 219.66920707374811 453.073541296646 203.65053093619645 417.14320008829236 4016.1228193342686 168.34188946709037 2499.9147327635437 573.703090287745 111.68679781071842 294.7706156000495 288.54533408768475 154.98492980003357 549.51623040623963 733.54111999459565
leaf_count=1589 2859 6522 2707 5354 51032 2359 32746 7200 1455 3693 3832 2092 7330 10091
internal_value=0 -0.00243366 0.00035089 0.00026207 0.000357631 0.000481545 -0.000215116 -0.00154028 0.00104086 -0.00272718 -0.00117568 0.00259674 0.00181195 -0.00412389
internal_weight=0 1287.88 9498.05 9278.38 9074.73 8657.59 3825.28 1325.36 4832.31 751.658 456.887 816.188 704.501 834.809
internal_count=140861 18202 122659 119800 117093 111739 49830 17084 61909 9884 6191 10877 9422 11680
is_linear=0
shrinkage=0.0101079


end of trees

feature_importances:
Column_27=12
Column_14=10
Column_3=9
Column_2=8
Column_0=7
Column_30=7
Column_13=6
Column_17=5
Column_22=5
Column_23=5
Column_5=4
Column_15=4
Column_16=4
Column_28=4
Column_29=4
Column_7=3
Column_11=3
Column_12=3
Column_33=3
Column_6=2
Column_20=2
Column_10=1
Column_21=1

parameters:
[boosting: gbdt]
[objective: binary]
[metric: auc]
[tree_learner: serial]
[device_type: cpu]
[data_sample_strategy: bagging]
[data: ]
[valid: ]
[num_iterations: 600]
[learning_rate: 0.0101079]
[num_leaves: 15]
[num_threads: 2]
[seed: 42]
[deterministic: 0]
[force_col_wise: 0]
[force_row_wise: 0]
[histogram_pool_size: -1]
[max_depth: -1]
[min_data_in_leaf: 1280]
[min_sum_hessian_in_leaf: 0.001]
[bagging_fraction: 0.829452]
[pos_bagging_fraction: 1]
[neg_bagging_fraction: 1]
[bagging_freq: 1]
[bagging_seed: 42]
[feature_fraction: 0.727545]
[feature_fraction_bynode: 1]
[feature_fraction_seed: 42]
[extra_trees: 0]
[extra_seed: 12879]
[early_stopping_round: 0]
[early_stopping_min_delta: 0]
[first_metric_only: 0]
[max_delta_step: 0]
[lambda_l1: 4.00664]
[lambda_l2: 7.63247]
[linear_lambda: 0]
[min_gain_to_split: 0]
[drop_rate: 0.1]
[max_drop: 50]
[skip_drop: 0.5]
[xgboost_dart_mode: 0]
[uniform_drop: 0]
[drop_seed: 17869]
[top_rate: 0.2]
[other_rate: 0.1]
[min_data_per_group: 100]
[max_cat_threshold: 32]
[cat_l2: 10]
[cat_smooth: 10]
[max_cat_to_onehot: 4]
[top_k: 20]
[monotone_constraints: ]
[monotone_constraints_method: basic]
[monotone_penalty: 0]
[feature_contri: ]
[forcedsplits_filename: ]
[refit_decay_rate: 0.9]
[cegb_tradeoff: 1]
[cegb_penalty_split: 0]
[cegb_penalty_feature_lazy: ]
[cegb_penalty_feature_coupled: ]
[path_smooth: 0]
[interaction_constraints: ]
[verbosity: -1]
[saved_feature_importance_type: 0]
[use_quantized_grad: 0]
[num_grad_quant_bins: 4]
[quant_train_renew_leaf: 0]
[stochastic_rounding: 1]
[linear_tree: 0]
[max_bin: 255]
[max_bin_by_feature: ]
[min_data_in_bin: 3]
[bin_construct_sample_cnt: 200000]
[data_random_seed: 175]
[is_enable_sparse: 1]
[enable_bundle: 1]
[use_missing: 1]
[zero_as_missing: 0]
[feature_pre_filter: 1]
[pre_partition: 0]
[two_round: 0]
[header: 0]
[label_column: ]
[weight_column: ]
[group_column: ]
[ignore_column: ]
[categorical_feature: ]
[forcedbins_filename: ]
[precise_float_parser: 0]
[parser_config_file: ]
[objective_seed: 16083]
[num_class: 1]
[is_unbalance: 0]
[scale_pos_weight: 1]
[sigmoid: 1]
[boost_from_average: 1]
[reg_sqrt: 0]
[alpha: 0.9]
[fair_c: 1]
[poisson_max_delta_step: 0.7]
[tweedie_variance_power: 1.5]
[lambdarank_truncation_level: 30]
[lambdarank_norm: 1]
[label_gain: ]
[lambdarank_position_bias_regularization: 0]
[eval_at: ]
[multi_error_top_k: 1]
[auc_mu_weights: ]
[num_machines: 1]
[local_listen_port: 12400]
[time_out: 120]
[machine_list_filename: ]
[machines: ]
[gpu_platform_id: -1]
[gpu_device_id: -1]
[gpu_use_dp: 0]
[num_gpu: 1]

end of parameters

pandas_categorical:null
