tree
version=v4
num_class=1
num_tree_per_iteration=1
label_index=0
max_feature_idx=33
objective=binary sigmoid:1
feature_names=Column_0 Column_1 Column_2 Column_3 Column_4 Column_5 Column_6 Column_7 Column_8 Column_9 Column_10 Column_11 Column_12 Column_13 Column_14 Column_15 Column_16 Column_17 Column_18 Column_19 Column_20 Column_21 Column_22 Column_23 Column_24 Column_25 Column_26 Column_27 Column_28 Column_29 Column_30 Column_31 Column_32 Column_33
feature_infos=[0.22403052449226379:4.806818962097168] [0.027025075629353523:26.170040130615234] [0.17134076356887817:8.6935958862304688] [0.087584272027015686:1] [-28.67047119140625:41.262332916259766] [-36.190670013427734:42.326030731201172] [-36.841156005859375:62.500308990478516] [-45.158794403076172:63.120437622070312] [-22.455821990966797:30.680826187133789] [0:0.95389312505722046] [0:0.64536702632904053] [0:0.40022626519203186] [-0.51016271114349365:0.5480339527130127] [-0.15783818066120148:0.22172828018665314] [-46.22015380859375:17.161741256713867] [-8.3726015090942383:64.2962646484375] [0:1] [0:95] [0:95] [-1:1] [-29.775985717773438:44.984848022460938] [-30.712318420410156:55.0223388671875] [-2.5033562183380127:15.253066062927246] [0.049656935036182404:4.2456021308898926] [-1:1] [0:1] [0:1] [-1:1] [-1:1] [-0.78183150291442871:0.97492790222167969] [-0.90096884965896606:1] [0:1] [0:1] [0.99500000476837158:4.497499942779541]
tree_sizes=1723 1816 1805 1800 1798 1788 1801 1814 1768 1793

Tree=0
num_leaves=15
num_cat=0
split_feature=28 2 33 12 14 29 3 0 6 3 0 14 17 0
split_gain=113.635 61.5299 76.2884 71.33 47.7426 46.9062 37.4272 32.3496 30.1267 29.0638 31.8822 28.34 35.8451 26.7349
threshold=-0.24825246632099149 0.51923581957817089 1.497500002384186 -0.027794200927019116 -6.9725887775421134 1.0000000180025095e-35 0.2273448929190636 0.9028800129890443 0.35349984467029577 0.34269320964813238 0.53482946753501903 -15.947342395782469 62.500000000000007 0.81523704528808605
decision_type=2 8 8 10 10 2 10 10 10 8 10 8 2 10
left_child=4 6 3 -3 11 9 -2 -7 13 -4 -11 12 -1 -6
right_child=1 2 5 -5 8 7 -8 -9 -10 10 -12 -13 -14 -15
leaf_value=-1.0409749880896675 -1.0420923516113654 -1.0340288783482801 -1.037973453971647 -1.0409151097555547 -1.0311346758498596 -1.0436197605866067 -1.0373847730458323 -1.0411416221410366 -1.0386008326625884 -1.0452825150055267 -1.0407829795839831 -1.0406853245412468 -1.0367702691269516 -1.0373850204138404
leaf_weight=321.6416872292757 221.18478775955737 235.32838502526283 298.6844843365252 390.5401154756546 110.43052842654288 1931.1506565213203 615.74597735702991 819.51034240052104 1660.0728991944343 180.64440555498004 1345.5954849794507 1863.7957652751356 501.61575687117875 289.54029777087271
leaf_count=4403 2849 1296 4186 2164 1160 27554 7979 11247 21158 2634 18974 24560 6790 3939
internal_value=-1.04035 -1.04119 -1.04161 -1.03834 -1.03911 -1.04207 -1.03868 -1.0429 -1.03795 -1.04078 -1.04136 -1.04001 -1.03845 -1.03542
internal_weight=0 6038.38 5201.45 625.869 4747.1 4575.59 836.931 2750.66 2060.04 1824.92 1526.24 2687.05 823.257 399.971
internal_count=140893 78883 68055 3460 62010 64595 10828 38801 26257 25794 21608 35753 11193 5099
is_linear=0
shrinkage=1


Tree=1
num_leaves=15
num_cat=0
split_feature=28 27 29 27 13 3 11 30 12 33 12 29 15 16
split_gain=112.556 100.864 105.645 73.9693 67.2316 53.1113 47.8539 31.3603 50.9043 73.2234 38.0626 29.3213 27.1252 26.5987
threshold=-0.24825246632099149 -0.032717135734856122 -1.0000000180025095e-35 -0.91959547996520985 -0.074380882084369646 0.20904158800840381 0.036918129771947868 -0.56174489110708226 0.01773183606564999 0.9962500035762788 -0.0050187427550554267 0.87837970256805431 6.1723036766052255 0.58532801270484935
decision_type=2 2 2 2 8 10 8 2 10 10 10 2 10 10
left_child=13 2 6 11 -3 -6 -2 12 9 10 -9 -4 -7 -1
right_child=1 4 3 -5 5 7 -8 8 -10 -11 -12 -13 -14 -15
leaf_value=0.00046590378130089148 0.005851222005061529 0.005220096895607527 -0.0021982114811091844 -0.004982260724158102 -0.0050613455488385277 -0.0036408757804211639 -0.00041797879799442645 2.6720359066512314e-05 -0.00096145122299245013 0.009108359175149466 0.0048428331656825384 0.0018119345443641281 -8.1323782549736539e-05 0.0020136870819427066
leaf_weight=2571.7009308040142 174.29057897999883 251.2448188457638 695.84686206839979 1227.7647209558636 201.43653707206249 299.68484009057283 358.58043397217989 652.23851104825735 705.32247686013579 142.33875249326229 226.51782087422907 236.29912678711116 847.21930426731706 2162.8135551922023
leaf_count=34648 2323 3209 9064 16108 2673 4337 4620 9555 8947 783 3248 3073 10742 27340
internal_value=0 -0.000897914 -0.00235078 -0.00334917 0.000268888 -0.000134471 0.00161128 0.000209368 0.0010799 0.00252601 0.00134487 -0.00113209 -0.00106443 0.0011836
internal_weight=0 6018.78 2692.78 2159.91 3326 3074.76 532.871 2873.32 1726.42 1021.1 878.756 932.146 1146.9 4734.51
internal_count=140670 78682 35188 28245 43494 40285 6943 37612 22533 13586 12803 12137 15079 61988
is_linear=0
shrinkage=0.0101079


Tree=2
num_leaves=15
num_cat=0
split_feature=28 27 0 13 3 2 33 14 6 3 14 17 6 13
split_gain=94.2789 108.896 61.2975 45.3228 54.3049 43.3839 33.6991 31.2441 42.0832 26.7937 24.1088 35.466 24.4303 23.1999
threshold=-0.22706275433301923 0.054511256515979774 0.57514488697052013 -0.074380882084369646 0.20904158800840381 0.51923581957817089 1.497500002384186 -6.5535798072814933 -0.11817318201065062 0.61956241726875316 -15.947342395782469 61.500000000000007 -9.2839703559875471 -0.011909349821507929
decision_type=2 2 10 8 10 8 8 10 10 10 8 2 10 10
left_child=7 2 -2 -3 -5 -6 -4 10 -9 -7 11 -1 -13 -11
right_child=1 3 6 4 5 9 -8 8 -10 13 -12 12 -14 -15
leaf_value=-0.00073058105808782091 -0.0049369980552730446 0.0046292498113103837 0.0018132088257867417 -0.00489110558630687 0.0029383017504512011 -0.00079935290524140172 -0.0019093678482546826 0.0055546276242422806 0.001362096483479438 -0.0013136307512560813 -0.00021979605841862299 0.00069557737331048621 0.0053512281651519498 0.0033576586244288037
leaf_weight=322.06824812293053 684.70227001793683 234.86200891435146 269.40639138221741 200.86138824187219 563.8609349373728 1674.4532189816236 1860.4028391204774 294.24222740717232 1663.0412517283112 139.3853742852807 2043.5013126898557 227.76130830682814 291.35057389736176 333.88421363942325
leaf_count=4411 9114 3009 1488 2634 7110 22271 26234 3714 21228 1816 26866 3043 3927 4192
internal_value=0 -0.000852923 -0.00229701 0.000428063 6.41924e-05 0.000458849 -0.00141475 0.00104439 0.00203211 -0.000181414 0.00035662 0.00179402 0.00342511 0.00189866
internal_weight=0 5961.82 2814.51 3147.31 2912.45 2711.58 2129.81 4841.96 1957.28 2147.72 2884.68 841.18 519.112 473.27
internal_count=141057 77868 36836 41032 38023 35389 27722 63189 24942 28279 38247 11381 6970 6008
is_linear=0
shrinkage=0.0101079


Tree=3
num_leaves=15
num_cat=0
split_feature=28 0 33 15 2 3 13 22 28 11 14 23 3 14
split_gain=100.886 62.6862 56.9316 72.7394 61.0908 49.6349 43.8344 38.0936 35.0086 31.0933 29.4744 40.4287 25.25 28.9099
threshold=-0.3317298144102096 0.47108130156993872 1.497500002384186 12.46115303039551 0.56622725725173961 0.2273448929190636 -0.011909349821507929 -0.8541007637977599 0.33172981441020971 0.039221147075295455 -6.9725887775421134 0.70699554681777965 0.29420037567615515 -15.947342395782469
decision_type=2 10 8 8 8 10 10 10 2 10 10 10 10 10
left_child=10 -2 3 6 5 -4 -3 -6 -7 -10 12 -12 -1 -14
right_child=1 2 4 -5 7 8 -8 -9 9 -11 11 -13 13 -15
leaf_value=-0.0023974330030845327 -0.0043212861974735216 0.0010452902938528593 -0.0027711837948889619 -0.0024706449874592738 -0.0035100770700282899 -0.00024269685164617823 0.0071456693916792302 -0.00096065540901283525 0.0015361697406924587 0.0073045780325168624 0.0081392961277161249 0.0016977662949388703 0.0026174815701927555 3.377435585223996e-05
leaf_weight=276.92894977331161 482.34166730195284 263.60199446976185 193.27908212319016 234.78189787268639 742.31289520300925 214.71007716283202 252.19875393807888 3529.440457355231 216.2421672064811 212.4503015819937 103.0963882189244 1820.1772702392191 621.34931051917374 1604.7383013386279
leaf_count=3499 6871 1443 2671 1297 10712 2877 1396 49422 3040 3271 950 23614 8423 21387
internal_value=0 -0.000835728 -0.000536628 0.00203276 -0.000924534 0.00154006 0.00416612 -0.00141861 0.00291468 0.00456545 0.00115113 0.00209484 0.000405707 0.000779553
internal_weight=0 6341.36 5859.02 750.583 5108.43 836.682 515.801 4271.75 643.403 428.692 4426.29 1923.27 2503.02 2226.09
internal_count=140873 83000 76129 4136 71993 11859 2839 60134 9188 6311 57873 24564 33309 29810
is_linear=0
shrinkage=0.0101079


Tree=4
num_leaves=15
num_cat=0
split_feature=0 27 27 23 29 12 17 14 16 11 13 14 14 27
split_gain=94.211 75.8449 39.5345 45.0544 43.0645 35.7487 40.8963 30.7585 35.784 27.7418 24.4283 60.4634 23.0277 22.8828
threshold=0.59127795696258556 -0.47136868536472315 -0.61734244227409352 1.1545674204826357 -1.0000000180025095e-35 0.0032511228928342466 9.5000000000000018 -7.0895545482635489 0.29081609845161444 0.041088871657848365 -0.074380882084369646 -24.923539161682125 -9.0535163879394513 0.97381904721260082
decision_type=10 2 2 8 2 8 2 10 10 10 10 10 10 2
left_child=1 -1 3 4 9 7 -7 8 -3 -2 11 -4 -6 -8
right_child=2 5 10 -5 12 6 13 -9 -10 -11 -12 -13 -14 -15
leaf_value=-0.0076414922649947759 0.0055245270678515044 0.0013748336236034816 -0.00072276526626707924 0.00060692848675057047 -0.0044118551230624605 0.0018407409460564328 -0.0054215293238226523 0.0036633977337258458 -0.0040956042316712083 -0.00079290225161615798 0.00068678194324627191 0.0077717658943254669 -0.0013492158333203339 0
leaf_weight=228.02471018955112 105.07653003931046 253.54495352134109 154.77485802210867 1521.2363111935556 500.97309857234359 122.87074426934123 395.84970491752028 190.50980357639492 212.70207347720861 164.97749867662787 6052.6239209156483 161.88360616005957 618.84768545441329 92.143719179555774
leaf_count=2774 1394 3568 1982 19298 6845 1706 5673 2532 2802 2306 78490 2067 8281 1175
internal_value=0 -0.00233481 0.00039257 -0.000574026 -0.00189183 -0.00130845 -0.00305846 0.000274758 -0.00106109 0.00160362 0.000840866 0.00357567 -0.00277586 -0.00438308
internal_weight=0 1495.65 9280.39 2911.11 1389.87 1267.62 610.864 656.757 466.247 270.054 6369.28 316.658 1119.82 487.993
internal_count=140893 20230 120663 38124 18826 17456 8554 8902 6370 3700 82539 4049 15126 6848
is_linear=0
shrinkage=0.0101079


Tree=5
num_leaves=15
num_cat=0
split_feature=0 2 2 17 0 3 3 23 33 20 29 2 31 16
split_gain=92.1074 40.3751 35.3121 28.2115 29.9051 25.3763 41.0423 25.1345 61.2772 35.2567 27.6086 37.0161 29.3954 22.5445
threshold=0.59127795696258556 0.60344317555427562 1.657204329967499 10.500000000000002 0.46398361027240759 0.2273448929190636 0.36183047294616705 1.1338527798652651 2.996249914169312 0.777174472808838 1.0000000180025095e-35 0.53036683797836315 1.0000000180025095e-35 0.7523675560951234
decision_type=10 8 8 2 10 10 10 10 8 10 2 10 2 10
left_child=1 13 5 -3 -5 -2 -7 8 9 -8 -10 -12 -13 -1
right_child=2 3 -4 4 -6 6 7 -9 10 -11 11 12 -14 -15
leaf_value=-0.0010231626431910464 -0.0017041708514104476 0.0012808393404857964 -0.00075496972166469532 -0.006793555077342214 -0.002640389713400795 0.0023457544154674688 0.0049810868556322248 0.0014825812792091484 0.00053930073582493846 0 0.0032369279686672307 -0.0028709372326053361 -4.1316817512010983e-05 0.0042489536811049959
leaf_weight=352.21561826020479 401.85379386879504 100.69757375493646 2177.0997102409601 284.04405164159834 655.32236390374601 1484.1597964540124 344.12041527032852 1595.8990366663784 1224.3215504866093 231.45569364726543 148.07733728177845 1054.3223260045052 625.86925048194826 99.337861435487866
leaf_count=4732 5193 1404 29005 4104 8618 18501 1897 21645 17779 1283 1982 14790 8435 1412
internal_value=0 -0.0023391 0.000360614 -0.00342964 -0.00398361 0.000708338 0.000860662 0.000428198 -2.65864e-05 0.00296447 -0.000609781 -0.00140038 -0.00184585 9.98078e-05
internal_weight=0 1491.62 9287.18 1040.06 939.366 7110.08 6708.23 5224.07 3628.17 575.576 3052.59 1828.27 1680.19 451.553
internal_count=140780 20270 120510 14126 12722 91505 86312 67811 46166 3180 42986 25207 23225 6144
is_linear=0
shrinkage=0.0101079


Tree=6
num_leaves=15
num_cat=0
split_feature=28 2 30 33 22 7 21 7 21 11 3 12 8 12
split_gain=104.438 64.7597 52.35 66.6312 46.9157 42.129 41.5098 40.8379 36.1397 31.3599 28.5924 24.9094 23.0728 19.7925
threshold=-0.22706275433301923 0.94368737936019909 -0.56174489110708226 2.996249914169312 -0.79972657561302174 15.383892059326174 1.0043897032737734 9.1530094146728533 4.2077879905700692 0.040587102994322784 0.34269320964813238 0.01773183606564999 0.16374899446964267 -0.011211743112653492
decision_type=2 8 2 8 10 10 10 10 10 10 10 10 10 10
left_child=7 2 6 -4 -3 9 -2 -1 -8 11 -6 13 -9 -5
right_child=1 4 3 5 10 -7 8 12 -10 -11 -12 -13 -14 -15
leaf_value=0.00054774800419234691 -0.0032415333239142518 -0.0043757764617914875 0.0060067899618257694 -0.0011795561768798881 0.003143267422110004 -0.0059898099647168971 0.0035323400114778739 0.0040997627935960134 -0.0019428555500555235 0.0023356474361615129 -0.0015285615594274444 -0.0037103944120031557 0.0011260952998277977 0.0027366837435098103
leaf_weight=3644.8538648132235 625.38420008681715 637.83703468739986 251.76262830197811 283.37753703072667 129.75865987129509 89.030816696584225 229.31809606216848 616.04807320795953 241.42232262529433 733.8666967600584 2315.093277938664 187.45456933416426 561.90771891921759 224.78552686609328
leaf_count=48126 7962 8945 1383 4129 1767 1211 3101 7805 3265 10964 29467 2628 7083 2999
internal_value=0 -0.000906937 0.000174017 0.0012596 -0.0019231 0.000419901 -0.00153914 0.00109305 0.000653494 0.000876981 -0.00125508 -0.000612951 0.00273181 0.000489134
internal_weight=0 5949.09 2866.4 1770.28 3082.69 1518.52 1096.12 4822.81 470.74 1429.48 2444.85 695.618 1177.96 508.163
internal_count=140835 77821 37642 23314 40179 21931 14328 63014 6366 20720 31234 9756 14888 7128
is_linear=0
shrinkage=0.0101079


Tree=7
num_leaves=15
num_cat=0
split_feature=0 28 27 15 33 27 27 3 13 27 14 14 6 16
split_gain=88.2456 59.2361 78.0346 47.75 78.7595 43.5779 35.5023 34.8911 33.9124 29.4327 28.2478 27.3109 34.7462 32.6609
threshold=0.46398361027240759 -0.3317298144102096 -0.09801131114363669 11.287533283233644 0.9962500035762788 -0.90159028768539418 -0.49049438536167139 0.20904158800840381 0.040006663650274284 0.1413247883319855 -9.4125227928161603 -6.9725887775421134 0.179687574505806 0.26667162775993353
decision_type=10 2 2 10 10 2 2 10 10 2 10 10 10 10
left_child=9 11 5 4 -4 10 -7 -5 -9 -1 -3 13 -13 -2
right_child=1 2 3 7 -6 6 -8 8 -10 -11 -12 12 -14 -15
leaf_value=-0.0057692631471525343 0.0017112472430747855 -0.0021995679580653045 0.00063029219072103983 -0.005523590056803248 0.0061665047032746717 -0.0046160513760970679 -0.00071950843381189645 -0.0024532593950366468 0.0010055701357327476 0.0001848915719302983 0.00066509677938434472 0.0048324912131436273 0.0012857000511840271 -0.00060324936825054663
leaf_weight=342.08668378740549 1063.6299401391298 612.74983579106629 1757.1581800654531 144.34671901911497 306.96032720804214 730.52561227604747 397.72008989751339 466.13994710333645 722.88708054088056 94.304637564346194 775.71454498358071 359.34091501869261 1557.4263431560248 1450.3450540788472
leaf_count=4791 14509 8025 25245 1881 1681 9594 5178 6080 9022 1546 10125 4536 19873 18773
internal_value=0 0.000191427 -0.000465649 0.00052424 0.00149283 -0.00181556 -0.00329219 -0.000944939 -0.000323567 -0.0044103 -0.000575227 0.00107692 0.0019882 0.000362139
internal_weight=0 10344.9 5914.2 3397.49 2064.12 2516.71 1128.25 1333.37 1189.03 436.391 1388.46 4430.74 1916.77 2513.97
internal_count=140859 134522 76831 43909 26926 32922 14772 16983 15102 6337 18150 57691 24409 33282
is_linear=0
shrinkage=0.0101079


Tree=8
num_leaves=15
num_cat=0
split_feature=28 27 29 27 2 30 6 16 18 2 7 29 15 16
split_gain=100.623 94.6975 97.7804 69.9223 47.4458 46.4073 41.7511 33.4947 35.8823 27.7728 27.2015 26.7801 25.9166 30.911
threshold=-0.20576497167348859 -0.032717135734856122 -1.0000000180025095e-35 -0.91959547996520985 1.1072033643722536 0.81174489855766307 3.3106414079666142 0.16448963433504107 26.500000000000004 0.60344317555427562 9.7827110290527362 0.87837970256805431 24.972795486450199 0.79069200158119213
decision_type=2 2 2 2 10 2 8 8 2 10 10 2 8 10
left_child=10 2 4 11 -2 7 -7 8 -3 -5 -1 -4 13 -9
right_child=1 5 3 9 -6 6 -8 12 -10 -11 -12 -13 -14 -15
leaf_value=0.00062498375564396175 0.0060640684600376501 0 -0.0021246790804925718 0 -0.00040939276599912206 0.0044327119120236933 -0.00092422822359928733 -0.0011688540835124454 0.0066266587980869911 -0.0053436113447066225 0.0024397115304782085 0.0018208952574459026 -0.0051306171042233076 0.0017371505295879757
leaf_weight=3787.5972372051328 155.61874122731388 214.7836809232831 641.47522540204227 104.18197993002832 360.69002814590931 433.63976997509599 203.90277441218495 1685.0619494356215 126.97387649863958 1117.6673362962902 1124.795533824712 224.07972422242165 128.15207079984248 464.51153295859694
leaf_count=49795 2311 3217 8439 1748 4418 5830 2535 21484 1714 14376 14238 2912 1515 6315
internal_value=0 -0.000907969 -0.00234341 -0.00332149 0.00152437 0.000229937 0.00266599 -0.000353567 0.00253478 -0.00488126 0.00105188 -0.00104986 -0.000811683 -0.000518184
internal_weight=0 5860.74 2603.71 2087.4 516.309 3257.03 637.543 2619.48 341.758 1221.85 4912.39 865.555 2277.73 2149.57
internal_count=140847 76814 34204 27475 6729 42610 8365 34245 4931 16124 64033 11351 29314 27799
is_linear=0
shrinkage=0.0101079


Tree=9
num_leaves=15
num_cat=0
split_feature=28 27 29 27 13 3 11 2 30 18 14 6 2 29
split_gain=95.1346 85.531 71.8633 79.0042 51.8813 51.3329 44.9878 34.9218 30.335 55.9188 29.9245 52.0673 25.2762 25.0153
threshold=-0.35222910344600672 -0.076279435306787477 -1.0000000180025095e-35 -0.91080963611602772 -0.087843116372823701 0.20904158800840381 0.036918129771947868 0.51923581957817089 0.81174489855766307 30.500000000000004 -6.5535798072814933 -0.11817318201065062 0.61718812584877025 0.87837970256805431
decision_type=2 2 2 2 8 10 8 8 2 2 10 10 10 2
left_child=10 2 6 13 -3 -6 -2 -7 -9 -10 -1 -12 -5 -4
right_child=1 4 3 12 5 7 -8 8 9 -11 11 -13 -14 -15
leaf_value=0.00044273601176249966 0.0051364367780339067 0.0059359547051755822 -0.0018599012327811546 0 -0.0046902948571040425 0.0024309959275506136 -0.00084135129073454077 -0.00080132595409251547 0.0057706520818901746 -0.00053570091106310534 0.0062566390073072759 0.0013879791454113105 -0.00527622847287656 0.001519488694612045
leaf_weight=2600.4303765986115 181.63295638374984 148.8481298070401 821.2197588365525 103.27633943408728 216.7347029838711 631.19099945761263 372.55877561308444 2008.4463198557496 217.95844727195799 365.46108355931938 268.21002258732915 1504.2715801727027 1024.6778352167457 287.45501576550305
leaf_count=34421 2402 2000 10793 1723 2906 8018 4808 26487 2976 4675 3338 19185 13253 3738
internal_value=0 -0.000778912 -0.00210505 -0.0029155 0.000243418 -3.76138e-06 0.00108891 0.000309186 -0.000197575 0.00179585 0.00115511 0.00217112 -0.00479924 -0.000943022
internal_weight=0 6379.46 2790.82 2236.63 3588.64 3439.79 554.192 3223.06 2591.87 583.42 4372.91 1772.48 1127.95 1108.67
internal_count=140723 83779 36717 29507 47062 45062 7210 42156 34138 7651 56944 22523 14976 14531
is_linear=0
shrinkage=0.0101079


end of trees

feature_importances:
Column_27=14
Column_3=12
Column_14=12
Column_2=11
Column_0=9
Column_28=9
Column_29=9
Column_13=7
Column_33=7
Column_6=6
Column_12=6
Column_16=6
Column_11=5
Column_15=4
Column_17=4
Column_30=4
Column_7=3
Column_23=3
Column_18=2
Column_21=2
Column_22=2
Column_8=1
Column_20=1
Column_31=1

parameters:
[boosting: gbdt]
[objective: binary]
[metric: auc]
[tree_learner: serial]
[device_type: cpu]
[data_sample_strategy: bagging]
[data: ]
[valid: ]
[num_iterations: 600]
[learning_rate: 0.0101079]
[num_leaves: 15]
[num_threads: 2]
[seed: 2024]
[deterministic: 0]
[force_col_wise: 0]
[force_row_wise: 0]
[histogram_pool_size: -1]
[max_depth: -1]
[min_data_in_leaf: 1280]
[min_sum_hessian_in_leaf: 0.001]
[bagging_fraction: 0.829452]
[pos_bagging_fraction: 1]
[neg_bagging_fraction: 1]
[bagging_freq: 1]
[bagging_seed: 2024]
[feature_fraction: 0.727545]
[feature_fraction_bynode: 1]
[feature_fraction_seed: 2024]
[extra_trees: 0]
[extra_seed: 29642]
[early_stopping_round: 0]
[early_stopping_min_delta: 0]
[first_metric_only: 0]
[max_delta_step: 0]
[lambda_l1: 4.00664]
[lambda_l2: 7.63247]
[linear_lambda: 0]
[min_gain_to_split: 0]
[drop_rate: 0.1]
[max_drop: 50]
[skip_drop: 0.5]
[xgboost_dart_mode: 0]
[uniform_drop: 0]
[drop_seed: 2449]
[top_rate: 0.2]
[other_rate: 0.1]
[min_data_per_group: 100]
[max_cat_threshold: 32]
[cat_l2: 10]
[cat_smooth: 10]
[max_cat_to_onehot: 4]
[top_k: 20]
[monotone_constraints: ]
[monotone_constraints_method: basic]
[monotone_penalty: 0]
[feature_contri: ]
[forcedsplits_filename: ]
[refit_decay_rate: 0.9]
[cegb_tradeoff: 1]
[cegb_penalty_split: 0]
[cegb_penalty_feature_lazy: ]
[cegb_penalty_feature_coupled: ]
[path_smooth: 0]
[interaction_constraints: ]
[verbosity: -1]
[saved_feature_importance_type: 0]
[use_quantized_grad: 0]
[num_grad_quant_bins: 4]
[quant_train_renew_leaf: 0]
[stochastic_rounding: 1]
[linear_tree: 0]
[max_bin: 255]
[max_bin_by_feature: ]
[min_data_in_bin: 3]
[bin_construct_sample_cnt: 200000]
[data_random_seed: 6648]
[is_enable_sparse: 1]
[enable_bundle: 1]
[use_missing: 1]
[zero_as_missing: 0]
[feature_pre_filter: 1]
[pre_partition: 0]
[two_round: 0]
[header: 0]
[label_column: ]
[weight_column: ]
[group_column: ]
[ignore_column: ]
[categorical_feature: ]
[forcedbins_filename: ]
[precise_float_parser: 0]
[parser_config_file: ]
[objective_seed: 12337]
[num_class: 1]
[is_unbalance: 0]
[scale_pos_weight: 1]
[sigmoid: 1]
[boost_from_average: 1]
[reg_sqrt: 0]
[alpha: 0.9]
[fair_c: 1]
[poisson_max_delta_step: 0.7]
[tweedie_variance_power: 1.5]
[lambdarank_truncation_level: 30]
[lambdarank_norm: 1]
[label_gain: ]
[lambdarank_position_bias_regularization: 0]
[eval_at: ]
[multi_error_top_k: 1]
[auc_mu_weights: ]
[num_machines: 1]
[local_listen_port: 12400]
[time_out: 120]
[machine_list_filename: ]
[machines: ]
[gpu_platform_id: -1]
[gpu_device_id: -1]
[gpu_use_dp: 0]
[num_gpu: 1]

end of parameters

pandas_categorical:null
