tree
version=v4
num_class=1
num_tree_per_iteration=1
label_index=0
max_feature_idx=33
objective=binary sigmoid:1
feature_names=Column_0 Column_1 Column_2 Column_3 Column_4 Column_5 Column_6 Column_7 Column_8 Column_9 Column_10 Column_11 Column_12 Column_13 Column_14 Column_15 Column_16 Column_17 Column_18 Column_19 Column_20 Column_21 Column_22 Column_23 Column_24 Column_25 Column_26 Column_27 Column_28 Column_29 Column_30 Column_31 Column_32 Column_33
feature_infos=[0.22403052449226379:4.806818962097168] [0.027025075629353523:26.170040130615234] [0.17134076356887817:8.6935958862304688] [0.087584272027015686:1] [-28.67047119140625:41.262332916259766] [-36.190670013427734:42.326030731201172] [-36.841156005859375:62.500308990478516] [-45.158794403076172:63.120437622070312] [-22.455821990966797:30.680826187133789] [0:0.95389312505722046] [0:0.64536702632904053] [0:0.40022626519203186] [-0.51016271114349365:0.5480339527130127] [-0.15599349141120911:0.22172828018665314] [-46.22015380859375:17.161741256713867] [-8.3726015090942383:64.2962646484375] [0:1] [0:95] [0:95] [-1:1] [-29.775985717773438:44.984848022460938] [-30.525325775146484:55.0223388671875] [-2.8409864902496338:15.253066062927246] [0.049656935036182404:5.4310722351074219] [-1:1] [0:1] [0:1] [-1:1] [-1:1] [-0.78183150291442871:0.97492790222167969] [-0.90096884965896606:1] [0:1] [0:1] [0.8888888955116272:4.5999999046325684]
tree_sizes=8590 8715 8669 8722 8755 8689 8685 8708 8648

Tree=0
num_leaves=79
num_cat=0
split_feature=12 14 14 7 21 28 30 4 14 21 14 18 3 8 3 21 28 30 3 7 28 14 11 28 3 11 3 3 14 3 12 4 33 3 3 3 3 21 7 14 30 18 17 14 18 18 4 32 28 30 11 12 12 17 11 21 11 33 3 30 12 28 33 7 18 3 11 3 3 12 32 33 3 28 18 33 30 17
split_gain=40.4377 54.6689 47.1861 41.2969 38.2145 45.6772 36.5704 32.6628 23.2366 22.127 25.0511 20.8643 19.0261 21.7311 22.6347 18.3375 20.2903 37.371 38.8 30.1634 51.2789 23.8386 19.7345 19.678 18.3508 17.0596 15.8253 22.3836 15.4033 14.3702 14.2457 14.0011 13.6257 13.4328 15.6723 13.3844 21.4725 17.0068 13.868 15.8235 12.7115 41.6477 24.8929 23.0939 22.6357 19.8597 13.6149 12.5048 18.4928 24.2972 19.3757 21.2364 17.8674 15.1365 14.8319 28.1346 14.4803 12.3585 12.3486 33.3667 12.1419 11.8133 11.7626 11.6803 11.5334 11.3614 16.6074 16.012 11.3364 18.3098 11.076 12.9932 10.9534 10.9227 10.9038 10.8394 10.6842 17.0643
threshold=0.057145724073052413 -2.1169135570526119 -7.3534996509551993 1.0000000180025095e-35 9.7718100547790545 -0.05451125651597976 1.0000000180025095e-35 -1.2332896590232847 -24.44344329833984 4.6254699230194101 -5.9397041797637931 9.5000000000000018 0.58177286386489879 -0.5655398666858672 0.70799058675766002 1.1471330523490908 0.24825246632099154 1.0000000180025095e-35 0.32267963886260992 -7.2856681346893302 0.8491516411304475 -13.778331756591795 0.10566999018192293 0.96298784017562877 0.25886628031730657 0.083983797580003752 0.47700572013854986 0.60354816913604747 -8.2925786972045881 0.31755410134792333 -0.19055756181478498 0.67346274852752697 1.0545857548713686 0.8448142707347871 0.40687751770019537 0.5424204170703889 0.47921280562877661 10.921591281890871 23.400920867919925 -2.5022333860397334 0.81174489855766307 73.500000000000014 47.500000000000007 -11.055411815643309 13.500000000000002 15.500000000000002 1.4792970418930056 1.0000000180025095e-35 0.9279436767101289 1.0000000180025095e-35 0.073077801614999785 -0.03362105414271354 0.0012459708377718928 51.500000000000007 0.019444697536528114 0.97427773475646984 0.073674131184816374 0.99393379688262951 0.75059273838996898 1.0000000180025095e-35 -0.023805730976164338 0.41268247365951544 1.0013927817344668 20.077890396118168 79.500000000000014 0.48532061278820043 0.06718733906745912 0.74663457274436962 0.33606888353824621 -0.017649254761636254 1.0000000180025095e-35 0.9590476155281068 0.428346797823906 -0.69930991530418385 84.500000000000014 0.94700106978416454 1.0000000180025095e-35 12.500000000000002
decision_type=2 2 2 2 2 2 2 2 2 2 2 2 2 2 2 2 2 2 2 2 2 2 2 2 2 2 2 2 2 2 2 2 8 2 2 2 2 2 2 2 2 2 2 2 2 2 2 2 2 2 2 2 2 2 2 2 2 10 2 2 2 2 8 2 2 2 2 2 2 2 2 10 2 2 2 10 2 2
left_child=1 2 7 29 5 26 -7 -1 30 10 31 68 35 14 32 16 24 21 -19 20 -20 22 65 28 25 -10 -3 -28 62 -4 -9 73 -14 34 -21 36 38 -38 39 -11 42 43 70 44 -42 -44 -46 48 50 52 54 -52 -50 -54 -13 -56 -51 -32 64 -60 -45 75 -23 -6 -31 66 -18 -67 69 -5 71 -26 -70 -2 -37 -12 77 -15
right_child=9 4 3 11 63 6 -8 8 15 12 61 47 13 76 -16 -17 17 18 19 33 -22 23 -24 -25 40 -27 27 -29 -30 58 57 -33 -34 -35 -36 74 37 -39 -40 -41 41 -43 45 60 46 -47 -48 -49 49 56 51 -53 53 -55 55 -57 -58 -59 59 -61 -62 -63 -64 -65 -66 67 -68 -69 72 -71 -72 -73 -74 -75 -76 -77 -78 -79
leaf_value=-0.87828188807121066 -0.88737289975883615 -0.87978817092875461 -0.86757995068666149 -0.83398286233897345 -0.87050734550914188 -0.83043814183824316 -0.86661543038523203 -0.86321512328704431 -0.87411059872737207 -0.87916635577765179 -0.88419507676257503 -0.87982146873384282 -0.848875085602246 -0.88357887853020289 -0.87541554257985599 -0.87946751024150494 -0.86437566902618868 -0.90270436389681952 -0.83443135831963355 -0.85922806444419142 -0.87690412684781072 -0.84165595744768773 -0.84880514124626494 -0.82719285352563288 -0.87439811540635715 -0.83526975502741774 -0.84025403341827354 -0.87585943375473252 -0.87671829848383143 -0.90195023872448832 -0.87618226310478875 -0.89447428819946118 -0.87618226310478875 -0.85609156412602383 -0.88868087130146822 -0.88001947692193372 -0.85892176931456876 -0.88815217554509973 -0.87310658722424239 -0.90456112040730685 -0.87457085582268523 -0.90549960876645308 -0.87044162661965319 -0.88629243121277357 -0.83173306132800107 -0.88573244710178534 -0.86557821274604385 -0.88461883236684846 -0.89306262277180259 -0.91323350086204791 -0.85431245903470032 -0.88452209904861046 -0.88115286472075216 -0.84834243338405313 -0.84300179482845639 -0.87056425129764403 -0.88048480878261948 -0.90002003851469992 -0.85984731702268957 -0.90176197375514233 -0.85851998284847553 -0.88363475063066865 -0.8650624408041806 -0.89679462504509599 -0.8847118590863472 -0.84163698198560355 -0.90086393668063636 -0.87654726564153951 -0.8878568976313902 -0.87448336258110115 -0.87497315972708389 -0.84641601555353219 -0.86296995606602822 -0.8695498858543953 -0.9074938913125169 -0.90946031782829428 -0.88800251505619854 -0.86332193742897378
leaf_weight=1522.2608568929136 100.97853217460215 150.14690817333758 46.31848700530827 47.429672051221132 61.250511607155204 164.32378607802093 97.756529515609145 47.212993215769529 46.968025939539075 92.591363441199064 55.846371412277222 201.0945064406842 141.5900601297617 217.61477501317859 357.240901786834 311.07378402166069 40.017987074330449 70.599305886775255 112.81788541376591 41.979810710996389 113.42675743252039 142.57131676375866 89.994098970666528 75.825526924803853 58.400426233187318 49.908910498023033 65.493994390591979 82.855257352814078 49.028270674869418 282.86079451814294 74.852997494861484 101.76825807802379 55.651868928223848 43.207142427563667 179.16548765636981 54.684590505436063 119.70246693119407 56.221902750432491 83.267333783209324 125.80071365460753 62.793080773204565 43.566242234781384 273.09524862095714 79.078695448115468 98.519224999472499 465.00414932519197 41.970674762502313 559.24846986867487 68.547496501356363 78.077907072380185 49.418855370953679 433.6260074339807 50.614008059725165 55.518813850358129 91.070535814389586 444.41692711412907 49.600733334198594 102.89373458176851 73.319978838786483 74.717343978583813 49.1832674741745 104.12624182738364 81.821666425094008 67.626346638426185 132.65968109853566 37.057785736396909 55.647491414099932 71.810768453404307 57.226057406514883 47.219488337635994 121.4251477457583 97.725479364395142 84.048102997243404 213.49143857322633 81.294459104537964 158.82291646301746 246.61041841842234 136.0720405485481
leaf_count=19450 1229 1718 601 640 660 1526 898 675 603 919 1234 2535 968 2536 4719 4380 596 893 1365 518 1360 1093 1033 1075 1277 693 676 916 592 3197 1727 1247 1114 544 2345 581 1268 596 1001 1168 758 489 3525 976 1241 5753 522 6345 824 903 580 5198 528 691 982 4994 535 894 1002 906 615 1107 1711 773 1491 610 813 974 553 604 1595 752 924 2676 748 1210 2901 1745
internal_value=-0.876182 -0.87451 -0.875621 -0.880151 -0.862283 -0.857149 -0.843395 -0.872819 -0.870229 -0.881091 -0.887714 -0.877348 -0.878291 -0.874887 -0.868393 -0.869163 -0.867952 -0.863549 -0.872278 -0.867618 -0.855572 -0.856088 -0.866084 -0.848011 -0.871575 -0.852772 -0.869666 -0.859279 -0.854596 -0.890643 -0.884117 -0.880153 -0.856191 -0.877902 -0.882667 -0.884743 -0.880939 -0.868594 -0.888303 -0.894266 -0.872985 -0.865875 -0.875689 -0.860229 -0.850844 -0.880009 -0.840921 -0.878826 -0.876649 -0.886662 -0.87418 -0.881174 -0.875825 -0.864036 -0.869526 -0.865571 -0.901409 -0.890104 -0.892672 -0.880801 -0.875795 -0.89726 -0.849626 -0.884144 -0.8967 -0.874307 -0.885253 -0.864276 -0.864689 -0.852788 -0.864141 -0.856266 -0.873431 -0.875496 -0.897227 -0.903383 -0.880816 -0.875864
internal_weight=0 8367.39 7677.94 2927.03 689.453 560.576 262.08 4750.9 3228.64 2503.38 735.034 2317.16 1768.34 1154.78 554.483 3003.68 2692.61 1204.97 561.196 490.597 226.245 643.775 294.528 349.247 1487.64 96.8769 298.496 148.349 273.421 609.876 224.96 416.238 197.242 264.352 221.145 613.563 477.584 175.924 301.659 218.392 1390.76 375.111 1015.65 331.545 203.283 738.099 140.49 2081.23 1521.99 302.359 1219.63 483.045 174.68 106.133 736.582 535.487 127.679 177.747 563.558 148.037 128.262 318.796 224.393 128.877 415.52 204.534 95.6655 108.869 235.923 94.6492 277.551 156.126 141.274 314.47 135.979 214.669 600.297 353.687
internal_count=131614 102647 95480 34033 7167 5734 2424 61447 41997 28967 8703 26836 20264 13983 6801 38701 34321 15522 7025 6132 2725 8497 4026 4471 18799 1296 3310 1592 3396 7197 3296 5152 2082 3407 2863 6281 4952 1864 3088 2087 17503 4601 12902 4112 2521 9278 1763 24115 17770 3481 14289 5778 2043 1219 8511 5976 1438 2621 6596 1908 1591 3551 2804 1433 4688 2993 1409 1584 2721 1244 3624 2029 1477 3905 1329 2444 7182 4281
is_linear=0
shrinkage=1


Tree=1
num_leaves=79
num_cat=0
split_feature=29 28 30 27 12 13 13 15 12 15 13 13 0 13 15 15 30 6 28 0 29 10 28 6 29 13 13 12 5 15 6 33 13 15 12 5 15 5 27 8 12 6 12 12 13 13 15 13 4 29 5 8 27 6 13 15 10 5 13 0 15 13 15 15 29 8 13 8 0 33 15 15 15 13 13 28 27 33
split_gain=62.3133 44.8835 57.3712 43.4248 38.4978 25.7603 25.7544 28.1206 24.9782 28.6294 28.5358 20.2463 18.5958 20.6576 19.9712 23.1938 18.1655 26.3647 31.7787 24.4747 18.7469 21.6578 17.8741 21.3513 17.4015 17.1312 44.2305 44.3324 30.4339 51.351 26.5214 23.0806 38.6058 64.4251 21.7049 18.2463 17.9145 17.4973 17.3391 16.097 15.3215 22.3037 15.0773 15.0572 19.9925 17.4961 14.8673 15.8073 14.3532 13.7874 17.7338 27.2809 21.3054 17.6517 21.6965 22.6881 14.4658 13.9422 12.7224 16.0477 25.4133 18.0717 23.0239 19.7279 15.7332 12.4959 12.3841 19.4579 17.2698 16.3161 29.0352 16.0314 12.1802 31.2413 14.9239 12.9345 13.4661 20.1156
threshold=-0.60785761475563038 0.33172981441020971 1.0000000180025095e-35 0.43245348334312445 -0.12516646832227704 0.03467229753732682 0.076511617749929442 24.36026763916016 -0.0012643540976569054 9.7784247398376483 -0.0084964483976364118 -0.077971130609512315 1.0150147676467898 0.060664501041173942 14.766390800476076 6.6141035556793222 1.0000000180025095e-35 1.3954889178276064 -0.010907442308962435 0.95738032460212719 0.6078576147556306 0.22504440695047381 -0.96298784017562855 -0.77026972174644459 0.6078576147556306 -0.0098762162961065752 -0.027368957176804539 -0.050320720300078385 3.8655936717987065 5.135923147201539 2.812179803848267 0.94700106978416454 0.012704408261924984 15.609363079071047 -0.018944513052701947 -1.3417545557022093 7.7715389728546151 3.563148140907288 0.20576497167348864 -3.299527525901794 0.017207947559654716 -2.0794684886932369 0.17253063619136813 -0.087592311203479753 -0.069437839090824113 -0.040034392848610871 9.701113700866701 0.045056227594614036 -0.17472930997610089 0.6078576147556306 -1.7350601553916929 1.6211173534393313 0.81279832124710094 5.0836427211761483 -0.021092115901410576 6.8258037567138681 0.075685478746891036 0.18928442895412448 0.041378907859325416 0.84917506575584423 15.217199802398683 0.069899205118417754 20.674448013305668 17.614613533020023 0.87837970256805431 1.1705672740936282 0.012301757466048004 2.534940361976624 0.83098387718200695 0.9590476155281068 6.681021213531495 3.4500210285186772 21.46092510223389 0.059721603989601142 0.050929129123687751 0.20576497167348864 -0.83743050694465626 1.0013927817344668
decision_type=2 2 2 2 2 2 2 2 2 2 2 2 2 2 2 2 2 2 2 2 2 2 2 2 2 2 2 2 2 2 2 10 2 2 2 2 2 2 2 2 2 2 2 2 2 2 2 2 2 2 2 2 2 2 2 2 2 2 2 2 2 2 2 2 2 2 2 2 2 10 2 2 2 2 2 2 2 8
left_child=-1 3 6 16 -4 11 25 -8 9 10 43 -5 13 14 15 24 19 18 22 46 21 -19 23 -18 -10 26 28 -28 29 34 -31 35 -33 40 -3 -27 -29 -35 -37 -13 41 -34 72 -6 -45 -46 -2 -48 -15 50 52 53 -41 54 56 -56 -52 -57 -7 60 -60 62 63 -61 -62 -11 67 69 -68 71 -71 -51 73 75 -74 76 77 -21
right_child=1 2 4 5 8 58 7 -9 12 65 -12 39 -14 48 -16 -17 17 20 -20 42 -22 -23 -24 -25 -26 31 27 36 -30 30 -32 32 33 37 -36 38 -38 -39 -40 49 -42 -43 -44 44 45 -47 47 -49 -50 66 51 -53 -54 -55 55 57 -58 -59 59 61 64 -63 -64 -65 -66 -67 68 -69 -70 70 -72 -73 74 -75 -76 -77 -78 -79
leaf_value=-0.029839592325869579 -0.0067801700643933607 -0.0044600012623735681 0.036226508022404735 -0.01347403098035967 -0.017398034776673371 -0.018586305147927869 -0.02501109037464027 0.0091611799996510444 -0.041036813761854446 0.026342032840037305 -0.015446978547506547 -0.016672443301383823 0.0079889805289717515 -0.011469281545569782 -0.030170356793731312 -0.0041591667559609091 0.0023268528263431596 -0.0201388362432844 0.023764392203822489 -0.017469514710507731 -0.0010124021119425918 0.011472578342665157 -0.0036375636322316272 0.034966429647520759 -0.0072519391864521955 0.020609540378284184 0.022718793116645535 -0.0042959938563625127 -0.020209287620347474 0.046950724826295871 0.0094273642143690699 0.032372572163133863 0.0081648632476329277 0.037507646513200585 0.022939970189798431 0.0094099109107213738 -0.033057505880831915 0.010379983985540521 -0.012358966569213037 0.017642300155442023 0.010970213540428212 -0.019404457175210835 0.013186903442237248 -0.014386582438066944 0.038570696653458449 0.0079417874221384636 -0.027316776167731757 -0.0055933073315170773 0.020108981092547277 -0.013921746702244522 0.047866464433664248 -0.0042282685332705782 -0.0082029650246604347 0.0047480454642345946 -0.0078312297419532127 0.0041938675761673564 0.019661249255364666 0.0295201571087386 0.019376715923300213 -0.0054512706308810161 -0.022143955419823065 0.019653133475622239 -0.025327610663071071 0.024132292876562746 0.0071616985204553648 0 0.030184970901581894 0.024551249731813527 0.0015372020339142582 0.0042639443482174648 -0.023346407586260953 0.015442319135737606 0.00035364631547417808 0.029901528999873948 -0.027007988452604294 0.016526197148040603 -0.0025757107079041174 0
leaf_weight=139.10959252715111 292.17427050881088 196.75890103727579 47.562381910160184 104.469044463709 39.572444749996066 108.50413448177278 88.92463818565011 101.13962474837899 71.310115445405245 122.8188192974776 202.04820300079882 54.293714858591557 115.23178249411285 46.998294997960329 129.9974707942456 392.65118798799813 150.63669913820922 282.92492373287678 140.3720464874059 389.08710060268641 456.93921334482729 48.249336024746299 568.51188033260405 55.48540155403316 64.825311370193958 100.54566237516701 58.405513469129801 83.837990134954453 48.001278053969145 120.58257594332099 65.46876984834671 262.64891073852777 101.09493797272444 168.62566567957401 80.18964185193181 146.16374120488763 108.3823341075331 82.258061751723289 147.08853885531425 97.775497499853373 147.14660609513521 135.57162965834141 89.760372247546911 44.598489005118608 56.276742484420538 131.36500665359199 248.59475743211806 107.31869415193796 64.56014265678823 49.345030659809709 93.682452874258161 129.42080826498568 181.84702965989709 161.11581845767796 67.799702098593116 73.719601698219776 90.00036558508873 143.69544907100499 45.03265730664134 117.56222921982408 184.78497231192887 107.41571396775544 62.534563388675451 70.17479139007628 42.369382034987211 48.808256562799215 67.163622133433819 50.695733809843659 123.03901519440114 142.8392131254077 162.0880680680275 126.06999917142093 60.056080017238855 49.486646560952067 106.29624183289707 49.203500358387828 930.0146713219583 209.14135006256402
leaf_count=1700 3867 2408 574 1311 503 1121 1109 1355 746 1479 2533 668 1263 536 1747 4590 1948 3218 1731 2811 5159 468 7300 664 726 2200 793 1222 621 1598 833 1857 730 1192 1195 3102 1174 599 3119 1264 1038 968 1264 575 671 1898 3062 1385 704 1068 1247 1491 2232 1731 853 847 1168 1568 591 1261 2390 1455 649 781 591 536 804 672 1386 1121 1144 2724 812 473 1087 597 11145 4475
internal_value=0 0.000351592 0.00430479 -0.00183464 -0.00230783 0.00270673 0.00897655 -0.00676548 -0.0036299 0.00310631 -0.00259479 0.00549183 -0.00858641 -0.0111579 -0.0142343 -0.0100238 -0.00469621 -0.00102843 0.00418006 -0.00713926 -0.00712748 -0.0153041 0.000462466 0.0118539 -0.0259769 0.0104683 0.0049224 -0.0105056 0.0126073 0.0162609 0.0344896 0.0136763 0.0177088 0.0113961 0.00351815 0.00427732 -0.021112 0.0291134 -0.00136458 0.00663837 -0.000243819 -0.00748656 -0.00446128 0.00686917 0.0114399 0.0180084 -0.0147687 -0.0210398 0.0064484 0.00742194 0.0107797 0.0143715 0.000786308 0.018272 0.0227346 0.0142615 0.0350348 0.0213887 -0.00445649 -0.00184141 -0.0101361 0.00437892 -0.0021953 0.005631 -0.0164369 0.018819 0.00248378 -0.00101755 0.0123263 -0.00400109 -0.0103695 0.00678147 -0.00539974 -0.00413658 -0.017072 -0.00530973 -0.00608678 -0.0114097
internal_weight=0 10713.2 3821.46 6891.69 1578.62 2657.44 2242.84 190.064 1531.06 645.488 473.861 1919.06 885.574 770.343 658.784 528.787 4234.25 1703.12 915.006 2531.13 788.113 331.174 774.634 206.122 136.135 2052.77 761.627 250.626 511.001 463 186.051 1291.14 897.346 634.697 276.949 393.798 192.22 250.884 293.252 1814.59 383.813 236.667 1883.05 271.813 232.24 187.642 648.088 355.913 111.558 1760.3 1039.06 759.434 279.623 630.013 468.898 285.215 183.683 217.415 738.378 629.874 272.187 357.687 250.272 187.737 227.154 171.627 721.241 531.038 190.203 480.342 304.927 175.415 1793.29 1626.93 166.352 1577.45 1528.24 598.228
internal_count=131498 129798 46194 83604 19081 32138 27113 2464 18507 8195 6180 23299 10312 9049 7809 6062 51466 20488 11643 30978 8845 3686 9912 2612 1472 24649 9844 3189 6655 6034 2431 14805 6384 4527 3603 8421 2396 1791 6221 21988 2736 1698 22664 3647 3144 2569 8314 4447 1240 21320 12401 8905 3496 7414 5683 3268 2415 2415 8839 7718 3572 4146 2691 2042 2981 2015 8919 6729 2190 6057 2265 3792 21400 19501 1899 19028 18431 7286
is_linear=0
shrinkage=0.0454652


Tree=2
num_leaves=79
num_cat=0
split_feature=27 16 22 16 3 16 3 2 15 3 22 16 6 22 28 15 4 3 3 16 15 4 15 3 6 3 0 0 15 16 2 28 23 15 3 27 17 4 3 0 3 28 3 31 0 28 6 3 3 27 2 15 15 6 0 16 15 3 15 23 15 2 15 16 23 15 27 17 15 23 4 23 15 15 28 0 2 2
split_gain=31.6874 46.7698 32.2142 26.468 29.4876 28.8585 24.5297 32.0922 25.1454 23.1166 28.184 24.3653 32.9762 29.4614 22.9985 22.4963 19.553 19.1142 21.5281 18.004 20.491 17.5094 17.2845 15.4797 26.466 18.249 19.8876 14.9635 14.1938 28.4193 23.3954 16.3131 14.11 13.9596 18.8578 20.1064 26.101 19.1209 23.4575 13.7039 12.7479 23.4286 19.8756 18.0317 14.0777 18.0278 14.6164 12.5828 18.4545 12.5808 12.2051 11.9733 11.6234 14.132 11.5027 11.4337 28.4093 28.2682 13.5773 11.3118 11.3789 11.8138 10.8963 10.499 16.0586 17.1721 10.0728 9.64275 13.6991 9.59212 11.2643 9.52548 9.50442 9.31605 9.232 13.106 9.21631 9.52807
threshold=0.6835516393184663 0.44939510524272924 0.15035986900329593 0.82286182045936596 0.28218859434127813 0.63802090287208568 0.18221995234489444 0.83646604418754589 5.3306820392608651 0.92606914043426525 -0.49976626038551325 0.67539164423942577 1.6274819374084475 -0.15731448680162427 0.26932403445243841 8.8083395957946795 -1.0275327563285825 0.39943291246891027 0.29485350847244268 0.28910772502422338 2.143114566802979 -1.3429183959960935 12.680646419525148 0.47700572013854986 2.3912807703018193 0.41149155795574194 0.84604886174201976 0.46282692253589636 10.494288444519045 0.55334520339965831 0.89564481377601635 -0.076279435306787477 0.69218450784683239 13.443285942077638 0.77151551842689525 0.94331136345863353 43.500000000000007 1.8367261886596682 0.51125174760818493 0.74351364374160778 0.41386552155017858 0.37256073951721197 0.266846314072609 1.0000000180025095e-35 0.4242223352193833 0.8491516411304475 -0.95322415232658375 0.72576129436492931 0.60101607441902172 0.91959547996521007 1.9618935585021975 5.71169137954712 19.74792575836182 2.751483798027039 0.81864589452743541 0.88759177923202526 19.929972648620609 0.72576129436492931 17.163619995117191 1.290607273578644 7.3720972537994394 1.1584153771400454 6.0399518013000497 0.85419687628746044 0.57041767239570629 11.188348770141603 -0.60003554821014393 36.500000000000007 23.994694709777836 1.0228469371795657 -0.20917580276727674 0.61299544572830211 20.858793258666996 16.573171615600589 0.18436925113201144 0.80946955084800731 0.57194718718528759 0.76712796092033397
decision_type=2 2 2 2 2 2 2 2 2 2 2 2 2 2 2 2 2 2 2 2 2 2 2 2 2 2 2 2 2 2 2 2 2 2 2 2 2 2 2 2 2 2 2 2 2 2 2 2 2 2 2 2 2 2 2 2 2 2 2 2 2 2 2 2 2 2 2 2 2 2 2 2 2 2 2 2 2 2
left_child=1 2 21 4 5 -3 -2 8 19 11 -11 12 15 47 17 32 49 18 -5 20 -8 -1 -16 25 -25 52 -27 -24 29 31 -30 -17 -6 59 35 36 37 38 -35 -7 42 54 43 -23 -43 46 71 48 74 -10 66 -47 63 -54 -42 72 57 58 -57 60 62 -62 -9 64 65 -18 -14 68 -58 70 -32 -46 -29 -15 75 -13 -34 -78
right_child=6 3 -4 14 9 39 7 33 16 10 -12 13 50 73 22 28 23 -19 -20 -21 -22 40 27 24 -26 26 -28 55 30 -31 69 -33 76 34 -36 -37 -38 -39 -40 -41 41 44 -44 -45 45 51 -48 -49 -50 -51 -52 -53 53 -55 -56 56 67 -59 -60 -61 61 -63 -64 -65 -66 -67 -68 -69 -70 -71 -72 -73 -74 -75 -76 -77 77 -79
leaf_value=-0.0019818598387116968 -0.018613969284637107 -0.013406417817078011 -0.0034701112051212643 0.0026973558657309295 -0.021944421614232292 0.0069583695153706254 -0.016527548173182503 0.0037451443813351125 0.011170116291897887 0.028142458209166978 -0.004184429309789222 -0.044356983678567503 -0.024987214100724384 -0.0095890199853381174 0.029535049588758515 0.014220387567446008 0.052663896609408879 -0.001033536170603486 -0.025462339985483622 -0.018674129425957038 0.013563203574238687 0.00028921216864710947 -0.018626256021223288 0.046070764325272302 0.0096227338863973059 -0.01661828224625057 0.017362428120254781 -0.0085147242053974313 -0.017454139356756243 0.027819252772715717 0.033241246253700875 -0.021511321767854499 0.013434693831072911 0.0046658287607658742 -0.0314851775342515 -0.013003459459272807 -0.018724276612668074 -0.0069889618688545006 0.039900589459478303 0.043132173777978046 -0.0092472669807669404 0.040632832758757301 -0.0045852146343445897 0.037725034105572701 0.0090560361769149115 -0.00050018625816678625 -0.00030545457240669223 -0.0060529257954639853 -0.039913661688666578 -0.0096312776123695428 0.007851254346505878 0.020654250120895685 -0.015783847715865922 0.019136436094689301 0.0073303706381540766 0.016972823823893549 -0.016160072821708428 -0.0011714778816437764 0.050146293485581729 -0.014263023055948986 0.01767590047888281 0.00093045010787241097 -0.013765872221628355 0.034848464143667483 0.010642822619878031 0.0095174937029487254 -0.0109902713803877 0.016981321955020463 0.0066125738985070674 -0.0021033724332577743 0.0033596485280675175 0.031699114475768238 0.011737008143921021 0.0042842718519367348 -0.011380589389968793 -0.016198587081124306 -0.02289572133476734 -0.00071797018745139724
leaf_weight=390.23696059174836 90.665031407028437 51.537595558911562 1006.837290527299 81.885611033067107 107.70467681996524 45.627516390755773 60.10321251489222 359.82690728083253 117.72710206359625 72.695068417117 194.76452359929681 57.259609956294298 166.077606998384 343.91602903045714 56.52234098315239 46.912942655384541 42.201953399926424 943.85800795070827 152.09909313544631 88.393610687926412 162.62881802022457 60.888851558789611 50.957158727571368 84.149430222809315 90.169793657958508 79.696142960339785 57.336002243682742 156.75508432090282 103.64466540515423 134.18774335458875 47.966400599107146 49.623054133728147 54.194319471716881 93.24899066798389 48.573872847482562 223.17031462863088 69.213015804067254 69.290697937831283 69.789632244035602 49.632963946089149 100.68484850414097 48.717020662501454 290.60090419091284 47.25263343565166 61.14972205273807 181.59941189549863 45.250783532857895 109.60925395786762 119.23402559943497 113.83551451936364 45.505257939919829 72.787474844604731 46.446740282699466 41.322441507130861 454.51815307699144 59.9237330108881 99.230878230184317 60.98051199875772 64.474130501970649 62.306163422763348 218.02661831490695 154.59828448109329 87.864104982465506 74.852831866592169 339.58780393563211 41.741653291508555 389.43120556697249 52.567642657086253 108.83827596344054 85.707142528146505 62.656651888042688 191.96685467101634 63.07384498976171 132.06645172089338 211.34657306969166 118.27447208762169 52.401665529236197 155.79734217189252
leaf_count=5275 1494 737 12691 1284 1337 656 965 4407 1365 981 2527 635 1989 3893 513 628 569 10393 1608 1081 2354 922 688 890 955 822 559 1690 1260 1400 600 485 623 1153 518 2551 932 731 679 696 1348 706 3855 635 794 2479 620 1424 1279 1309 675 947 629 478 5460 540 1017 663 549 674 2581 1833 989 783 4210 505 4599 692 1228 1141 749 2333 876 1744 2311 1230 638 1837
internal_value=0 -0.00142738 0.0030909 -0.00412766 -0.00680003 0.0127065 0.0040655 0.00481754 0.0096195 -0.00783463 0.00471353 -0.00915283 -0.00532086 -0.0143403 0 0.000139203 0.0127685 -0.00399742 -0.0155255 -0.00167083 0.00507685 0.00651126 0.00607104 0.0157985 0.0281429 0.0126145 -0.00196361 0.00399626 0.00617412 0.0145502 -0.000216824 -0.00378988 -0.00835708 2.03682e-05 -0.00544771 -0.00272049 0.00480237 0.01222 0.0206468 0.0272954 0.00867298 0.0110897 0.00150019 0.0178593 0.0173056 0.0148791 0.0224511 -0.0209101 -0.0239579 0.000747513 -0.0135307 0.00559477 0.0160953 0.000245733 0.00419125 0.00590341 0.010078 0.0234778 0.0355937 0.00363578 0.00511838 0.0109433 0.000107043 0.0187647 0.0155023 0.0332005 -0.0154139 0.00014793 -0.00412012 0.00880983 0.0174641 0.0266492 -0.00237807 -0.00563441 -0.01855 -0.0264554 -0.0023459 -0.00686288
internal_weight=0 7911.43 2952.49 4958.94 3007.77 146.798 2986.77 2896.1 1440.19 2860.98 267.46 2593.52 1501.81 1091.71 1951.17 900.797 1129.07 1177.84 233.985 311.126 222.732 1945.65 773.324 897.505 174.319 723.186 137.032 716.801 530.699 230.724 299.975 96.536 370.098 1455.91 573.287 524.713 301.542 232.329 163.039 95.2605 1555.42 1156.67 398.742 108.141 601.471 552.754 298.367 615.724 506.115 231.563 601.014 254.387 586.153 87.7692 555.203 665.844 446.015 185.378 124.398 882.622 820.316 372.625 447.691 498.384 423.531 83.9436 555.509 260.637 208.069 196.33 110.623 253.117 219.829 475.982 386.881 175.534 262.393 208.199
internal_count=131896 95880 38065 57815 36074 2089 36016 34522 17474 33985 3508 30477 17961 12516 21741 10698 13074 13285 2892 4400 3319 25374 8456 10400 1845 8555 1381 7943 6263 2513 3750 1113 4435 17048 6564 6046 3495 2563 1832 1352 20099 14687 5412 1557 7879 7173 3747 6879 5455 2674 7263 3426 7174 1107 6808 7255 4689 1752 1089 10484 9810 4414 5396 6067 5284 1074 6588 2937 2245 2490 1349 3127 2566 5637 4176 1865 3098 2475
is_linear=0
shrinkage=0.0454652


Tree=3
num_leaves=79
num_cat=0
split_feature=29 28 6 14 18 21 29 13 29 13 6 5 13 14 2 21 0 11 6 13 21 14 21 21 14 0 4 11 13 5 4 6 0 21 11 21 28 21 31 0 11 33 6 21 5 29 13 8 18 14 13 33 33 29 14 14 29 14 6 22 29 22 18 13 29 2 21 5 28 13 28 13 2 13 2 13 29 5
split_gain=57.5476 36.6898 25.1846 28.954 35.0185 23.6832 39.3804 32.4331 36.4285 26.3338 22.809 22.766 25.6734 21.4851 21.0751 20.6651 20.2975 24.4714 20.261 19.5199 19.4447 19.3137 18.762 18.485 18.4053 17.7429 17.509 19.446 29.1169 16.9085 16.7072 15.4737 15.1645 20.8467 22.6857 14.9186 14.3464 13.3367 13.1174 20.0503 28.0677 19.8224 19.5938 23.2732 21.0287 16.9204 22.4179 22.9288 17.8943 15.8361 13.6913 14.1036 13.5159 13.0841 12.3715 14.3555 23.11 11.9934 11.8088 11.6307 11.5297 11.5258 11.4158 14.3153 12.6556 12.9321 11.401 11.2471 11.2484 11.0405 18.1959 13.7436 20.6032 12.0344 11.4424 10.9708 10.9117 10.7846
threshold=-0.60785761475563038 0.31107263267040258 -2.9264345169067378 -2.5574903488159175 69.500000000000014 -0.4850925207138061 -1.0000000180025095e-35 -0.00937512284144759 0.87837970256805431 -0.080513916909694658 4.4610955715179452 -5.8249154090881339 -0.091159634292125688 -6.9782721996307364 0.62389549612998974 4.7062041759490976 0.88224914669990551 0.062623318284749999 5.610171079635621 0.019307202659547332 1.3217623233795168 -7.4869771003723136 9.9644799232482928 8.3546667098999041 -6.1672241687774649 0.44500021636486059 0.79062369465827953 0.070721000432968154 0.073655162006616606 2.2002570629119877 -0.86442428827285755 10.036489486694338 1.5942050814628603 15.017803668975832 0.13277179747819903 4.239455223083497 0.56457334756851207 5.1218750476837167 1.0000000180025095e-35 0.62321439385414135 0.049340229481458671 0.9590476155281068 -2.9264345169067378 -4.6258704662322989 -4.8252496719360343 0.87837970256805431 0.019812643527984623 0.9867399036884309 52.500000000000007 -20.208924293518063 -0.020555830560624596 0.9590476155281068 2.0062500238418584 1.0000000180025095e-35 -2.1169135570526119 -6.9782721996307364 -1.0000000180025095e-35 -26.590509414672848 -0.11304863542318343 -1.2225729823112486 1.0000000180025095e-35 -0.10210456326603888 88.500000000000014 0.053619492799043662 1.0000000180025095e-35 1.3619769215583803 -2.7484697103500362 0.22614342719316485 -0.83743050694465626 -0.031506869941949837 -0.2693240344524383 -0.020555830560624596 1.1039857268333437 -0.00041108627920038993 3.2371735572814946 0.014343020971864464 1.0000000180025095e-35 1.0680202245712282
decision_type=2 2 2 2 2 2 2 2 2 2 2 2 2 2 2 2 2 2 2 2 2 2 2 2 2 2 2 2 2 2 2 2 2 2 2 2 2 2 2 2 2 10 2 2 2 2 2 2 2 2 2 10 8 2 2 2 2 2 2 2 2 2 2 2 2 2 2 2 2 2 2 2 2 2 2 2 2 2
left_child=35 10 11 5 23 6 14 21 16 -8 38 -3 -13 30 -4 24 36 -18 20 -17 -10 -7 -19 -5 -12 -11 27 -6 29 -29 66 -28 33 34 62 -1 -9 -22 39 40 53 -42 43 49 -44 46 48 -48 50 57 51 -46 -45 -2 55 56 -41 -40 -52 -32 -51 -47 64 -64 -21 -66 -14 68 -57 70 -58 72 -71 -73 -72 76 -69 -27
right_child=1 2 3 4 26 7 9 8 18 25 15 12 13 -15 -16 19 17 22 -20 32 37 -23 -24 -25 -26 77 31 28 -30 -31 59 -33 -34 -35 -36 -37 -38 -39 42 54 41 -43 44 52 45 61 47 -49 -50 60 58 -53 -54 -55 -56 67 69 -59 -60 -61 -62 -63 63 -65 65 -67 -68 75 -70 71 74 73 -74 -75 -76 -77 -78 -79
leaf_value=-0.038545872656282697 0.0060631703467301165 -0.0059003457531680448 0.053551401695209271 0.04062623810772676 -0.007419528982703899 0 -0.025852379497301278 0.0009632982769641811 0.026557855441545215 0.026825284303138401 -0.0042304314160279003 -0.012416742663713129 -0.00045622616058659616 -0.0056846603502628025 0.012767630322344384 0.0072409875368975619 0.025971383760491511 -0.016700877202386236 0.037409181018742757 -0.011642087570341721 -0.0099339825915664582 -0.02916491401264594 0.015886097281190999 0.0066959197725124349 -0.022514289672346682 -0.00329799741614414 0.0033966495025880591 0.046594049118057985 -0.0033934914171843923 0.01227559166270694 0 -0.01962084595027069 0.0049581786747213618 0.018295510666650489 -0.022866973064401622 -0.004631236332639785 -0.012979633103670578 0.018415450506412568 0.0096622365595415861 -0.011762176265282928 0.012089255561285549 -0.023458964439117297 0.034845180811196405 -0.018505143396328722 -0.0044352743419969242 -0.011657941844309723 -0.0082382731070764232 0.016420674306619455 0.019294720242778951 0.024415569236807794 -0.011631003313773432 0.025426369752341096 6.834121474566762e-05 0.038931870127855914 0.011484932102960171 0.0017550463956690942 -0.016142639717488316 -0.020469734884706835 0.0088089124372601572 0.025174691470510224 0.0030519498178559713 0.0061488425113795332 -0.019663436933365714 0.0026638490747176963 0.018035308861593553 -0.0033987953931014321 0.021339288544624517 -0.027761599073888941 -0.018379060451265923 -0.0040978834764285885 -0.0015170571544597506 -0.005180323379151342 0.02709977969332961 0.006150363151963812 0.023243460882214923 0.0040730486047771495 -0.0035036477960675287 0.010046614273457348
leaf_weight=94.096728190779686 47.339914713054895 145.66024951450527 43.656418500468135 97.252761116251349 71.042841698974371 63.585273480042815 62.155352741479874 203.29857671074569 66.372451219707727 60.796889597550035 227.29411213099957 68.960974587127566 137.45964155346155 82.041445443406701 75.863066716119647 299.64655468054116 79.818208873271942 94.130394777283072 53.440997585654259 121.72333580814302 118.30258277058601 147.60887117683887 53.196147637441754 57.797071784734726 245.99729914590716 337.90189954265952 183.49906739406288 70.831278642639518 71.706857178360224 63.587054559960961 45.405611246824265 83.643273117020726 211.22225555218756 51.70971261151135 215.04710999131203 43.360815644264221 534.32603995874524 43.162157543003559 38.416770972311497 351.88913079537451 64.722210701555014 56.253548413515091 46.34840583242476 219.11495701223612 43.546945385634899 186.26854501664639 280.94586494192481 102.78165353648365 356.70967059582472 86.400758504867554 121.79221183247864 94.417448565363884 118.91237801499665 67.231368079781532 110.03089135326445 64.516560696065426 170.7024465277791 67.707389881834388 103.38002482801676 436.78143631480634 141.71279113739729 116.91942148655653 180.52710614725947 80.897790636867285 101.67600874044001 120.44782204180956 69.916165905073285 53.718075092881918 300.6504860073328 65.616960031911731 205.34694697149098 332.6490521132946 109.56969422288239 447.19607600942254 42.593444410711527 193.27532180026174 136.2041335478425 191.45290997810662
leaf_count=1137 587 1714 598 920 773 972 897 2520 746 899 2952 957 1838 1006 924 3835 922 963 662 1334 1321 1708 741 661 2789 4210 1732 607 733 654 612 1003 2673 760 2091 575 6741 644 548 4192 1321 444 564 1652 995 2202 3468 1216 4214 957 1535 721 2545 967 1150 750 2290 1105 1325 5454 1773 1526 1954 843 1003 1352 871 694 3221 877 2609 4078 1309 6022 480 2136 1638 2295
internal_value=0 0.000544227 0.00405182 0.00190885 0.00995492 -0.000607318 0.00578777 -0.00403456 -0.00117364 0.00124293 -0.00146878 0.0103316 0.0132171 0.0156243 0.0293368 -0.00576084 -0.00541079 0.00626554 0.013058 -0.00289111 0.00657759 -0.0203448 -0.00450116 0.0287814 -0.0139472 0.00433683 0.0043287 0.0122949 0.0193339 0.0315527 0.0182485 -0.00381735 -0.00575536 -0.00841709 -0.0102424 -0.0286346 -0.00908688 -0.00179363 0.000135931 -0.00188571 0.0106556 -0.00427691 0.0028392 -0.0035193 0.00581599 0.00472686 0.00735242 -0.00140417 0.0120693 0.00485957 0.00470314 0.015801 -0.0119059 0.0264382 -0.0030628 -0.00374738 -0.00142488 -0.00916556 -0.0020442 0.0229161 0.011641 -0.00464184 -0.00555377 -0.0126359 0 0.00634543 0.00693168 -0.00900091 -0.0147097 0.0012148 -0.00485958 0.00393775 0.0153154 0.00125314 0.0028508 -0.00333704 -0.0110564 0.00147691
internal_weight=0 10715.7 3914.65 2928.43 699.36 2229.07 771.827 1457.24 1246.05 652.307 6801.07 986.226 840.565 771.604 119.519 1856.19 964.769 227.145 281.278 1382.9 227.837 211.194 147.327 155.05 473.291 590.152 544.31 277.168 206.125 134.418 689.563 267.142 1083.25 872.029 820.319 137.458 737.625 161.465 4944.88 2819.51 235.547 120.976 2125.38 672.265 1453.11 1406.76 1103.57 383.728 719.846 334.238 363.137 137.964 338.027 114.571 2583.96 2473.93 1725.56 106.124 225.172 482.187 228.114 303.188 605.272 261.425 343.847 222.124 207.376 748.365 365.167 1373.67 418.643 955.032 175.187 779.845 247.94 383.198 189.922 529.355
internal_count=131707 129995 47298 34846 7083 27763 9823 17940 15260 8301 82697 12452 10738 9781 1522 21586 11887 2626 3373 15845 2711 2680 1704 1581 5741 7404 5502 2767 1994 1261 8775 2735 12010 9337 8577 1712 9261 1965 61111 34765 3319 1765 26346 8580 17766 17202 13474 4684 8790 4383 4576 1716 4197 1554 31446 30296 21857 1653 2860 6066 2730 3728 6486 2797 3689 2355 2709 8439 3971 17665 5379 12286 2186 10100 3089 4468 2332 6505
is_linear=0
shrinkage=0.0454652


Tree=4
num_leaves=79
num_cat=0
split_feature=29 14 13 4 13 23 11 16 18 14 29 18 16 23 13 13 16 18 29 23 21 12 14 21 8 13 0 13 4 13 11 0 9 13 29 21 14 32 5 29 4 12 12 5 23 29 14 16 21 21 1 11 18 12 14 13 0 29 12 0 9 18 13 21 13 29 21 14 13 16 5 4 5 13 9 16 0 14
split_gain=58.1782 34.4927 55.4076 31.1975 30.2336 22.4566 19.7637 19.3915 23.0218 16.611 15.6161 24.4617 13.31 19.0004 17.6846 26.0455 17.1149 16.6501 14.3569 12.6378 21.9667 13.3383 51.4613 31.0824 27.2957 25.4363 23.6484 30.6916 22.994 18.6194 15.2237 16.4268 15.0152 14.5301 14.2147 14.0122 15.1969 13.8517 12.6281 12.4877 25.8284 14.5405 13.4571 12.0833 11.9619 11.6036 16.9387 26.3385 11.4516 22.5606 11.3455 14.7167 40.1856 17.0034 17.1796 11.6084 22.1027 11.313 18.208 11.5377 11.1932 11.1886 10.7042 13.2126 10.6719 65.7235 10.338 14.4518 10.1427 12.8423 9.91616 9.89676 9.81615 9.7665 21.0313 16.3997 11.2902 9.49789
threshold=-0.60785761475563038 -7.3534996509551993 -0.010330400895327328 -1.2332896590232847 -0.083343014121055589 0.32014380395412451 0.017300327308475975 0.47991792857646948 20.500000000000004 -3.3150099515914913 0.6078576147556306 65.500000000000014 0.44487948715686804 1.5554387569427492 -0.033960442990064614 0.0016633969498798253 0.505934238433838 49.500000000000007 -1.0000000180025095e-35 1.3024638891220095 5.0270605087280282 0.065969917923212065 -2.1169135570526119 5.4874205589294442 0.16008440405130389 0.067517079412937178 0.90665364265441906 0.013131674844771625 1.2473675012588503 0.080101061612367644 0.13547828793525699 1.0350355505943301 0.25561071932315832 0.037675794214010246 0.87837970256805431 1.5474605560302737 -3.4765207767486568 1.0000000180025095e-35 3.4469296932220463 1.0000000180025095e-35 0.49089783430099493 0.022336675785481933 0.043977163732051856 0.11421830207109453 0.89823713898658764 0.87837970256805431 -4.9871702194213858 0.798588126897812 1.7858716845512392 5.0270605087280282 1.4387503266334536 0.10873735696077348 45.500000000000007 -0.011062024161219595 -14.322002887725828 -0.026758261956274506 0.90036225318908703 1.0000000180025095e-35 0.00062792701646685611 0.59472137689590465 0.24533757567405703 7.5000000000000009 0.076511617749929442 15.792271614074709 -0.049442930147051804 1.0000000180025095e-35 -5.4819481372833243 -14.472649097442625 0.04908664524555207 0.89352050423622142 -2.310077309608459 0.47383950650691992 1.429299592971802 0.041966278105974204 0.13598319888114932 0.73930329084396373 0.64231306314468395 -26.044825553894039
decision_type=2 2 2 2 2 2 2 2 2 2 2 2 2 2 2 2 2 2 2 2 2 2 2 2 2 2 2 2 2 2 2 2 2 2 2 2 2 2 2 2 2 2 2 2 2 2 2 2 2 2 2 2 2 2 2 2 2 2 2 2 2 2 2 2 2 2 2 2 2 2 2 2 2 2 2 2 2 2
left_child=-1 3 6 -2 10 -6 -3 -4 9 61 11 77 13 50 -14 16 -16 -18 -17 21 -21 22 26 24 -24 30 27 35 62 39 31 37 33 -33 70 72 -37 43 -19 60 -41 -42 -43 -23 -39 48 -47 -48 -29 73 51 53 71 64 -55 -56 -57 58 -51 -59 -25 -9 -27 -64 65 -7 67 -66 -22 -70 -28 -53 -10 74 76 -76 -50 -5
right_child=1 2 7 4 5 12 -8 8 19 -11 -12 -13 14 -15 15 18 17 38 -20 20 68 25 23 29 -26 28 34 45 -30 -31 -32 32 -34 -35 -36 36 -38 44 -40 40 41 42 -44 -45 -46 46 47 -49 49 57 -52 52 -54 54 55 56 -58 59 -60 -61 -62 -63 63 -65 66 -67 -68 -69 69 -71 -72 -73 -74 -75 75 -77 -78 -79
leaf_value=-0.029012349108898265 -0.0019652283601931326 -0.027457012148923224 -0.016925445606950487 -0.0003221491749780205 0.036394400749772696 0.054982584375902761 -0.0072810445481334756 0.011809595612247186 0.0063518902402440007 0.022856756756081946 -0.028369095138036704 0.024766178062253064 -0.013761993701284284 -0.0044545091231844771 0.0029175848641285755 -0.019670715947948947 0.0011760605562295971 0.046984845638816157 0.00099386511499614046 -0.01907651933453685 0.0028294786923580484 0.0047523279229269699 0.049702351740552569 -0.014781737382204403 0.012427762221516717 0.031923075535531267 0.027433597440470057 -0.026959369633392356 -0.012831130231601665 -0.01537625066669957 -0.025736096013140822 -0.016841569016963171 0.021972479211467021 0.011437807060450668 -0.0064390499152762702 -0.012287104149481212 0.013412406533129235 0.0091334938686316747 0.01212558737802351 0.041383579119699206 -0.010636838514599602 0.030055439545847464 0.00089784662206734826 -0.016228272368595805 -0.01557879681991812 0.022057449287375967 -0.029854888260364143 0.011287877104293827 0.021492996739569677 0.014817433845909582 -0.0024417455817138298 -0.0045088752313145811 0.045642809641351582 -0.0081233451698232411 0.014795575903920022 -0.011057650078163802 0.023754727972724619 -0.0076797316336707326 -0.020250585105512534 -0.037290633395776783 0.010713902618630793 -0.0023797052576786295 -0.002581762439563299 0.02682219180799288 0.010940312572034872 -0.0075627406555438667 0.013308818111876765 -0.0099696657868236851 0.0021277258822802879 -0.019250614320739788 0.0066775207203945862 0.019003521604886345 0.029173914851965122 0.0095994852896053116 -0.00081408826751295409 -0.033946075059347283 -0.0052608009967702249 -0.026478005687315637
leaf_weight=136.08077318780124 1628.9970459807664 212.89837282523513 143.44778411090374 64.366335244849324 48.892632581293583 66.459749761968851 209.66402126848698 204.74417093396187 161.88210068270564 124.48734148032963 64.732061743736267 44.90763927064836 129.23858664743602 218.06809508241713 153.79866914451122 81.421967389062047 48.229695884510875 64.15772763453424 350.69726707227528 207.6189415641129 355.56241275370121 60.048846669495106 73.423318352550268 61.402454823255539 103.21355889737606 61.739047646522522 53.857161242514849 101.32181896828115 70.893346814438701 64.203216267749667 84.759771943092346 74.030929017812014 69.060623705387115 66.987704139202833 148.18611099384725 139.44891437888145 66.002677852287889 125.07748986966908 43.251110950484872 59.75284232199192 58.463216621428728 63.739969693124294 70.679399482905865 404.81319825537503 54.471824694424868 48.815698280930519 58.08684797771275 61.194769697263837 52.15168890543282 39.965234827250242 146.26510176062584 78.282721830531955 83.719674028456211 199.73969844542444 223.55671875365078 123.81572646833956 49.263072060421109 46.74397918023169 91.535793572664261 98.33959748968482 73.330386066809297 243.264772541821 80.515373194590211 44.803365211933851 169.86529810726643 64.365236513316631 704.17030924931169 106.97941152565181 100.70561764203012 120.24854572117329 392.33896244876087 60.608659330755472 53.03231093659997 96.77107996866107 58.699814273044467 69.888296704739332 70.058523092418909 54.226789182052016
leaf_count=1710 20993 2583 1612 878 602 810 2562 2392 1903 1318 1026 662 1501 2671 1877 1010 593 809 4979 2391 4252 701 718 633 1051 580 583 1089 793 780 808 880 776 716 1515 1730 735 1480 554 576 563 589 735 4502 609 663 600 821 601 598 1910 1106 947 2779 2646 1673 657 630 1175 1170 795 2882 925 651 2366 993 8978 1125 1074 1263 4455 789 662 1177 704 697 771 597
internal_value=0 0.000468489 -0.00196671 0.00319323 0.0056474 0.00679419 -0.0177262 -0.000672197 -0.000191396 0.00835324 -0.0101315 -0.00210442 0.00627537 0.0080933 0.00141266 0.00418364 0.01419 0.0246642 -0.00293578 -0.00129151 -0.00652447 -0.00017354 0.00167956 0.0129322 0.028965 -0.0041327 -0.00201895 -0.00543697 0.00833226 0.0063503 -0.00762899 -0.00566216 0.00515733 -0.0031281 0.00544093 0.00458418 -0.00369763 -0.00927482 0.034344 0.0101988 0.0160913 0.0073125 0.0155549 -0.0133963 0.00119083 -0.010205 0.000276404 -0.00867727 -0.0126884 -0.0101339 0.00944025 0.0103688 0.0214635 0.00884673 0.00252567 0.00803823 -0.000554448 -0.0197467 -0.00910775 -0.028549 -0.000647019 0.00404515 0.016711 0.00806854 0.0121719 0.0245518 0.0103764 0.00265908 -0.0018177 -0.00942837 0.00951734 0.00565998 0.0126454 -0.00220504 -0.00703208 -0.01968 0.00609574 -0.013163
internal_weight=0 10728.5 5656.37 5072.08 3443.08 3214.85 422.562 5233.81 5090.36 572.496 228.233 163.501 3165.95 2295.16 870.795 741.556 309.437 155.639 432.119 4517.87 784.136 3733.73 2536.53 628.208 176.637 1197.2 1908.32 1313.94 257.951 451.571 939.25 854.491 210.079 141.019 594.382 420.366 205.452 644.411 107.409 387.368 252.635 192.883 134.419 464.862 179.549 893.573 168.097 119.282 725.476 624.154 2077.09 1930.83 222.611 1708.22 596.375 396.636 173.079 276.585 131.501 145.084 134.733 448.009 187.058 125.319 1111.84 130.825 981.015 276.845 576.517 220.954 446.196 138.891 214.914 347.569 250.798 128.588 122.21 118.593
internal_count=131710 130000 64469 65531 44538 41375 5145 59324 57712 6592 3163 2137 40773 29450 11323 9822 3833 1956 5989 51120 8980 42140 28719 6440 1769 13421 22279 15726 2949 4671 10472 9664 2372 1596 6553 5030 2465 7292 1363 3891 2463 1887 1324 5203 2089 10696 2084 1421 8612 7523 26779 24869 2842 22027 7755 4976 2330 3573 1773 1800 1428 5274 2156 1576 14272 1803 12469 3491 6589 2337 5038 1895 2565 3950 2773 1401 1372 1475
is_linear=0
shrinkage=0.0454652


Tree=5
num_leaves=79
num_cat=0
split_feature=16 1 30 18 30 2 3 3 0 16 2 3 2 3 16 3 3 18 3 16 31 3 6 6 2 6 2 20 16 2 16 0 3 3 16 30 0 3 3 6 2 16 20 23 30 4 30 3 3 23 18 0 20 2 0 3 23 5 20 0 3 18 2 30 5 20 3 3 4 3 18 3 2 2 23 3 3 3
split_gain=19.9454 23.914 23.5366 44.8019 37.7005 33.6239 25.7237 19.6607 24.6653 19.1514 26.9042 40.3762 31.0225 22.7257 19.2546 31.1258 20.1785 18.6464 20.3816 18.1104 16.9706 29.5608 19.9484 35.2846 23.6959 16.9265 22.3918 16.7182 16.5219 14.9701 14.3738 14.0446 24.3785 15.5948 14.0209 13.9902 13.8136 13.5655 17.9947 18.7774 13.3269 13.1991 12.8332 12.3336 18.1801 11.8995 12.7472 11.8448 16.3894 14.3291 11.7011 11.5238 11.4259 11.015 10.8144 10.4322 10.4062 10.1816 11.2238 10.6557 12.1727 11.1737 10.1973 9.65632 9.35955 14.3556 10.5486 18.6941 11.1308 10.4693 18.6379 9.93065 9.44478 8.91715 8.90459 8.86857 16.4311 9.74782
threshold=0.44487948715686804 1.4387503266334536 1.0000000180025095e-35 64.500000000000014 -0.56174489110708226 1.9191051721572878 0.24781897664070132 0.44834861159324652 1.2207077145576479 0.80218586325645458 1.0606126189231875 0.47514396905899053 0.68495517969131481 0.40459981560707098 0.65730145573616039 0.28218859434127813 0.25886628031730657 7.5000000000000009 0.75681859254837047 0.97043913602828991 1.0000000180025095e-35 0.34539052844047552 -3.1491707563400264 1.915647625923157 0.87079718708992015 1.0509842634201052 0.49966508150100714 0.48370596766471868 0.30125544965267187 0.36687257885932928 0.49730224907398229 0.61126050353050243 0.66128730773925792 0.44607733190059667 0.22706365585327151 0.81174489855766307 0.96066138148307811 0.5424204170703889 0.49942605197429663 0.88064181804656994 0.57717943191528331 0.33582510054111486 -0.18730594217777249 1.1570383906364443 1.0000000180025095e-35 -0.86442428827285755 0.81174489855766307 0.56877422332763683 0.60101607441902172 1.1498813629150393 48.500000000000007 1.3782841563224795 -0.92711108922958363 0.70363020896911632 1.0473142266273501 0.57808914780616771 0.56578829884529125 -0.68547633290290821 0.6701774299144746 0.79726597666740429 0.38857901096344 42.500000000000007 0.64710852503776561 -0.56174489110708226 5.5727641582489023 2.5314899682998662 0.58834785223007213 0.86608046293258678 1.1972478032112124 0.66968363523483287 78.500000000000014 0.86170926690101635 1.6528611779212954 2.7220444679260258 0.71470916271209728 0.93309623003005993 0.8019099533557893 0.37691237032413488
decision_type=2 2 2 2 2 2 2 2 2 2 2 2 2 2 2 2 2 2 2 2 2 2 2 2 2 2 2 2 2 2 2 2 2 2 2 2 2 2 2 2 2 2 2 2 2 2 2 2 2 2 2 2 2 2 2 2 2 2 2 2 2 2 2 2 2 2 2 2 2 2 2 2 2 2 2 2 2 2
left_child=1 2 3 6 36 20 42 40 -9 14 11 25 -13 -12 29 16 27 -17 37 64 21 -4 35 24 28 26 74 -16 -24 -2 -31 32 33 -23 -6 -22 -5 38 39 -19 -8 -42 -1 44 55 -7 -47 -39 -49 -50 -28 -45 -33 -36 56 -14 -41 -27 -59 60 62 -61 -60 -20 65 -15 -66 68 -68 70 -67 -71 -69 -10 -11 76 77 -32
right_child=9 -3 5 4 34 45 7 8 73 10 13 12 43 19 15 17 -18 18 63 -21 22 31 23 -25 -26 57 50 -29 -30 30 75 52 -34 -35 53 -37 -38 47 -40 54 41 -43 -44 51 -46 46 -48 48 49 -51 -52 -53 -54 -55 -56 -57 -58 58 59 61 -62 -63 -64 -65 66 69 67 72 -70 71 -72 -73 -74 -75 -76 -77 -78 -79
leaf_value=0.044990343466518048 0.024337446952124323 -0.0051703633746269838 -0.0232072809807734 0.034500537411195485 -0.020523587428249539 0 0.0087434341132652301 0.0094356787870363903 -0.002009516317076656 0.0083776263036718646 -0.021402957090100837 0.03973658151468832 0.037767220974485302 0.0084795975802594136 -0.010725669926536825 0.010805446044717667 0.034403942220860816 -0.019651257289463847 0.0094038490511362226 -0.01288061227463521 -0.019417423925401939 -0.00032790391445586915 0.027402179413867554 -0.017977431848248869 0.051140606230334645 0.012326699196849224 0.03210186603914688 0.024508236056885319 -0.007168282299926762 -0.0081017100015135356 -0.0063916136480916775 -6.1839097445165085e-05 -0.018941549398126974 0.031884292060032578 0.026344484064385453 0.006840889034174887 0.0031231597306929457 -0.035400939560699868 0.0080770408009933053 0.0081479862177747178 -0.018456628126594987 0.0069475280311292586 0.0054757199778449417 -0.017055634366899133 0.00033120591116927371 0.0062403499401510231 0.034533912119869593 0.0021064863177173913 -0.025393677107451926 -0.0028008985807896586 0.0055712651059374131 0.011659884975220559 -0.012637502980503821 -0.0021389816710219393 0.012589892041666457 0.011492835010734354 -0.013229959086102144 -0.020783862064126222 0.00034606461004931048 0.0058825229490135928 -0.0098405152000817751 -0.012953000095210747 0.023774366144750324 -0.006310394647620142 -0.0073838046150604261 0.019831027416952515 0.024766935750343048 -0.021823144026819674 0.0063672462336367298 -0.020566510592864892 -0.0083776354469571514 -0.001092722593030749 0.0024681872644471774 -0.022764540817129357 -0.017156369310572496 0.014495050272785656 -0.014518413748362224 0.0033087204865162199
leaf_weight=40.943073123693466 44.073856292292476 686.12103640846908 165.59995491988957 235.54841456376016 38.521825475618243 65.095436753705144 70.383175270631909 731.07487528398633 198.90742997452617 45.903906805440784 122.54282405786216 94.830349124968052 74.601611509919167 165.9138891492039 81.575084079056978 87.021845163777471 49.451466243714094 307.84356242418289 127.64312489144504 226.82278276607394 79.188486728817225 45.835369115695357 58.978248996660113 46.393394738435745 47.882740532979369 72.910144923254848 86.372324829921126 37.065292747691274 46.562942108139396 486.19755223207176 257.5362142007798 370.29269919730723 41.171646013855934 75.90782973356545 44.509585540741682 77.786927919834852 37.937632165849209 78.20797541923821 105.45620851404965 56.616935901343822 189.45697660557926 48.549018098041415 34.373270396143198 52.421302501112223 99.93046916462481 62.731478463858366 86.22276533767581 83.332073081284761 243.07114189490676 83.883104663342237 66.911562575027347 53.987631306052208 255.54255242645741 58.528932984918356 62.258786199614406 71.794113826006651 184.67918097414076 78.641828102990985 85.262343583628535 82.027726039290428 74.532173927873373 239.75529589131474 73.168083777651191 204.69848031550646 101.64780354127288 65.875244222581387 133.15530292131007 41.192372884601355 160.97837759368122 147.58238487876952 152.85960474424064 93.487615838646889 111.13712824322283 53.309401916339993 57.489249799400568 87.65294767357409 142.8661967292428 1133.3317553810775
leaf_count=624 608 8717 2175 3383 614 840 1028 9082 2412 588 1564 859 699 1763 1241 986 675 3389 1682 2456 1068 553 730 573 516 872 1093 481 492 6107 3312 4875 631 1007 587 937 551 871 1245 645 2661 673 544 515 1042 814 882 837 2634 974 778 563 2836 791 693 736 2237 899 925 893 723 2503 789 2627 1150 707 1471 490 1837 1657 1520 1270 1729 712 673 1220 1764 13352
internal_value=0 0.00250138 0.00411211 0.00765424 0.020687 -4.02963e-06 0.00361183 0.00202052 0.00519021 -0.00153625 0.00123229 0.00576015 0.016979 -0.00293295 -0.00360688 -0.00708409 0.0112189 -0.00903104 -0.0102109 -0.00122474 -0.00277763 -0.00595925 0.00556851 0.0150387 0.0255394 0.00044578 0.0103948 0.000333937 0.0120066 -0.000679032 -0.00127135 -0.00217554 0.00945722 0.0197521 0.00119649 -0.00625915 0.0304337 -0.0129517 -0.00875932 -0.0117769 -0.00786556 -0.0130433 0.0287804 0.0103392 0.0158773 0.0164957 0.0234216 -0.0188812 -0.0152966 -0.0198507 0.021276 -0.00215262 -0.00532286 0.0102451 -0.00347783 0.025868 -0.00796297 -0.00314014 -0.00506466 -0.00261333 0.00461482 -0.00798827 0.0117918 -8.90929e-05 0.00102301 -0.002718 0.00537057 0.00842329 0.0150856 -0.00690274 0.00010673 -0.0133576 -0.00418713 -0.00687962 -0.00547853 0.000762042 -2.75006e-05 0.00146416
internal_weight=0 3993.36 3307.24 1782.04 415.046 1525.19 1367 1291.68 983.292 6878.2 2933.74 1410.54 447.565 1523.2 3944.46 1792.8 168.092 1624.71 1537.69 1400.65 1311.14 954.35 356.793 199.817 153.424 962.975 256.677 118.64 105.541 2151.66 2107.58 788.75 162.915 121.743 141.56 156.975 273.486 1205.35 716.855 611.398 308.389 238.006 75.3163 352.735 246.326 214.05 148.954 488.494 410.286 326.954 153.284 106.409 625.835 103.039 303.555 146.396 241.296 706.298 633.387 554.746 232.963 321.783 158.43 332.342 1173.83 625.719 548.111 446.463 294.134 459.805 218.735 241.07 152.33 252.217 103.393 1621.39 1533.73 1390.87
internal_count=131652 51308 42591 23662 5926 18929 17736 16568 12206 80344 32764 15150 4414 17614 47580 21217 2397 18820 17834 16050 16393 12077 4316 2311 1738 10736 3132 1722 1222 26363 25755 9902 2191 1560 1992 2005 3934 13525 8209 6964 4362 3334 1168 3555 2477 2536 1696 5316 4445 3608 1871 1078 7711 1378 3575 1435 2882 7604 6732 5833 2437 3396 1714 4309 13594 6917 6677 5527 3308 5154 2227 2927 2219 3124 1261 19648 18428 16664
is_linear=0
shrinkage=0.0454652


Tree=6
num_leaves=79
num_cat=0
split_feature=12 21 3 8 3 4 21 32 3 15 3 5 11 32 17 20 21 3 33 12 3 15 3 21 5 20 1 17 3 3 21 15 4 33 18 17 18 17 12 1 15 20 15 15 11 3 3 3 0 33 11 3 0 3 12 12 0 21 12 3 3 17 20 15 11 0 33 3 5 3 21 11 5 15 3 4 21 12
split_gain=23.9504 18.7128 20.5042 17.1338 16.3396 16.1706 23.5341 23.1939 27.7563 22.4069 21.4515 16.0894 16.0419 21.9104 27.1417 15.3549 25.1938 18.7125 20.303 17.0492 15.3768 14.0961 16.1444 22.6281 14.8749 18.0947 14.0739 14.0593 14.0096 13.6918 17.4233 13.5792 13.0715 12.8503 11.7877 11.7461 15.3397 11.5833 11.3064 10.864 10.7219 10.5412 10.4578 10.2947 10.273 10.7 10.0773 11.8466 10.2049 10.0409 9.74499 9.70118 17.1953 16.9893 17.5465 15.6142 22.4673 10.7356 9.58208 12.6255 9.5818 9.56362 9.10638 15.8747 15.6109 14.2411 12.4836 12.2467 10.6868 10.2199 9.45114 8.8945 8.55056 8.11051 14.7564 8.10543 9.18951 8.49212
threshold=0.057145724073052413 4.9434494972229013 0.58177286386489879 -0.5655398666858672 0.70799058675766002 -1.3429183959960935 -0.8020375370979308 1.0000000180025095e-35 0.44607733190059667 8.7346019744873065 0.18221995234489444 4.6069636344909677 0.049882203340530402 1.0000000180025095e-35 24.500000000000004 0.76284414529800426 11.798988819122316 0.55839222669601452 0.9590476155281068 -0.002489622100256383 0.34049847722053533 21.255518913269047 0.28939519822597509 3.6927223205566411 3.1671222448349003 1.7182378172874453 0.73983559012413036 31.500000000000004 0.5424204170703889 0.47921280562877661 10.921591281890871 12.773062229156496 0.65499690175056469 3.3999999761581425 86.500000000000014 86.500000000000014 71.500000000000014 64.500000000000014 -0.03695907071232795 0.707973212003708 24.766463279724125 0.85594239830970775 21.877497673034672 2.143114566802979 0.09384684264659883 0.91487541794776928 0.67996680736541759 0.30167901515960699 1.5942050814628603 1.0545857548713686 0.10365551710128786 0.33062133193016058 0.72200852632522594 0.42177028954029089 -0.046119535341858857 -0.01827936619520187 0.61126050353050243 0.97427773475646984 -0.051478426903486245 0.51390692591667186 0.57808914780616771 52.500000000000007 -0.73164844512939442 5.3306820392608651 0.030177310109138492 0.63851019740104686 2.9781250953674321 0.99056625366210949 -4.0424504280090323 0.36477442085742956 -5.1452782154083243 0.020691347308456901 6.2154622077941903 10.494288444519045 0.76394253969192516 0.65499690175056469 4.239455223083497 0.029575456865131858
decision_type=2 2 2 2 2 2 2 2 2 2 2 2 2 2 2 2 2 2 10 2 2 2 2 2 2 2 2 2 2 2 2 2 2 8 2 2 2 2 2 2 2 2 2 2 2 2 2 2 2 8 2 2 2 2 2 2 2 2 2 2 2 2 2 2 2 2 8 2 2 2 2 2 2 2 2 2 2 2
left_child=5 11 28 4 49 44 10 15 27 39 -7 12 13 14 71 19 17 18 -17 51 -21 22 -20 24 25 -24 43 -9 29 40 -31 -5 -25 -19 -30 36 38 -35 -11 -10 42 -14 -3 50 45 -1 47 61 -48 -4 -12 55 58 -54 -55 56 -8 -56 -53 -60 -43 -46 66 64 -64 69 68 -68 -45 -65 -66 -2 -33 -40 -75 76 77 -22
right_child=1 2 3 31 -6 6 7 8 9 35 26 -13 41 -15 -16 16 -18 33 21 20 75 -23 23 32 -26 -27 -28 -29 34 30 -32 72 -34 37 -36 -37 -38 -39 73 -41 -42 60 -44 62 46 -47 48 -49 -50 -51 -52 52 53 54 57 -57 -58 -59 59 -61 -62 -63 63 65 70 -67 67 -69 -70 -71 -72 -73 -74 74 -76 -77 -78 -79
leaf_value=0.00089643500593569465 -0.013659335120521032 -0.0077882292816431817 0.024996991056219327 0.019178251736878687 0.0019986797096087109 -0.021499422273484083 0.044985580455521673 -0.0048756332843602991 -0.02810120567399953 -0.0069916131721570428 0.0065956774024576821 -0.022018045207541095 0 -0.015596808599855015 0.027720385864741296 0.00027989730739814322 -0.02644938158758443 -0.0071652374781449851 0.036080495685388722 -0.017571270977951237 -0.0026430559535199766 -0.001296123919863899 -0.00066587107805202725 0.036716164409216233 -0.011692827435239287 0.027742571168859691 0.0028150695979480187 -0.031900871255870038 -0.0046051733488606285 0.016408105620302479 -0.013573180188817192 -0.010464503313574305 0.014391843972893791 0 -0.033107271244042107 -0.016787904666204761 -0.009082335755533983 0.030212692841062809 0.024568989773638646 -0.0064056248680648123 0.00058750281346481553 -0.011919229266520387 -0.031607183307197612 0.0057635450948573478 -0.010763099014361106 -0.010706658875948046 0.015545608511996503 -0.017479708326037485 -0.010476760892812555 0.00089977663916998313 -0.018071208148116392 0.0056109762397761167 -0.0084237643351907851 -0.003104331474077088 0.037408084858628003 -0.0017268878009930975 0.0060426402463759658 0.0086198523976273398 -0.025060411987403462 0.00069646663905599667 -0.037938629645610851 0.015822486729933857 -0.021361678890167792 0.0061025956943734491 -0.0063524043565096793 0.0045371780661309698 0.010534033394242257 -0.020047767276726931 0.025425769088657922 0.032458700986576793 0.01524777876037435 0.0058824241530880863 0.0010197792180780291 0.01413433287723476 -0.0081602189317476863 0.013404144996523912 0.0086159473215669646 -0.022505199491355498
leaf_weight=1233.9593478385359 83.98240870796144 116.46673550084233 138.44455970078707 46.746799958869815 343.84191354550421 54.946157272905111 45.438003666698933 70.947883866727352 78.502626763656735 76.788160379976034 87.61179974488914 173.48615780845284 53.97022157907486 133.28055381402373 82.55701607465744 350.21004623547196 45.863233368843794 288.24907118082047 75.445376567542553 201.81284116208553 135.91221839003265 103.14942438900471 107.63441117852926 90.396122790873051 83.851810581982136 73.047641783952713 1355.4321603477001 110.00262126326561 59.500783931463957 110.83773732930422 56.284405613318086 290.74249357543886 181.33359637111425 73.413882717490196 71.81622519902885 57.561549598351121 134.0887177400291 36.62388214468956 77.660841315984726 140.44054128788412 110.81383665837348 87.035617949441075 62.599193640053272 86.179276518523693 61.315723013132811 184.74903249926865 60.754701167345047 250.12211095169187 54.466670993715525 53.851586604490876 46.983632795512676 49.957954756915569 101.91861890815198 72.198507381603122 61.423446215689182 122.40123436413705 94.014918969944119 59.846142914146185 105.78016260266304 55.340285347774625 54.272997580468655 44.627894748002291 61.903002511709929 55.111609358340502 74.12665706500411 206.58846071176231 175.94051796197891 27.128259224817157 252.16369219124317 92.594842633232474 82.34522557258606 98.886011753231287 231.48979965597391 202.4922258798033 81.174905559048057 56.102441124618053 69.848406497389078 68.593187453225255
leaf_count=15218 1010 1142 943 518 4575 845 665 846 1037 908 1343 2057 583 1662 1056 7349 662 2063 575 2666 1549 702 785 646 604 540 16646 1240 633 1191 611 3485 1228 1651 671 666 1515 762 896 1764 1277 1111 608 651 841 2440 802 3020 702 1065 720 608 1148 819 668 1656 1353 589 1164 731 572 667 821 711 1042 2331 3827 560 1883 1208 1053 1172 2899 2138 1038 615 792 793
internal_value=0 -0.00399507 -0.00128468 0.00233191 0.00815941 0.00110203 0.00218246 -8.29025e-05 -0.00591889 -0.00236367 0.0054669 -0.0098739 -0.0061192 -0.000717879 0.00669559 0.00204386 0.00516538 0.00626034 0.00940297 -0.00154583 -0.00779295 0.0137775 0.0163903 0.013278 0.00349819 0.0109148 0.00608737 -0.0219099 -0.00812977 -0.00414852 0.00594297 -0.00309313 0.0224291 -0.00203234 -0.0210816 0.00194189 0.00401633 0.0107613 0.00818246 -0.0147756 -0.0101342 -0.0166618 -0.0169007 0.00957973 -0.00258386 -0.000606678 -0.00837677 -0.0121522 0.00289809 0.0186562 -0.00194181 0.00273716 -0.000860278 0.00608769 0.0139953 0.0097849 0.0199905 0.0243342 -0.0107411 -0.0161199 -0.0230333 0.000164189 0.0110173 0.00678872 -0.00264578 0.0127038 0.0153163 0.00589829 0.0206886 0.0233751 0.00480987 -0.00293359 -0.00531278 0.0115828 0.00755967 -0.00153377 -0.00491546 -0.00984917
internal_weight=0 2460.91 1693.44 1105.12 536.138 8388.52 6498.52 3839.47 1029.66 848.71 2659.06 767.471 593.985 398.706 265.425 2809.81 1509.22 1463.36 1065.07 1300.59 532.269 714.858 611.709 536.264 264.534 180.682 2604.11 180.951 588.319 457.002 167.122 568.979 271.73 398.287 131.317 629.766 572.205 110.038 438.116 218.943 289.88 195.279 179.066 1248.68 1890 1418.71 471.287 356.066 115.221 192.296 134.595 768.319 506.465 295.387 193.468 261.854 139.453 121.27 211.078 161.12 141.309 105.944 1114.08 572.67 218.375 354.295 541.412 203.069 338.343 147.706 156.472 182.868 522.232 361.328 283.667 330.456 274.354 204.505
internal_count=131603 28841 19618 13485 6583 102762 79072 45431 12048 9962 33641 9223 7166 4900 3238 33383 17567 16905 12429 15816 6415 5080 4378 3803 1929 1325 32796 2086 6133 4829 1802 6902 1874 4476 1304 7161 6495 2413 4980 2801 3027 2266 1750 16150 23690 17658 6032 4528 1504 2008 2063 9401 5727 3224 2076 3674 2018 1257 2503 1895 1683 1508 14087 7166 2916 4250 6921 4387 2534 1919 2095 2182 6384 4072 3176 3749 3134 2342
is_linear=0
shrinkage=0.0454652


Tree=7
num_leaves=79
num_cat=0
split_feature=14 7 22 3 13 13 7 12 7 3 16 12 14 13 23 16 3 3 12 23 13 3 33 12 12 33 3 11 13 3 22 13 14 7 13 13 13 3 12 16 3 3 9 16 13 14 3 11 3 14 4 3 4 23 3 23 3 33 13 13 3 11 3 3 11 23 7 7 12 23 22 23 14 33 11 3 3 17
split_gain=27.5781 74.561 24.5544 19.7199 25.6624 19.1087 14.3509 14.1121 13.0841 12.6367 12.1851 12.1224 29.603 35.7032 24.4258 20.0931 39.1009 30.5144 34.2467 20.4719 20.0245 23.3318 17.7516 16.8788 16.5582 19.5416 19.2178 16.1932 14.8096 16.5062 15.7088 14.522 14.2329 13.0497 13.4969 12.636 11.7277 22.9069 19.2572 18.6425 11.529 16.9627 11.322 18.5961 14.5155 11.2054 13.7319 30.6823 15.5713 10.8944 10.88 12.5908 16.585 15.6471 11.7114 21.0052 10.7833 14.0716 11.5792 18.2135 14.968 10.5183 10.2244 13.5075 10.9167 10.206 10.0705 9.91535 15.2285 14.7028 11.6147 9.81579 13.7123 9.81166 9.71583 9.66382 17.3613 9.56568
threshold=-7.3534996509551993 1.0000000180025095e-35 -0.71284061670303334 0.35354907810688024 -0.049442930147051804 -0.077971130609512315 -5.0736389160156241 -0.00898590264841914 -0.60470572113990773 0.63784754276275646 0.47089821100234991 0.057145724073052413 -2.6135336160659786 0.050929129123687751 0.84505578875541698 0.67175734043121349 0.79081279039382946 0.35354907810688024 -0.026602895930409428 0.77004060149192821 0.068701848387718215 0.59191220998764049 0.90112781524658214 -0.0068793490063399068 0.011408390477299692 2.9781250953674321 0.49942605197429663 0.067781060934066786 0.087013836950063719 0.32025016844272619 -0.45683696866035456 0.024751381017267707 -5.8837602138519278 9.967100143432619 0.052914634346961982 0.0086757601238787192 -0.010330400895327328 0.79448914527893078 0.017842863686382774 0.59847608208656322 0.43641477823257452 0.73327934741973888 0.23940473794937137 0.94191169738769542 0.045696295797824867 -20.832520484924313 0.266846314072609 0.16699518263339999 0.71416062116622936 -4.0942771434783927 -1.9562696814537046 0.6149529516696931 2.3114066123962407 1.2465627789497378 0.5471513867378236 1.1726770401000979 0.49045918881893164 0.89692735671997081 -0.010330400895327328 -0.040034392848610871 0.25886628031730657 0.049340229481458671 0.86608046293258678 0.67438480257987987 0.076795917004346861 0.86980506777763378 -24.318878173828121 -13.160202503204344 -0.060125373303890221 0.66828319430351268 0.73263868689537059 0.84825342893600475 -2.9359253644943233 0.9590476155281068 0.11989428102970125 0.32267963886260992 0.36710695922374731 48.500000000000007
decision_type=2 2 2 2 2 2 2 2 2 2 2 2 2 2 2 2 2 2 2 2 2 2 10 2 2 8 2 2 2 2 2 2 2 2 2 2 2 2 2 2 2 2 2 2 2 2 2 2 2 2 2 2 2 2 2 2 2 10 2 2 2 2 2 2 2 2 2 2 2 2 2 2 2 10 2 2 2 2
left_child=2 36 3 7 5 -5 -6 -1 9 -8 -3 12 15 14 27 16 24 18 -17 -19 42 71 -23 -21 25 26 -12 31 29 30 -15 -14 -26 35 -35 -25 39 49 -39 -2 -16 -42 -13 -44 65 46 47 77 66 -38 62 54 67 -54 55 56 58 -58 59 -52 -61 -37 63 -47 -65 -45 -48 -53 -69 -70 -71 -22 -73 -56 -50 -62 -77 -4
right_child=1 10 45 4 6 -7 8 -9 -10 -11 11 20 13 28 40 17 -18 19 -20 23 21 22 -24 33 32 -27 -28 -29 -30 -31 -32 -33 -34 34 -36 61 37 38 -40 -41 41 -43 43 44 -46 50 48 -49 74 -51 51 52 53 -55 73 -57 57 -59 -60 60 75 -63 -64 64 -66 -67 -68 68 69 70 -72 72 -74 -75 -76 76 -78 -79
leaf_value=0.010718082366160153 -0.0049501653759762799 -0.018697464705645251 0.0062226232587645541 0.0018354469893792308 -0.00074055708656506022 0.03840157692897625 0.03917256511732093 -0.014129441090258425 0.0056657125368086165 0.0098554866126647784 0.0099445674157575322 -0.0080144284094661386 0.026458309557258159 0.032877026773270479 -0.0090493850325039163 0.031029947881250079 -0.018884012281621881 -0.018420685254337401 -0.00059992558506384705 -0.015537793880266831 0.0081821256675223518 0.0023395136516938721 0.037076475785419415 -0.0055417944030258679 -0.011774032690612425 0 0.036533045167362138 0.041083423827275124 -0.023930453399200032 -0.0090250597343129058 -0.00013748557268220384 -0.0016199672644927915 0.012952840285772269 -0.020425508718312838 0.0074584832648948978 0.0040718847785774269 -0.019145861834035879 -0.012920534420130568 0.025542879938851532 -0.030452436315549464 0.018821380496006408 -0.0039808889284099497 0.0070030360064542259 -0.017905379330431209 -0.024164275166872966 -0.004242893347559883 -0.00041832816901092433 -0.021998554113517386 -0.01024940838002325 -0.00057328022743138895 -0.0053099620458840592 0.024436903774457116 0.0084547349658547974 -0.019721583138035952 0.0043719183697245433 0.020384585692831265 -0.0038178314895213686 0.021190463467517427 -0.0078976015518946157 0.03350699663351149 -0.0079087810133578271 0.030088077483817532 -0.011549097659648053 0.0035153644018585122 0.028069061376563568 0.0059583794571167895 -0.01927731879699118 0.0019003095064769107 -0.0066375355775339538 0.021764022301466811 0 0.0050280405213016539 -0.024263040958761362 -0.01324067493723044 0.011638526334562487 0.030090177428579334 0.0027668251022648863 0.042123201514523347
leaf_weight=74.398361431434751 93.66746305115521 68.523412840440869 33.403920197859406 44.08038911037147 233.41052219457924 111.754549453035 62.75391380302608 111.37062568776309 195.19191947579384 73.197134301066399 124.67071317881346 964.22244358435273 92.360274637117982 46.713909476995468 66.414153167977929 78.833915807306767 107.39771168492734 330.90797978639603 463.31748438440263 166.20595879293978 102.17612624913454 58.346183061599731 69.333965443074703 73.711628351360559 99.659487942233682 100.80168336816132 117.28582359850407 94.324706910178065 56.379045957699418 142.14259098656476 64.985132860019803 57.021511130034924 85.554565105587244 80.830791093409061 55.991067800670862 73.410495463758707 328.1731789894402 43.579107077792287 55.832200415432453 196.62172338925302 194.79542960785329 95.416054137051105 333.28937619552016 48.796995548531413 84.49410936422646 488.47126993909478 85.945232711732388 36.947730423882604 64.943894205614924 88.391917575150728 347.17582235112786 81.267060214653611 70.718124773353338 82.598342312499881 89.20851463265717 118.76918246038258 73.594534806907177 106.24573732167482 345.55686499923468 42.034213317558169 79.053657982498407 63.803543515503407 198.17565331608057 183.22382709942758 45.802113119512796 117.55902287364006 225.92479917965829 455.88659239187837 54.091486725956202 273.93379561789334 58.578270262107253 56.776270477101207 65.048518318682909 197.20456913113594 99.480949556455016 61.425682807341218 203.5748919211328 36.153353301808238
leaf_count=1049 1206 724 584 567 2884 1298 855 1559 2653 956 882 11009 876 503 798 1147 1213 3619 6014 1804 1035 1234 550 862 1264 2150 842 866 816 1279 754 535 983 915 592 833 3759 564 640 2189 1933 1056 3997 520 809 6122 1089 662 911 1030 4377 939 807 1098 1971 1581 1617 826 4878 544 987 641 2520 2182 565 1428 3392 5352 754 3465 790 582 726 1426 1360 738 2617 522
internal_value=0 -0.00233081 0.00225665 0.0090373 0.0124453 0.0286744 0.00770589 -0.00390485 0.0137415 0.0244844 -0.000208421 5.92076e-05 0.00190087 0.00869478 0.0151487 -0.00114529 0.00549501 -0.00422939 0.00410773 -0.00963084 -0.00275597 0.00692536 0.0221376 -0.00377671 0.0106527 0.0165154 0.0234239 0.0262148 -0.00367414 0.000943499 0.0139211 0.0156647 -6.14004e-05 0.001821 -0.00878305 0.00896263 -0.0151071 -0.010669 0.00836583 -0.0225722 0.00724006 0.0112075 -0.00499876 0 -0.00926718 0.000788507 -0.00502346 0.00927382 -0.00837372 -0.0153647 0.00173274 0.00317305 0.00699784 -0.00653306 0.000656785 0.00242691 0.000633297 0.0108338 -0.00105655 0.00212709 0.00892519 0.0170346 -0.00252051 0 0.00904089 -0.00101674 -0.0143072 0.00931502 0.00768785 0.0142965 0.0178861 -0.00177291 -0.0105043 -0.00760266 0.00266494 0.00542388 0.00964219 0.0268465
internal_weight=0 5707.77 5145.55 906.157 720.388 155.835 564.553 185.769 331.143 135.951 4901.5 4832.98 2932.94 910.553 600.332 2022.38 635.37 1387.01 542.151 844.861 1900.04 351.681 127.68 513.953 527.972 342.758 241.957 243.706 310.221 253.842 111.699 149.382 185.214 347.748 136.822 210.926 806.266 515.976 99.4113 290.289 356.626 290.211 1548.36 584.14 250.85 4239.39 582.8 106.505 476.295 416.565 3656.59 2740.92 1077.07 153.316 1663.84 1377.43 1258.66 179.84 1078.82 733.264 386.088 137.214 915.673 717.497 229.026 166.356 311.87 923.757 842.49 386.604 332.512 224.001 121.825 286.413 164.425 344.054 265.001 69.5573
internal_count=131676 65179 66497 11821 9213 1865 7348 2608 4464 1811 55791 55067 33177 9416 6064 23761 7334 16427 7161 9266 21890 4127 1784 5647 6121 3874 1724 2277 3352 2536 1257 1411 2247 3843 1507 2336 9388 5993 1204 3395 3787 2989 17763 6754 2757 54676 8520 1768 6752 4789 46156 34767 13205 1905 21562 18165 16584 2443 14141 9263 4886 1474 11389 8869 2747 1948 4481 11300 10361 5009 4255 2343 1308 3397 2271 4342 3355 1106
is_linear=0
shrinkage=0.0454652


Tree=8
num_leaves=79
num_cat=0
split_feature=27 28 30 30 16 7 27 4 27 15 15 16 18 27 27 30 2 16 6 2 15 17 10 2 30 30 2 10 18 1 15 7 17 15 16 2 15 15 7 17 7 2 18 7 18 7 15 18 2 7 17 7 15 16 2 7 2 18 10 6 16 28 7 2 18 16 17 7 15 27 7 10 10 18 27 16 17 27
split_gain=20.4938 29.1012 47.0242 45.4951 33.8282 25.0713 25.8049 25.4717 22.4704 21.1478 42.4681 21.0648 20.8601 28.1064 22.6653 19.8859 23.5194 19.9432 24.8582 32.3003 21.2389 21.1767 19.1436 21.5785 16.6982 31.6504 26.5154 23.725 32.9221 17.8142 17.0076 22.2287 16.4953 15.6837 38.9561 44.3327 32.0689 26.5212 20.2502 23.1386 18.4041 24.9124 16.3721 15.4666 15.3945 15.1781 28.9983 15.1574 19.4889 17.6362 14.9219 14.8501 14.0948 21.5473 30.2211 29.4612 23.3396 13.8766 13.7657 13.5161 13.4569 27.9949 26.7436 22.232 18.3259 16.3507 16.2935 13.1582 18.5603 12.3006 12.2424 12.145 11.8615 11.647 11.413 11.2643 11.1094 17.3533
threshold=0.35222910344600683 0.22706275433301928 1.0000000180025095e-35 0.81174489855766307 0.27643646299839025 8.6172356605529803 -0.52803644537925709 -0.12337118387222289 -0.52803644537925709 21.255518913269047 24.766463279724125 0.88482937216758739 62.500000000000007 -0.72982063889503468 -1.0000000180025095e-35 1.0000000180025095e-35 1.3523846268653872 0.82916805148124706 5.7993042469024667 0.5157449245452882 12.049639225006105 21.500000000000004 0.14175599068403247 1.0606126189231875 1.0000000180025095e-35 0.81174489855766307 1.1652650833129885 0.24932292848825457 63.500000000000007 1.0429169535636904 12.235155105590822 6.1523356437683114 13.500000000000002 7.9605722427368173 0.798588126897812 1.6680388450622561 6.1104667186737069 19.74792575836182 -3.6064904928207393 48.500000000000007 9.6584033966064471 1.0727673172950747 71.500000000000014 -7.7834062576293936 88.500000000000014 -6.9494714736938468 4.4694383144378671 74.500000000000014 0.80337113142013561 0.35975039005279547 28.500000000000004 18.521802902221683 5.0057365894317636 0.45364060997962957 0.60485205054283153 -1.0885662436485288 0.70363020896911632 48.500000000000007 0.11593375355005266 -1.6922770142555235 0.505934238433838 0.054511256515979774 -9.5296902656555158 0.66539821028709423 81.500000000000014 0.61444243788719188 56.500000000000007 9.4958419799804705 10.333688259124758 -0.79989895224571217 -0.96366044878959645 0.26898394525051122 0.048082435503602035 24.500000000000004 0.75894212722778331 0.8481738567352296 56.500000000000007 -0.90159028768539418
decision_type=2 2 2 2 2 2 2 2 2 2 2 2 2 2 2 2 2 2 2 2 2 2 2 2 2 2 2 2 2 2 2 2 2 2 2 2 2 2 2 2 2 2 2 2 2 2 2 2 2 2 2 2 2 2 2 2 2 2 2 2 2 2 2 2 2 2 2 2 2 2 2 2 2 2 2 2 2 2
left_child=1 24 33 12 8 7 -7 70 -5 15 -11 -12 13 -4 -15 16 17 20 19 -19 32 74 23 60 29 26 30 28 76 -1 31 -26 47 36 35 38 42 40 -35 -40 -36 -42 45 -44 -22 58 -47 49 -49 -2 -25 -14 -34 54 -54 57 -57 -55 -3 -52 61 62 66 64 67 -65 -17 68 -62 -38 -6 -24 -41 -63 -21 -30 77 -27
right_child=9 2 3 4 5 6 -8 -9 -10 10 11 -13 51 14 -16 22 -18 18 -20 21 44 -23 71 50 25 27 -28 -29 75 -31 -32 -33 52 34 37 -37 69 -39 39 72 41 -43 43 -45 -46 46 -48 48 -50 -51 59 -53 53 55 -56 56 -58 -59 -60 -61 63 73 -64 65 -66 -67 -68 -69 -70 -71 -72 -73 -74 -75 -76 -77 -78 -79
leaf_value=-0.011319839340859006 0.0011028126596367041 -0.021704110435416233 0.019984619458253815 0.04421612341629555 0.021245656449166404 0.039778454880492323 -0.0024864457221693021 -0.022610807693190332 0.0061690371475811396 -0.020165513963995959 0.033851855364901436 -0.00027378784761161983 -0.022024410951615971 -0.025422977862064204 0.011712565053253084 0.0021971143967183184 -0.005658639226371432 -0.00045070141059971321 0 0.0055483134655177728 -0.0089158644422834919 0.057434147340225353 -0.010289203405358979 0 0.014199658556751808 0.023714903015259529 -0.0018428710007779758 0.019918290268830317 -0.029069433410596399 -0.0031623767522659892 7.2676209743280273e-05 0.050225728001968645 0.003746932999691244 0.012714757482597722 0.003995757943719102 0.025170876649469411 0.0082089663082981733 0.0012029607366182758 -0.032923289941742769 -0.017619260975472326 0.054793989494618396 0.013846568781397386 0.042223020814215508 0.0032629612250283965 0.011991073736107376 0.030704070464254156 -0.0091608709819305922 0.024387492354487617 -0.0087971750770133306 -0.029344752027558058 0.0074900080329874255 0.00032122391605135829 0.050100283738420362 -0.028130271065698452 0.013619280445939278 0.0058933225732706275 0.032719673001965023 0.0021807705198762738 0.002660764850430852 0.035811954595993366 0.0098874977108433272 -0.0028542551686906092 -0.0069371698959513244 0.015195301388894024 -0.0076296881396000832 -0.013128242805467516 0.040940445178152249 0.0045586932922617417 0.05011752383793798 0.041374404352098069 -0.0068297409133211929 0.012956366441498054 0.0023550507503400536 -0.023791296997385535 0.033531832261430909 -0.0050121901890998943 -0.0088680022964319066 -0.0032853908486444295
leaf_weight=989.11077509447932 94.130241302773356 66.670315252617002 78.482346950098872 61.030808689072728 52.750435354188085 47.708165343850851 64.814554128795862 138.22686273045838 73.230485530570149 232.84645776636899 46.607898607850075 131.81125771440566 365.31532471626997 96.983063427731395 46.14730946905911 44.663641238585114 305.80808562226593 73.591740777716041 118.72396655753255 57.308139303699136 293.50425603613257 57.341243216767907 452.7397737018764 90.990152087062597 204.31059899181128 66.024847937747836 428.71367950923741 56.884969806298614 174.99939591623843 1311.3765709046274 118.8043221347034 42.974690090864897 366.18265437148511 56.5553525891155 61.815581662580371 78.541144169867039 38.505084486678243 173.7907671071589 106.06989094242454 110.82429828122258 65.160375004634261 69.183733399957418 43.971149358898401 44.081277308985591 91.046292163431644 82.971287153661251 61.356485011056066 77.047881694510579 60.867622204124928 59.781221102923155 73.403422312811017 68.47654340416193 73.25562172010541 46.573205005377531 145.74710642546415 180.85824683494866 110.56187216751277 73.241341242566705 138.12723465077579 79.400377858430147 50.315877920016646 94.451209193095565 138.99332845397294 53.168933995068073 49.533580360934138 148.42483394034207 48.896118246018887 61.489900603890419 54.03876631334424 94.775318155065179 66.973461475223303 46.449859533458948 122.50564497895539 155.17838819138706 79.873142408207059 61.143213966861367 257.50423111021519 155.20419733412564
leaf_count=12335 1386 846 982 722 619 489 814 1686 892 2798 805 1830 4368 1294 621 491 3667 760 1124 572 3605 527 5306 914 2594 830 5259 614 1984 16104 1389 428 5083 660 588 1111 518 2153 1096 1270 581 685 570 580 1041 1079 720 1040 819 708 869 796 1021 573 1847 1926 1264 836 1740 830 579 1268 1734 647 630 1648 636 721 710 1307 765 568 1460 1870 727 616 3315 1857
internal_value=0 -0.00174486 0.00198511 -0.00476515 0.00540368 -0.00161963 0.0157808 -0.00952385 0.0246116 0.00227329 -0.00746116 0.00893168 -0.0126552 -0.0010344 -0.0131258 0.003291 0.00595754 0.00771369 0.0170331 0.0246057 0.00549323 0.0341449 -0.000525675 0.00268752 -0.0042407 -0.000583175 0.00573658 -0.00715043 -0.00947317 -0.00670475 0.0146668 0.0213691 0.00829821 0.00755208 0.00351058 -0.00502483 0.0133823 0.0145238 -0.0113322 -0.0155849 0.0258167 0.0350905 0.00714138 0.0242575 -0.0037664 0.0024558 0.0136424 -0.001047 0.00956651 -0.0108676 0.0145717 -0.0184155 0.011077 0.0152076 0.0267347 0.00874874 0.0165477 -0.00974678 -0.00530686 0.023067 -0.000532058 -0.00573081 0.00542443 0.00536115 0.0154447 -0.0052675 0.0238104 0.0226412 0.0322732 0.032677 0.00543917 -0.00794165 -0.00706658 -0.0162352 0.0226854 -0.0232346 -0.00244491 0.00484011
internal_weight=0 6442.1 2575.04 1160.14 504.735 370.473 112.523 257.951 134.261 4418.85 411.266 178.419 655.405 221.613 143.13 4007.58 2365.44 2059.64 386.838 268.114 1672.8 194.523 1642.14 1142.95 3867.05 1566.56 794.803 771.761 714.876 2300.49 366.09 247.285 1288.25 1414.9 844.447 474.496 570.458 369.95 395.955 339.4 196.16 134.344 437.178 88.0524 384.551 349.125 144.328 291.827 137.916 153.911 243.794 433.792 996.42 630.237 219.003 411.235 291.42 119.815 204.798 152.804 899.155 482.183 232.553 416.972 215.378 201.594 93.5598 165.845 104.355 133.28 119.724 499.19 233.33 249.63 137.181 236.143 478.733 221.229
internal_count=131717 78337 31012 14048 5987 4373 1303 3070 1614 53380 5433 2635 8061 2897 1915 47947 28526 24859 3710 2586 21149 1826 19421 13547 47325 18886 9670 9216 8602 28439 4411 3022 16503 16964 9604 5597 7360 4007 4486 3826 1854 1266 5535 1150 4646 4385 1799 3953 1859 2094 2613 5164 12550 7467 2868 4599 3190 1409 2586 1699 10934 5999 2861 4935 2640 2295 1127 2010 1289 1825 1384 5874 2730 3138 1299 2600 6002 2687
is_linear=0
shrinkage=0.0454652


end of trees

feature_importances:
Column_3=92
Column_13=54
Column_15=49
Column_16=34
Column_12=32
Column_2=31
Column_14=30
Column_21=30
Column_0=29
Column_18=29
Column_11=23
Column_4=22
Column_7=22
Column_28=22
Column_29=22
Column_6=21
Column_5=20
Column_23=20
Column_30=19
Column_33=19
Column_17=17
Column_27=16
Column_20=9
Column_8=8
Column_22=8
Column_10=7
Column_1=5
Column_32=5
Column_9=4
Column_31=3

parameters:
[boosting: gbdt]
[objective: binary]
[metric: auc]
[tree_learner: serial]
[device_type: cpu]
[data_sample_strategy: bagging]
[data: ]
[valid: ]
[num_iterations: 600]
[learning_rate: 0.0454652]
[num_leaves: 79]
[num_threads: 2]
[seed: 2024]
[deterministic: 0]
[force_col_wise: 0]
[force_row_wise: 0]
[histogram_pool_size: -1]
[max_depth: -1]
[min_data_in_leaf: 525]
[min_sum_hessian_in_leaf: 0.001]
[bagging_fraction: 0.774687]
[pos_bagging_fraction: 1]
[neg_bagging_fraction: 1]
[bagging_freq: 1]
[bagging_seed: 2024]
[feature_fraction: 0.515409]
[feature_fraction_bynode: 1]
[feature_fraction_seed: 2024]
[extra_trees: 0]
[extra_seed: 29642]
[early_stopping_round: 0]
[early_stopping_min_delta: 0]
[first_metric_only: 0]
[max_delta_step: 0]
[lambda_l1: 1.07292]
[lambda_l2: 4.08529]
[linear_lambda: 0]
[min_gain_to_split: 0]
[drop_rate: 0.1]
[max_drop: 50]
[skip_drop: 0.5]
[xgboost_dart_mode: 0]
[uniform_drop: 0]
[drop_seed: 2449]
[top_rate: 0.2]
[other_rate: 0.1]
[min_data_per_group: 100]
[max_cat_threshold: 32]
[cat_l2: 10]
[cat_smooth: 10]
[max_cat_to_onehot: 4]
[top_k: 20]
[monotone_constraints: ]
[monotone_constraints_method: basic]
[monotone_penalty: 0]
[feature_contri: ]
[forcedsplits_filename: ]
[refit_decay_rate: 0.9]
[cegb_tradeoff: 1]
[cegb_penalty_split: 0]
[cegb_penalty_feature_lazy: ]
[cegb_penalty_feature_coupled: ]
[path_smooth: 0]
[interaction_constraints: ]
[verbosity: -1]
[saved_feature_importance_type: 0]
[use_quantized_grad: 0]
[num_grad_quant_bins: 4]
[quant_train_renew_leaf: 0]
[stochastic_rounding: 1]
[linear_tree: 0]
[max_bin: 255]
[max_bin_by_feature: ]
[min_data_in_bin: 3]
[bin_construct_sample_cnt: 200000]
[data_random_seed: 6648]
[is_enable_sparse: 1]
[enable_bundle: 1]
[use_missing: 1]
[zero_as_missing: 0]
[feature_pre_filter: 1]
[pre_partition: 0]
[two_round: 0]
[header: 0]
[label_column: ]
[weight_column: ]
[group_column: ]
[ignore_column: ]
[categorical_feature: ]
[forcedbins_filename: ]
[precise_float_parser: 0]
[parser_config_file: ]
[objective_seed: 12337]
[num_class: 1]
[is_unbalance: 0]
[scale_pos_weight: 1]
[sigmoid: 1]
[boost_from_average: 1]
[reg_sqrt: 0]
[alpha: 0.9]
[fair_c: 1]
[poisson_max_delta_step: 0.7]
[tweedie_variance_power: 1.5]
[lambdarank_truncation_level: 30]
[lambdarank_norm: 1]
[label_gain: ]
[lambdarank_position_bias_regularization: 0]
[eval_at: ]
[multi_error_top_k: 1]
[auc_mu_weights: ]
[num_machines: 1]
[local_listen_port: 12400]
[time_out: 120]
[machine_list_filename: ]
[machines: ]
[gpu_platform_id: -1]
[gpu_device_id: -1]
[gpu_use_dp: 0]
[num_gpu: 1]

end of parameters

pandas_categorical:null
