tree
version=v4
num_class=1
num_tree_per_iteration=1
label_index=0
max_feature_idx=33
objective=binary sigmoid:1
feature_names=Column_0 Column_1 Column_2 Column_3 Column_4 Column_5 Column_6 Column_7 Column_8 Column_9 Column_10 Column_11 Column_12 Column_13 Column_14 Column_15 Column_16 Column_17 Column_18 Column_19 Column_20 Column_21 Column_22 Column_23 Column_24 Column_25 Column_26 Column_27 Column_28 Column_29 Column_30 Column_31 Column_32 Column_33
feature_infos=[0.22403052449226379:4.806818962097168] [0.027025075629353523:26.170040130615234] [0.17134076356887817:8.6935958862304688] [0.087584272027015686:1] [-28.67047119140625:41.262332916259766] [-36.190670013427734:42.326030731201172] [-36.841156005859375:62.500308990478516] [-45.158794403076172:63.120437622070312] [-22.455821990966797:30.680826187133789] [0:0.95389312505722046] [0:0.64536702632904053] [0:0.40022626519203186] [-0.51016271114349365:0.5480339527130127] [-0.15599349141120911:0.22172828018665314] [-46.22015380859375:17.161741256713867] [-8.3726015090942383:64.2962646484375] [0:1] [0:95] [0:95] [-1:1] [-29.775985717773438:44.984848022460938] [-30.525325775146484:55.0223388671875] [-2.8409864902496338:15.253066062927246] [0.049656935036182404:5.4310722351074219] [-1:1] [0:1] [0:1] [-1:1] [-1:1] [-0.78183150291442871:0.97492790222167969] [-0.90096884965896606:1] [0:1] [0:1] [0.8888888955116272:4.5999999046325684]
tree_sizes=8573

Tree=0
num_leaves=79
num_cat=0
split_feature=29 16 22 7 13 15 16 13 22 16 13 11 15 15 20 13 9 6 29 18 13 13 22 17 17 15 29 13 13 13 16 29 29 18 16 9 15 18 6 29 11 20 22 20 20 13 11 4 13 13 17 6 16 6 8 15 7 33 8 15 6 29 29 13 22 16 6 4 7 16 8 6 33 15 29 16 6 17
split_gain=68.6121 34.7012 49.3376 37.279 32.4706 29.5308 34.8564 28.8712 28.5065 23.2496 23.442 24.4682 21.7536 21.7278 20.9367 20.2283 26.7587 18.5218 17.749 16.0485 16.0474 23.9232 17.3714 15.8798 14.5745 14.7035 16.2505 14.2081 14.0567 13.6731 23.4067 16.6972 13.2572 13.0888 12.724 12.0915 11.8147 14.821 24.5569 12.0799 11.793 11.3889 14.9083 11.441 11.0816 10.1844 12.7997 11.6433 10.0778 11.8494 10.0384 9.889 9.87647 9.8521 14.5999 10.5872 9.75945 9.5232 9.4684 9.29569 16.6766 16.2411 19.6527 22.7234 17.4651 15.5448 15.0345 12.737 13.3407 11.6391 9.23764 8.7824 14.3693 10.7312 17.8742 26.1196 18.4076 20.3542
threshold=-0.60785761475563038 0.44939510524272924 -0.2509415596723556 0.23750866949558261 -0.087044022977352128 20.674448013305668 0.88193988800048839 -0.051842035725712769 -0.78941965103149403 0.58225432038307201 -0.0038643608568236227 0.072498161345720305 9.0212745666503924 24.766463279724125 3.2626670598983769 0.059721603989601142 0.25140765309333807 4.922520875930787 1.0000000180025095e-35 67.500000000000014 0.015897495672106746 0.049727179110050208 -0.53155896067619313 8.5000000000000018 13.500000000000002 1.8843488693237307 1.0000000180025095e-35 -0.020555830560624596 0.049727179110050208 0.0073650991544127473 0.66114777326583873 0.6078576147556306 0.6078576147556306 56.500000000000007 0.505934238433838 0.50706419348716747 21.877497673034672 70.500000000000014 9.1954355239868182 1.0000000180025095e-35 0.09384684264659883 2.7146909236907963 -0.46731032431125635 0.42478910088539129 2.4021015167236333 0.025340980850160125 0.062052056193351753 2.4046206474304204 -0.0089413514360785467 0.00082633050624281179 4.5000000000000009 0.35149347782135015 0.24729455262422564 15.985002994537355 0.58483979105949413 29.361875534057621 8.4814472198486346 0.9590476155281068 -0.3942620307207107 5.3306820392608651 -7.4298152923583975 1.0000000180025095e-35 0.6078576147556306 -0.021604567766189572 -0.68413615226745594 0.37900090217590338 -1.0766613483428953 -1.2855116724967954 0.99310773611068737 0.33582510054111486 0.67585787177085888 -4.0564782619476309 0.9590476155281068 12.326184272766115 0.6078576147556306 0.82916805148124706 -1.9500958323478697 43.500000000000007
decision_type=2 2 2 2 2 2 2 2 2 2 2 2 2 2 2 2 2 2 2 2 2 2 2 2 2 2 2 2 2 2 2 2 2 2 2 2 2 2 2 2 2 2 2 2 2 2 2 2 2 2 2 2 2 2 2 2 2 10 2 2 2 2 2 2 2 2 2 2 2 2 2 2 10 2 2 2 2 2
left_child=56 2 4 9 32 6 19 8 18 10 11 12 41 36 27 16 28 34 -6 50 29 23 40 -22 -10 -26 -27 -11 44 58 -31 -32 -2 -29 -14 45 39 38 -38 -7 -23 42 -3 -44 -8 46 47 -18 -35 -50 -5 -15 -28 -53 55 -55 -1 -12 -21 65 -61 64 63 -63 -62 66 67 -9 -69 -64 -16 72 -52 -73 75 -75 -76 -78
right_child=1 3 -4 5 7 13 15 59 24 14 57 -13 17 51 70 -17 35 -19 -20 20 21 22 -24 -25 25 26 52 33 -30 30 31 -33 -34 48 -36 -37 37 -39 -40 -41 -42 -43 43 -45 -46 -47 -48 -49 49 -51 71 53 -54 54 -56 -57 -58 -59 -60 60 61 62 69 -65 -66 -67 -68 68 -70 -71 -72 73 -74 74 76 -77 77 -79
leaf_value=-0.91579881852259459 -0.87746350804066897 -0.85761691859402744 -0.87758259011687045 -0.88441284580305013 -0.81791510605083695 -0.89190939092976351 -0.85974410038814575 -0.87828475824597185 -0.88529555492751322 -0.86429837435383738 -0.87662708174861437 -0.90266273539396513 -0.86891504615127413 -0.85542767812483844 -0.91316301845528036 -0.84432566119381336 -0.84240524653287685 -0.87845734216455607 -0.85630087486002804 -0.86906708285099776 -0.87151610654147715 -0.87086346990621955 -0.86535644416729673 -0.89085732554316077 -0.88198133705651582 -0.8386410239984301 -0.87618226310478875 -0.8992117358402919 -0.89343326127469525 -0.8395889079863883 -0.88962835730794898 -0.85756427912781164 -0.90575664481373586 -0.89674725854314974 -0.83680381097831746 -0.87733853800854467 -0.89191991294463513 -0.89862611767519485 -0.8532069796086833 -0.87241720019031743 -0.89710236346070005 -0.89847591615944011 -0.90062207445081488 -0.87270551495917204 -0.8775482594286883 -0.84987693718713786 -0.88126197974812892 -0.87389672790066442 -0.86495750417122219 -0.88645189032370342 -0.86720830537653315 -0.88164035118280781 -0.84874214354116695 -0.84181379023235958 -0.88764214217371307 -0.87467203202652 -0.88689000446336397 -0.89964979090873476 -0.88450148133411854 -0.88798822230077301 -0.85468141187942537 -0.81719996239314363 -0.88103513995572347 -0.8656600591829744 -0.88172982735094474 -0.89637535911605892 -0.88285748181421453 -0.86124349821383717 -0.88473281539007265 -0.85714404499246644 -0.8890514706542334 -0.86766394488303511 -0.89007179577481665 -0.88729552990766269 -0.84403196493408372 -0.85832529289636961 -0.85865058200078459 -0.88732828978094858
leaf_weight=95.38225275836885 113.93958071246743 70.569333018735051 1986.6171052027494 159.37360439263284 56.299602327868342 101.90214893966913 93.462032981216908 158.94723986648023 46.673027062788606 51.477504132315516 59.788099741563201 47.159843739122152 46.810571448877454 42.799069108441472 104.42194174602628 73.848052328452468 53.097230637446046 56.332788240164518 62.579926066100597 122.8721578437835 96.372337451204658 55.594212034717202 208.63033792562783 602.79553729481995 41.770810794085264 83.949218507856131 76.605892341583967 150.86994188465178 80.65876005589962 53.782592700794339 67.568266335874796 58.649984562769532 47.720047710463405 68.902050269767642 75.944264216348529 70.046350186690688 112.57534014061093 277.83361616358161 43.172242226079106 163.41109704971313 78.175340656191111 43.50946812517941 44.38347895257175 72.70358869433403 261.91870396770537 184.32114449515939 65.526873541995883 49.477344129234552 90.082716768607497 116.44432258419693 89.335226511582732 321.48030205443501 40.090170100331306 44.381868543103337 41.317742947489023 41.15006429515779 43.908987103030086 118.65622710436583 221.04167102836072 50.022946689277887 73.028092285618186 48.876205625012517 51.698719672858715 40.111896017566323 129.39307309873402 46.02613533847034 154.82245880179107 444.65407776273787 50.827455973252654 152.56342833302915 67.106876799836755 762.48743531480432 136.44965052604675 323.44022555463016 55.663688002154231 75.21551851183176 96.662809498608112 98.588107597082853
leaf_count=1127 1487 884 25581 1978 600 1185 944 2093 620 593 1284 489 559 887 1073 680 553 733 889 1544 1095 674 2316 6907 625 1130 1128 1870 738 743 701 695 751 753 833 757 1411 3160 554 1904 803 515 563 851 2656 1751 635 548 986 1313 1805 4210 456 623 653 722 565 887 2776 673 948 634 579 583 1623 533 1967 5783 683 1793 806 8417 1091 3875 660 810 1183 1210
internal_value=-0.876182 -0.875932 -0.872548 -0.877904 -0.867455 -0.876259 -0.874512 -0.865694 -0.855033 -0.884861 -0.878563 -0.87318 -0.869446 -0.882593 -0.8909 -0.866751 -0.868879 -0.857709 -0.836393 -0.876658 -0.88003 -0.883298 -0.873587 -0.88811 -0.863312 -0.8588 -0.853717 -0.885708 -0.876686 -0.873621 -0.863568 -0.874987 -0.886633 -0.888495 -0.848036 -0.860778 -0.887724 -0.892353 -0.880571 -0.879848 -0.886009 -0.878494 -0.873739 -0.883352 -0.872868 -0.857374 -0.866308 -0.856469 -0.882199 -0.876809 -0.873745 -0.875355 -0.865869 -0.877319 -0.866912 -0.856288 -0.907591 -0.892386 -0.878828 -0.868886 -0.864215 -0.861642 -0.854829 -0.837099 -0.871975 -0.871966 -0.870423 -0.867384 -0.863801 -0.863402 -0.904526 -0.87266 -0.880815 -0.871311 -0.875694 -0.881583 -0.86621 -0.873307
internal_weight=0 10727.5 3957.22 6770.24 1970.6 5485.08 4295.06 1808.94 407.969 1285.16 635.858 457.413 410.253 1190.02 649.305 932.356 858.508 179.088 118.88 3362.7 1565.48 1041.57 342.4 699.168 289.089 242.416 200.645 477.777 436.039 523.915 180.001 126.218 161.66 426.299 122.755 422.469 698.894 433.581 155.748 265.313 133.77 231.166 187.656 117.087 355.381 352.423 168.101 102.575 275.429 206.527 1797.22 491.129 116.696 448.33 126.85 85.5319 139.291 178.444 343.914 1400.97 545.694 495.671 293.25 88.9881 202.421 855.277 809.251 654.429 495.482 204.262 171.529 1637.84 225.785 1412.06 649.57 398.656 250.915 195.251
internal_count=131697 130005 51159 78846 25578 63854 48545 23340 5448 14992 7598 5427 4938 15309 7394 9262 8582 2125 1489 39283 18254 11795 3793 8002 3959 3339 2714 5515 4338 6459 2139 1396 2238 4922 1392 4244 8214 5125 1965 3089 1477 2813 2298 1414 3600 3487 1736 1101 3052 2299 21029 7095 1584 6208 1998 1345 1692 2171 4320 17892 6833 6160 3589 1217 2571 11059 10526 8559 6466 2372 1879 19051 2896 16155 7738 4685 3053 2393
is_linear=0
shrinkage=1


end of trees

feature_importances:
Column_13=13
Column_16=9
Column_29=9
Column_6=8
Column_15=8
Column_22=5
Column_17=4
Column_20=4
Column_7=3
Column_8=3
Column_11=3
Column_18=3
Column_4=2
Column_9=2
Column_33=2

parameters:
[boosting: gbdt]
[objective: binary]
[metric: auc]
[tree_learner: serial]
[device_type: cpu]
[data_sample_strategy: bagging]
[data: ]
[valid: ]
[num_iterations: 600]
[learning_rate: 0.0454652]
[num_leaves: 79]
[num_threads: 2]
[seed: 1337]
[deterministic: 0]
[force_col_wise: 0]
[force_row_wise: 0]
[histogram_pool_size: -1]
[max_depth: -1]
[min_data_in_leaf: 525]
[min_sum_hessian_in_leaf: 0.001]
[bagging_fraction: 0.774687]
[pos_bagging_fraction: 1]
[neg_bagging_fraction: 1]
[bagging_freq: 1]
[bagging_seed: 1337]
[feature_fraction: 0.515409]
[feature_fraction_bynode: 1]
[feature_fraction_seed: 1337]
[extra_trees: 0]
[extra_seed: 18955]
[early_stopping_round: 0]
[early_stopping_min_delta: 0]
[first_metric_only: 0]
[max_delta_step: 0]
[lambda_l1: 1.07292]
[lambda_l2: 4.08529]
[linear_lambda: 0]
[min_gain_to_split: 0]
[drop_rate: 0.1]
[max_drop: 50]
[skip_drop: 0.5]
[xgboost_dart_mode: 0]
[uniform_drop: 0]
[drop_seed: 17763]
[top_rate: 0.2]
[other_rate: 0.1]
[min_data_per_group: 100]
[max_cat_threshold: 32]
[cat_l2: 10]
[cat_smooth: 10]
[max_cat_to_onehot: 4]
[top_k: 20]
[monotone_constraints: ]
[monotone_constraints_method: basic]
[monotone_penalty: 0]
[feature_contri: ]
[forcedsplits_filename: ]
[refit_decay_rate: 0.9]
[cegb_tradeoff: 1]
[cegb_penalty_split: 0]
[cegb_penalty_feature_lazy: ]
[cegb_penalty_feature_coupled: ]
[path_smooth: 0]
[interaction_constraints: ]
[verbosity: -1]
[saved_feature_importance_type: 0]
[use_quantized_grad: 0]
[num_grad_quant_bins: 4]
[quant_train_renew_leaf: 0]
[stochastic_rounding: 1]
[linear_tree: 0]
[max_bin: 255]
[max_bin_by_feature: ]
[min_data_in_bin: 3]
[bin_construct_sample_cnt: 200000]
[data_random_seed: 4404]
[is_enable_sparse: 1]
[enable_bundle: 1]
[use_missing: 1]
[zero_as_missing: 0]
[feature_pre_filter: 1]
[pre_partition: 0]
[two_round: 0]
[header: 0]
[label_column: ]
[weight_column: ]
[group_column: ]
[ignore_column: ]
[categorical_feature: ]
[forcedbins_filename: ]
[precise_float_parser: 0]
[parser_config_file: ]
[objective_seed: 4113]
[num_class: 1]
[is_unbalance: 0]
[scale_pos_weight: 1]
[sigmoid: 1]
[boost_from_average: 1]
[reg_sqrt: 0]
[alpha: 0.9]
[fair_c: 1]
[poisson_max_delta_step: 0.7]
[tweedie_variance_power: 1.5]
[lambdarank_truncation_level: 30]
[lambdarank_norm: 1]
[label_gain: ]
[lambdarank_position_bias_regularization: 0]
[eval_at: ]
[multi_error_top_k: 1]
[auc_mu_weights: ]
[num_machines: 1]
[local_listen_port: 12400]
[time_out: 120]
[machine_list_filename: ]
[machines: ]
[gpu_platform_id: -1]
[gpu_device_id: -1]
[gpu_use_dp: 0]
[num_gpu: 1]

end of parameters

pandas_categorical:null
