tree
version=v4
num_class=1
num_tree_per_iteration=1
label_index=0
max_feature_idx=33
objective=binary sigmoid:1
feature_names=Column_0 Column_1 Column_2 Column_3 Column_4 Column_5 Column_6 Column_7 Column_8 Column_9 Column_10 Column_11 Column_12 Column_13 Column_14 Column_15 Column_16 Column_17 Column_18 Column_19 Column_20 Column_21 Column_22 Column_23 Column_24 Column_25 Column_26 Column_27 Column_28 Column_29 Column_30 Column_31 Column_32 Column_33
feature_infos=[0.22403052449226379:4.806818962097168] [0.027025075629353523:26.170040130615234] [0.17134076356887817:8.6935958862304688] [0.087584272027015686:1] [-28.67047119140625:41.262332916259766] [-36.190670013427734:42.326030731201172] [-36.841156005859375:62.500308990478516] [-45.158794403076172:63.120437622070312] [-22.455821990966797:30.680826187133789] [0:0.95389312505722046] [0:0.64536702632904053] [0:0.40022626519203186] [-0.51016271114349365:0.5480339527130127] [-0.15599349141120911:0.22172828018665314] [-46.22015380859375:17.161741256713867] [-8.3726015090942383:64.2962646484375] [0:1] [0:95] [0:95] [-1:1] [-29.775985717773438:44.984848022460938] [-30.525325775146484:55.0223388671875] [-2.8409864902496338:15.253066062927246] [0.049656935036182404:5.4310722351074219] [-1:1] [0:1] [0:1] [-1:1] [-1:1] [-0.78183150291442871:0.97492790222167969] [-0.90096884965896606:1] [0:1] [0:1] [0.8888888955116272:4.5999999046325684]
tree_sizes=1718 1797 1802 1799 1774 1788 1806 1810 1827 1810 1797 1780 1801 1786 1796 1805

Tree=0
num_leaves=15
num_cat=0
split_feature=28 27 29 20 16 15 3 29 3 7 2 1 6 13
split_gain=64.1195 120.769 52.3965 34.7782 37.0243 28.588 24.9322 57.658 24.0844 27.2662 27.6744 22.8682 22.175 25.4186
threshold=-0.22706275433301923 -0.24825246632099149 -1.0000000180025095e-35 -3.0008209943771358 0.12093871459364892 8.0297307968139666 0.57328659296035778 0.6078576147556306 0.35633328557014471 0.60582786798477184 0.67986696958541881 1.0361360311508181 -0.89340847730636586 0.049727179110050208
decision_type=2 2 2 2 2 2 2 2 2 2 2 2 2 2
left_child=-1 2 12 11 -5 8 7 -4 -6 10 -10 -3 -2 -14
right_child=1 3 6 4 5 -7 -8 -9 9 -11 -12 -13 13 -15
leaf_value=-1.0936414854483587 -1.0960306549695036 -1.0892535519799065 -1.0986897360251029 -1.0887798451148816 -1.0937707142360518 -1.0939949439480656 -1.0985221276994936 -1.090996854548399 -1.0949838226321786 -1.0940955179179002 -1.100119516364779 -1.0945534465281384 -1.0883504188567106 -1.0950283802395908
leaf_weight=4717.2911762557924 235.13692081160843 227.48228879086673 232.97490412183106 106.06463023088872 300.39194510132074 2129.239044578746 1368.9422362744808 158.72930918633938 188.82769612967968 198.92105464823544 317.91480349190533 146.41912029311061 107.30947021208704 95.364493912085891
leaf_count=63146 2946 3191 2808 1931 4503 27236 18980 1826 2744 2732 4383 1731 1639 1263
internal_value=-1.09455 -1.09523 -1.09709 -1.0941 -1.09445 -1.09464 -1.09787 -1.09546 -1.09605 -1.09708 -1.09832 -1.09121 -1.09405 -1.09159
internal_weight=0 5813.72 2198.46 3615.26 3241.36 3135.29 1760.65 391.704 1006.06 705.664 506.742 373.901 437.811 202.674
internal_count=141059 77913 29462 48451 43529 41598 23614 4634 14362 9859 7127 4922 5848 2902
is_linear=0
shrinkage=1


Tree=1
num_leaves=15
num_cat=0
split_feature=28 3 30 17 5 32 28 16 16 33 16 21 20 28
split_gain=67.0053 112.601 31.4528 26.9572 33.2113 31.2646 26.5902 28.6767 29.0851 45.0244 29.0838 22.7651 33.3151 21.1098
threshold=-0.20576497167348859 0.51859316229820263 1.0000000180025095e-35 55.500000000000007 -3.3436536788940425 1.0000000180025095e-35 0.8491516411304475 0.47555176913738256 0.8390634059906007 0.9590476155281068 0.14374814182519915 6.0716650485992441 4.1106486320495614 0.9015902876853944
decision_type=2 2 2 2 2 2 2 2 2 10 2 2 2 2
left_child=-1 2 6 11 5 -5 7 10 9 -9 -2 12 13 -3
right_child=1 3 -4 4 -6 -7 -8 8 -10 -11 -12 -13 -14 -15
leaf_value=0.00086112515690024282 0.0031907049459426557 -0.0015635273550608673 0.0020349579382139284 0.0022652466787737332 -0.0039496179946270941 -0.0031935217672776541 -0.0020887779122699822 -0.0008734778788725483 -0.00059960363392877654 0.0057139248405331331 -0.0032269073176731606 -0.0025351542074654185 0.0051281071124281655 0.002699600706256476
leaf_weight=4802.9412550907582 85.033522756770253 643.83610008470714 1115.9009626936167 198.10691383853555 1119.7602719515562 210.59243194758892 498.96631797589362 144.70058006793261 265.47970730997622 297.66588813811541 270.33733239211142 631.06200379505754 104.37775050476193 132.64891808480024
leaf_count=64257 1290 8404 14454 2601 15600 3176 6658 3259 3113 2433 4188 8423 1283 1702
internal_value=0 -0.000756939 0.000742258 -0.00208933 -0.00304905 -0.000457224 -0.000160752 0.000714688 0.0019101 0.00349088 -0.00154493 -0.00108201 0 -0.000764409
internal_weight=0 5718.47 2678.08 3040.38 1528.46 408.699 1562.18 1063.22 707.846 442.366 355.371 1511.92 880.863 776.485
internal_count=140841 76584 35395 41189 21377 5777 20941 14283 8805 5692 5478 19812 11389 10106
is_linear=0
shrinkage=0.0101079


Tree=2
num_leaves=15
num_cat=0
split_feature=28 3 29 13 13 1 16 21 29 11 21 28 16 15
split_gain=62.5604 116.392 49.8027 33.4823 29.5474 25.7487 23.567 23.5986 25.185 21.864 24.234 30.6954 20.3031 19.8665
threshold=-0.18436925113201139 0.51859316229820263 1.0000000180025095e-35 -0.041053736582398408 -0.010330400895327328 0.76054221391677868 0.12550428509712222 -4.7238867282867423 0.6078576147556306 0.048280296847224242 3.6134356260299687 0.5464349389076234 0.47555176913738256 3.588101983070374
decision_type=2 2 2 2 2 2 2 2 2 2 2 2 2 2
left_child=13 6 3 -3 -5 -4 -2 8 -8 -9 12 -12 -11 -1
right_child=1 2 5 4 -6 -7 7 9 -10 10 11 -13 -14 -15
leaf_value=0.0024634248826865394 0.0041948963298763624 -0.0046646928286201619 -0.0041758144831256436 0.0028896535758660699 -0.00082091181429795558 -0.0016060740651811733 -0.0044389911944717059 -0.0002731779050611354 0.0017233576772478197 0.0010796233360613105 0.0029852789596574278 -0.0009071750235979222 0.0055532768141062236 0.00059834917732260178
leaf_weight=700.31146873161197 194.86973597109318 155.6650942787528 1031.8661079350859 301.10505867376924 731.83819492720068 777.42961622029543 175.67638215050101 884.47529720142484 90.655869122594595 225.70233071409166 335.34318047389388 494.08588647469878 250.0717861559242 4177.1097695808858
leaf_count=10118 2985 1931 14585 3944 9636 10563 2512 12024 1339 3071 4174 6040 2946 55269
internal_value=0 -0.000683304 -0.0020493 -0.000398439 0.000235068 -0.00310531 0.000847729 0.00055354 -0.00220401 0.000913864 0.00174603 0.000631056 0.00356535 0.000877862
internal_weight=0 5648.78 2997.9 1188.61 1032.94 1809.3 2650.88 2456.01 266.332 2189.68 1305.2 829.429 475.774 4877.42
internal_count=141137 75750 40659 15511 13580 25148 35091 32106 3851 28255 16231 10214 6017 65387
is_linear=0
shrinkage=0.0101079


Tree=3
num_leaves=15
num_cat=0
split_feature=28 27 29 30 2 3 2 13 0 29 17 2 20 6
split_gain=76.4124 115.61 70.036 49.1419 54.5624 28.8193 27.2122 29.4887 27.8037 33.6628 26.9982 24.498 24.2832 21.2028
threshold=-0.20576497167348859 -0.18436925113201139 -1.0000000180025095e-35 1.0000000180025095e-35 1.2537134885787966 0.45101653039455419 0.83646604418754589 0.015508343931287529 0.97842323780059826 0.87837970256805431 64.500000000000014 1.3818504810333254 -1.4318321943283079 4.4610955715179452
decision_type=2 2 2 2 2 2 2 2 2 2 2 2 2 2
left_child=-1 2 11 4 5 -3 7 -4 -8 -10 -7 -2 -6 -13
right_child=1 3 6 -5 12 10 8 -9 9 -11 -12 13 -14 -15
leaf_value=0.00094761095716390585 0.0034877340634966395 -0.0003895316781886439 -0.0035504120383003748 0.0017977530547975905 0.0072613184863019832 -0.0014744070635610397 -0.00499205283040168 0.002519249773000584 -0.0038928538617972559 0.0012512012269024434 -0.0063604546963657036 -0.0034786878241403162 0.00099418930197605801 0.0023591481326045555
leaf_weight=4808.0330362208188 206.92505999654531 1131.8741449676454 159.71743667125702 1448.2243634499609 95.507833173498511 378.37702210620046 1002.3021045867354 147.82129885442555 325.42987679131329 192.79610512219369 187.26083248108625 150.60459345579147 222.30562580376863 91.907726468518376
leaf_count=64287 2590 15599 2382 19256 1320 4613 13464 1646 4473 2658 2539 1972 3023 1424
internal_value=0 -0.000778367 -0.00254548 0.000374999 -0.000630306 -0.00136857 -0.00342647 -0.00051412 -0.0039835 -0.00191171 -0.00322578 0.000946666 0.00312812 -0.00109988
internal_weight=0 5741.05 2277.5 3463.55 2015.33 1697.51 1828.07 307.539 1520.53 518.226 565.638 449.437 317.813 242.512
internal_count=141246 76959 30609 46350 27094 22751 24623 4028 20595 7131 7152 5986 4343 3396
is_linear=0
shrinkage=0.0101079


Tree=4
num_leaves=15
num_cat=0
split_feature=27 29 0 3 20 14 16 22 13 16 3 30 0 2
split_gain=62.0156 54.2966 53.7566 46.9024 44.9294 30.5971 51.1865 36.4174 24.5601 26.5514 22.4977 22.046 28.6044 29.8486
threshold=-0.69930991530418385 -1.0000000180025095e-35 1.0517001152038576 0.59704196453094494 -2.9357200860977168 -7.0956461429595938 0.15282087028026584 -0.67036247253417958 -0.0076384881976991883 0.66114777326583873 0.35354907810688024 1.0000000180025095e-35 0.79126498103141796 0.9936315417289735
decision_type=2 2 2 2 2 2 2 2 2 2 2 2 2 2
left_child=1 -1 3 -3 -2 6 -6 10 9 -7 -8 -10 13 -13
right_child=4 2 -4 -5 5 8 7 -9 11 -11 -12 12 -14 -15
leaf_value=0.0014777878981080122 0.0023836140735866728 0 -0.00052499028049108156 -0.0050342654452629433 0.0033696968127568962 0.00032121681017975687 0 -0.00041459528526109743 -0.00013028657757263205 0.0061379932523995661 -0.0044728460888522571 0.0048815333933259313 0.00024620554993702934 -0.00014494454042594782
leaf_weight=549.00796779990196 1061.4943151082844 264.59579142183065 1190.3767288904637 741.97118787281215 274.80044066719711 181.41537928953767 166.92307405732572 1846.587655371055 2320.4435095321387 164.44136807508767 440.33596724458039 364.9294264074415 823.07258336804807 155.31878274679184
leaf_count=7298 14668 3184 15987 10244 4781 2488 2566 26236 28817 2115 5980 4555 10073 2157
internal_value=0 -0.00130814 -0.00202541 -0.00374259 0.000456082 0.000144077 -0.000672901 -0.00115112 0.000710354 0.00327425 -0.00329198 0.00045099 0.00148012 0.00332377
internal_weight=0 2745.95 2196.94 1006.57 7799.76 6738.27 2728.65 2453.85 4009.62 345.857 607.259 3663.76 1343.32 520.248
internal_count=141149 36713 29415 13428 104436 89768 39563 34782 50205 4603 8546 45602 16785 6712
is_linear=0
shrinkage=0.0101079


Tree=5
num_leaves=15
num_cat=0
split_feature=27 23 20 2 29 16 14 20 23 27 12 12 23 2
split_gain=59.4832 84.5186 40.1374 37.0493 33.668 31.1634 50.6573 22.1933 20.8695 20.6483 17.7805 19.4489 16.9859 19.0499
threshold=-0.49049438536167139 0.87298190593719494 -2.9357200860977168 1.2320583462715151 -0.60785761475563038 0.15282087028026584 -7.4186339378356925 -0.8946748375892638 1.4783715605735781 -0.72982063889503468 0.010191940702497961 0.12478266283869745 1.0892782211303713 0.46936076879501348
decision_type=2 2 2 2 2 2 2 2 2 2 2 2 2 2
left_child=1 3 -2 9 -4 -6 12 -8 10 -1 -3 -12 13 -7
right_child=2 8 4 -5 5 6 7 -9 -10 -11 11 -13 -14 -15
leaf_value=0 0.0025141213412598136 -0.0021227242703450457 0.0055452061932972641 -0.0054199082481557383 0.0035797730838058052 0.0011656755655149377 -0.0013648924767622923 0.00097810519228085937 0.00089189771181980048 -0.0046687747039461268 0.0016177034354506574 -0.0025222154708826015 0.0011645484535138559 -0.0019694554432747998
leaf_weight=350.28598278015852 917.32352790236473 644.12617884576321 112.84649121575058 518.80992213264108 249.33926886320114 202.63179317861795 451.72887706756592 3313.2985203824937 1201.7212438210845 131.1365048289299 374.61271198838949 155.55821332335472 234.66821277700365 1662.5517851244658
leaf_count=4580 12698 8811 1523 7310 4417 3023 5863 41373 16004 1603 4702 2264 3414 23399
internal_value=0 -0.00108187 0.000544474 -0.00353498 0.000245102 0.000133874 -1.01906e-05 0.000684064 -2.41765e-05 -0.00136798 -0.000995615 0.000309144 -0.00127217 -0.00160387
internal_weight=0 3376.25 7144.39 1000.23 6227.06 6114.22 5864.88 3765.03 2376.02 481.422 1174.3 530.171 2099.85 1865.18
internal_count=140984 45274 95710 13493 83012 81489 77072 47236 31781 6183 15777 6966 29836 26422
is_linear=0
shrinkage=0.0101079


Tree=6
num_leaves=15
num_cat=0
split_feature=28 27 29 30 2 14 20 23 11 2 4 29 27 13
split_gain=67.8952 98.8061 68.1772 57.9918 61.3662 36.1294 22.2137 21.883 20.5236 23.338 28.6798 27.4753 21.2043 19.216
threshold=-0.20576497167348859 -0.20576497167348859 -1.0000000180025095e-35 1.0000000180025095e-35 1.2389112710952761 -14.176573753356932 -1.5885331630706785 0.39937104284763342 0.014335164800286295 0.84157374501228344 1.6749050021171572 0.6078576147556306 -0.88186877965927113 0.0069650104269385347
decision_type=2 2 2 2 2 2 2 2 2 2 2 2 2 2
left_child=-1 2 5 4 -3 -2 -6 -5 12 11 -11 -10 -4 -7
right_child=1 3 8 7 6 13 -8 -9 9 10 -12 -13 -14 -15
leaf_value=0.00092109849365625094 -0.0034656695018545612 -0.0015480961607023118 0.0024582388738547574 -0.001874368019955136 0.0070002163870148395 0.0063613383738902601 0.0011302394124058177 0.0022709730992865017 -0.0038183164061733675 -0.0048685768329443857 -0.00056988174059585488 0.0026740869140538521 -0.0035537483488538844 0.00090163351999887327
leaf_weight=4809.4576663449407 115.43084857799113 1698.5748738385737 119.48090333864093 127.47486719489098 100.06076285429299 104.30675504356623 238.70879430137575 1340.7329232413322 130.05663166940212 1098.2068212889135 213.25294503755867 116.91812104173005 103.71194976195693 223.14240384288132
leaf_count=64281 1515 22769 1680 1523 1360 1392 3250 17982 1775 14818 2893 1435 1411 2977
internal_value=0 -0.000706153 -0.00237081 0.00034151 -0.000747234 0.00109578 0.00309698 0.00187579 -0.00325617 -0.0036671 -0.00420762 -0.000597716 -0.00018506 0.00286693
internal_weight=0 5730.06 2224.51 3505.55 2037.34 442.88 338.77 1468.21 1781.63 1558.43 1311.46 246.975 223.193 327.449
internal_count=141061 76780 29896 46884 27379 5884 4610 19505 24012 20921 17711 3210 3091 4369
is_linear=0
shrinkage=0.0101079


Tree=7
num_leaves=15
num_cat=0
split_feature=27 29 0 29 2 15 13 0 15 11 20 13 13 11
split_gain=53.6995 60.2781 43.3954 32.6098 31.4927 29.9448 29.6211 26.0747 28.8593 18.5885 18.0313 23.1181 20.6116 18.6471
threshold=-0.69930991530418385 -1.0000000180025095e-35 1.2041345834732058 -0.60785761475563038 0.78123286366462719 3.588101983070374 -0.021092115901410576 0.73733809590339672 10.667546272277834 0.014335164800286295 -6.206408977508544 -0.087044022977352128 -0.058407712727785104 0.041048590093851096
decision_type=2 2 2 2 2 2 2 2 2 2 2 2 2 2
left_child=1 -1 4 -2 -3 10 7 -7 -9 -6 -5 -12 -13 -14
right_child=3 2 -4 5 9 6 -8 8 -10 -11 11 12 13 -15
leaf_value=0.001723184002187619 0.0052596757600829741 0.00086332707351708456 -0.00024662395513538318 -0.00070529707305986373 -0.000123726409396353 -0.0029425096711556621 0.00042560277647409636 -0.00090789221218558192 0.0043237123119638475 -0.0042982859040154239 0.007532224822601046 -0.0017797672507234997 0.00038039000076634818 0.0040930278496676591
leaf_weight=548.28997370414436 133.90725949034095 152.85201590508223 912.11403741687536 186.14031678624451 146.01911853440106 543.20004444755614 5329.8352674152702 664.35393012687564 120.4765825048089 961.80099957808852 85.252046935260296 112.81616952270269 261.94719476811588 369.26702179014683
leaf_count=7300 1798 1987 12454 2597 2049 7526 69357 9085 1506 12809 1315 2012 3718 5459
internal_value=0 -0.00121531 -0.00197884 0.000431663 -0.00319116 0.000336994 8.31338e-05 -0.00125557 -1.9794e-05 -0.00378897 0.00194886 0.002594 0.00190356 0.00263867
internal_weight=0 2721.08 2172.79 7807.2 1260.67 7673.29 6657.87 1328.03 784.831 1107.82 1015.42 829.282 744.03 631.214
internal_count=140972 36599 29299 104373 16845 102575 87474 18117 10591 14858 15101 12504 11189 9177
is_linear=0
shrinkage=0.0101079


Tree=8
num_leaves=15
num_cat=0
split_feature=28 29 32 30 30 28 12 11 16 11 13 28 15 15
split_gain=65.7159 48.164 36.5183 55.3625 49.5669 42.7955 29.1219 23.8499 22.9129 28.2199 27.789 26.3658 23.5402 21.3205
threshold=-0.22706275433301923 -0.60785761475563038 1.0000000180025095e-35 1.0000000180025095e-35 1.0000000180025095e-35 0.47136868536472326 -0.073340572416782365 0.014335164800286295 0.55334520339965831 0.05086143501102925 -0.0046927370131015769 0.8491516411304475 11.615385532379152 4.9377036094665536
decision_type=2 2 2 2 2 2 2 2 2 2 2 2 2 2
left_child=13 -2 3 6 5 7 -3 -4 9 -8 -10 -12 -13 -1
right_child=1 2 4 -5 -6 -7 8 -9 10 -11 11 12 -14 -15
leaf_value=0.0021786950011046941 0.0050455640610069406 0.0029831705581218407 0.0050253609975961285 0.0010849795081963843 -0.0042050122150990212 -0.0038995355896090829 -0.0047056266569201928 -7.1195434687394598e-05 0.0031472318008022764 -0.00077159818928502284 -8.4692080685942053e-05 0.00046400144122983936 -0.0044948109567987081 0.00051381636285165156
leaf_weight=1035.6387498248369 135.19617492519319 136.70382896624506 99.467611528933048 1643.8016272243112 683.05029677413404 290.45815417356789 442.48322718031704 643.72221168875694 150.00101663731039 372.10583964921534 751.45719107985497 113.66409221850336 347.65096970833838 3693.9390321243554
leaf_count=14604 1798 1970 1382 21948 9129 3937 6526 8664 1952 5655 9312 1313 4394 48543
internal_value=0 -0.000713689 -0.000864623 -0.000316999 -0.0020967 -0.000643988 -0.00133063 0.000601134 -0.00162948 -0.00298165 -0.000779573 -0.00131509 -0.00319898 0.000889848
internal_weight=0 5809.76 5674.57 3957.87 1716.7 1033.65 2314.07 743.19 2177.36 814.589 1362.77 1212.77 461.315 4729.58
internal_count=141127 77980 76182 53070 23112 13983 31122 10046 29152 12181 16971 15019 5707 63147
is_linear=0
shrinkage=0.0101079


Tree=9
num_leaves=15
num_cat=0
split_feature=3 22 27 20 17 3 22 10 5 15 7 13 13 20
split_gain=55.8959 71.2537 48.298 36.469 20.9608 20.8503 25.4394 20.9408 20.3716 24.9011 19.596 17.4237 19.7551 22.2471
threshold=0.46799135208129888 -0.033134412020444863 -0.09801131114363669 -3.3482854366302486 18.500000000000004 0.66429701447486889 -0.85362938046455372 0.11894739791750909 2.0151962041854863 19.041938781738285 20.077890396118168 -0.091159634292125688 -0.043174231424927705 -0.46936230361461634
decision_type=2 2 2 2 2 2 2 2 2 2 2 2 2 2
left_child=8 2 5 -4 -5 6 -2 -8 9 11 -10 -1 -13 -14
right_child=1 -3 3 4 -6 -7 7 -9 10 -11 -12 12 13 -15
leaf_value=0.0053673393883626836 -0.0036779794749021415 0.00058174718720311561 0.0035229644941440564 0.00059085779775626271 -0.0017978787226139974 -0.0033295161315522784 -0.0010498501359245539 0.0035673614236416311 -0.00092018358425712693 -0.00075785646205315464 0.0027554866746040433 -0.00033900281886249678 0.00081352407077399478 0.0031037520149007503
leaf_weight=131.45800816081464 237.71517547592521 2848.4388401694596 215.69572990573943 591.52436119504273 921.16674074158072 1344.3507044780999 312.40356584265828 135.94180851243436 871.01873392239213 452.24200158752501 168.18410157598555 435.37880659662187 944.14935760572553 917.53172684460878
leaf_count=1928 3123 37821 2929 7021 12151 19110 3773 1646 11517 6504 2241 6605 12574 12032
internal_value=0 -0.000612968 -0.00152843 -0.000258106 -0.00083887 -0.0025849 -0.00104685 0.000297587 0.000908842 0.00134802 -0.000270875 0.00175795 0.00151673 0.00197199
internal_weight=0 6607.24 3758.8 1728.39 1512.69 2030.41 686.061 448.345 3919.96 2880.76 1039.2 2428.52 2297.06 1861.68
internal_count=140975 87574 49753 22101 19172 27652 8542 5419 53401 39643 13758 33139 31211 24606
is_linear=0
shrinkage=0.0101079


Tree=10
num_leaves=15
num_cat=0
split_feature=3 28 27 30 5 30 27 17 16 16 3 6 13 30
split_gain=54.651 92.9639 50.9092 35.7284 40.8097 33.991 66.4941 31.5734 25.0705 31.2483 19.9831 18.8089 17.578 25.7455
threshold=0.46799135208129888 -0.18436925113201139 -0.49049438536167139 1.0000000180025095e-35 -4.3120381832122794 1.0000000180025095e-35 -0.88186877965927113 16.500000000000004 0.15282087028026584 0.37900090217590338 0.67713829874992382 -0.70993989706039418 0.00082633050624281179 -0.56174489110708226
decision_type=2 2 2 2 2 2 2 2 2 2 2 2 2 2
left_child=8 -2 5 4 -4 6 -3 -6 -1 11 -9 -10 13 -11
right_child=1 2 3 -5 7 -7 -8 10 9 12 -12 -13 -14 -15
leaf_value=0.0034894777395372361 0.00064229685971664791 0.00012645611087996707 0.0038042514255722214 0.00095739869381625525 0 -0.0048586562128364258 -0.0050604425228902589 -0.0056773974196475778 0.00078601835259228868 1.9784048782437524e-05 -0.0010569350083763482 -0.0023643852810769205 0.00073622725588964476 0.0047150396971523817
leaf_weight=352.55807284638286 3202.5596976839006 655.23204909078777 99.739426497370005 843.10170199163258 278.3901165984571 641.39665981009603 388.64645893871784 332.94359662383795 292.09824459813535 222.40512762963772 171.87741300649941 477.77289356663823 2270.3247988708317 303.07542110793293
leaf_count=5696 41586 8947 1319 11366 3379 8830 5282 4590 4274 3343 2405 7017 29263 3769
internal_value=0 -0.000584631 -0.00174718 -0.000494961 -0.00192357 -0.00299776 -0.00178888 -0.00273387 0.000920288 0.000648013 -0.00422246 -0.00112101 0.00115132 0.00283251
internal_weight=0 6613.89 3411.33 1726.05 882.951 1685.28 1043.88 783.211 3918.23 3565.68 504.821 769.871 2795.81 525.481
internal_count=141066 87704 46118 23059 11693 23059 14229 10374 53362 47666 6995 11291 36375 7112
is_linear=0
shrinkage=0.0101079


Tree=11
num_leaves=15
num_cat=0
split_feature=28 32 30 30 28 2 11 16 13 28 16 13 0 13
split_gain=61.4227 55.0779 60.8659 48.1252 40.4824 29.4229 24.4965 30.171 66.3611 28.7684 29.5153 21.4414 21.3881 21.1493
threshold=-0.20576497167348859 1.0000000180025095e-35 1.0000000180025095e-35 1.0000000180025095e-35 0.47136868536472326 1.0146821141242983 0.048280296847224242 0.61444243788719188 -0.002990332897752523 0.8491516411304475 0.74645367264747631 0.055688917636871345 0.97119060158729564 0.011886713095009329
decision_type=2 2 2 2 2 2 2 2 2 2 2 2 2 2
left_child=-1 2 6 4 -3 12 7 13 -9 -8 -11 -5 -4 -2
right_child=1 3 5 11 -6 -7 9 8 -10 10 -12 -13 -14 -15
leaf_value=0.00085696016124235208 -0.0048009501887772126 0.00046949349546565464 0.0029147446295883501 -0.0050937554672475889 -0.0039383047627597088 -0.00023076952979014377 0.00094476677173317561 0.0063678471304859522 -0.0027733477129934696 7.1301819043871693e-05 -0.0045483471993207746 0 -0.0012343824130371915 0
leaf_weight=4812.9484592080116 455.35231371037662 715.66785676777363 955.58237137831748 564.94049384444952 287.93765561841428 689.5398087054491 804.69621005654335 105.71327567845583 276.53017301671207 277.85173169337213 248.23516689985991 99.492025090381503 127.11056677624583 113.88461352884769
leaf_count=64214 6721 9742 12895 7741 3925 9075 10675 1315 3390 4043 3006 1171 1543 1576
internal_value=0 -0.000691114 -4.37446e-05 -0.00223314 -0.00077525 0.00134803 -0.00114307 -0.00237934 -6.62131e-05 -0.000220381 -0.00206648 -0.00434116 0.00238525 -0.00384097
internal_weight=0 5722.53 4054.5 1668.04 1003.61 1772.23 2282.26 951.48 382.243 1330.78 526.087 664.433 1082.69 569.237
internal_count=141032 76818 54239 22579 13667 23513 30726 13002 4705 17724 7049 8912 14438 8297
is_linear=0
shrinkage=0.0101079


Tree=12
num_leaves=15
num_cat=0
split_feature=3 0 27 30 13 3 23 27 21 30 20 5 12 23
split_gain=46.241 62.5665 32.8583 45.3689 29.98 33.5323 28.5752 23.5344 21.175 18.5404 18.2662 17.2405 27.8735 16.8192
threshold=0.46799135208129888 0.67653471231460582 -0.71473535895347584 1.0000000180025095e-35 -0.025542732328176495 0.74360591173172008 1.3986905217170718 -0.49049438536167139 6.4747438430786142 1.0000000180025095e-35 2.6202094554901127 2.0151962041854863 0.063879400491714491 1.1081732511520388
decision_type=2 2 2 2 2 2 2 2 2 2 2 2 2 2
left_child=11 7 3 4 5 -3 -5 -2 10 -9 -6 -1 -13 -4
right_child=1 2 13 6 8 -7 -8 9 -10 -11 -12 12 -14 -15
leaf_value=0.0013130772938986027 -0.0049703757779133535 0.0013571365825117724 7.4536145050215677e-06 -0.0042835762133369443 0.0011079396261217903 -0.0056396245602487616 -0.000232864872630679 -0.0030938471353301488 -0.001065479568281095 0.00019269404695718202 0.0058678284473903386 -0.00097722130334948931 0.0032947164016546232 0.0015023011820046862
leaf_weight=2879.9085675757378 344.33630353584886 100.23092710226774 2166.0130924452096 527.38858692720532 652.40778491646051 165.63289934955537 300.91306400299072 353.85107841156423 367.92804897762835 297.09773647226393 96.384199716150761 856.22129598073661 181.58038558997214 1234.0989275351167
leaf_count=39573 4958 1322 26694 7275 8895 2138 3951 5232 4994 4487 1176 11556 2208 16462
internal_value=0 -0.000474734 -5.16641e-05 -0.00101551 7.96411e-05 -0.0028895 -0.00287601 -0.0028009 0.000837357 -0.0015475 0.0018272 0.000909676 -0.00017244 0.000564055
internal_weight=0 6606.28 5611 2210.89 1382.58 265.864 828.302 995.285 1116.72 650.949 748.792 3917.71 1037.8 3400.11
internal_count=140921 87584 72907 29751 18525 3460 11226 14677 15065 9719 10071 53337 13764 43156
is_linear=0
shrinkage=0.0101079


Tree=13
num_leaves=15
num_cat=0
split_feature=28 3 27 27 29 29 20 6 6 0 22 29 29 33
split_gain=65.3016 93.9883 42.2081 34.4713 30.7075 33.0253 30.1097 22.0893 20.4692 18.8397 17.9548 16.9686 15.3169 14.9297
threshold=-0.22706275433301923 0.52709394693374645 -0.43245348334312433 -0.91080963611602772 0.87837970256805431 -1.0000000180025095e-35 -3.2736541032791133 -0.28821766376495356 -3.621478676795959 0.54497578740119945 -0.18324433267116544 1.0000000180025095e-35 0.6078576147556306 1.0545857548713686
decision_type=2 2 2 2 2 2 2 2 2 2 2 2 2 8
left_child=13 9 3 4 5 7 10 -3 -8 12 -4 -5 -2 -1
right_child=1 2 6 11 -6 -7 8 -9 -10 -11 -12 -13 -14 -15
leaf_value=0.00043642548433206544 -0.0025850984617573429 -0.0021773879376875897 0.0055098196121287028 -0.0023568882368988969 0.0015070132689304098 -0.0039338104695051937 -0.0042420694800083076 0.0041804322423536263 -0.00058187436933033044 0.00099575909522047336 0 -0.0060303708291722822 0.0008054581724266642 0.001666105224755734
leaf_weight=3147.4200349971652 300.9818851724267 109.20634263195097 108.6230765748769 262.6254159193486 213.47689037397504 566.24515004083514 192.89912541769445 94.543255019932985 911.70112255401909 2261.2334060091525 106.94587728381157 445.59184133261442 213.92536221817136 1584.5277972426265
leaf_count=25397 4515 1405 1506 3641 2909 7881 2792 1386 12038 29079 1236 6295 3084 37717
internal_value=0 -0.000740695 -0.00197821 -0.00303777 -0.00172644 -0.00268096 -0.000580317 0.000625582 -0.0012822 0.000589093 0.00275563 -0.00476438 -0.00110775 0.000858758
internal_weight=0 5788 3011.86 1691.69 983.472 769.995 1320.17 203.75 1104.6 2776.14 215.569 708.217 514.907 4731.95
internal_count=140881 77767 41089 23517 13581 10672 17572 2791 14830 36678 2742 9936 7599 63114
is_linear=0
shrinkage=0.0101079


Tree=14
num_leaves=15
num_cat=0
split_feature=28 27 29 30 2 14 27 29 2 7 8 11 17 20
split_gain=55.2325 92.7517 61.009 53.1274 51.7176 26.5508 21.7505 43.127 39.4782 30.6565 21.4974 20.0558 18.1824 28.8941
threshold=-0.22706275433301923 -0.20576497167348859 -1.0000000180025095e-35 1.0000000180025095e-35 1.2537134885787966 -13.778331756591795 -0.91959547996520985 0.87837970256805431 1.1862919330596926 6.8481903076171884 0.78687429428100597 0.017300327308475975 56.500000000000007 1.4033017158508303
decision_type=2 2 2 2 2 2 2 2 2 2 2 2 2 2
left_child=-1 2 5 4 12 -2 7 11 9 -8 -10 -4 13 -3
right_child=1 3 6 -5 -6 -7 8 -9 10 -11 -12 -13 -14 -15
leaf_value=0.00086584843487665574 -0.0027691245183201806 0.0010440732590275806 0.0007852539112825714 0.0018591157220436943 0.0029446778702156774 0.002573316454424452 -0.0037332105593868995 0.0019292420788613103 -0.0076156939504603699 0.0016103069714411065 -0.0022865646657936429 -0.0038639584528379926 -0.0026883047759741208 -0.0022300180920605235
leaf_weight=4746.4803577326238 119.44601824693382 559.57261518761516 94.808722449466586 1491.4783622473478 331.16915415786207 329.59739121049643 296.166718730703 219.26575403288007 339.28794451244175 153.66482122428715 142.3361067418009 549.47243289463222 652.6533832103014 514.0122213922441
leaf_count=63225 1577 7428 1353 19679 4528 4422 4161 2998 4867 1664 2054 7383 9354 6431
internal_value=0 -0.000603191 -0.00221075 0.000404485 -0.000633384 0.00104101 -0.00304765 -0.00178316 -0.00415282 -0.0018229 -0.00618377 -0.0031165 -0.00135311 -0.00049072
internal_weight=0 5792.93 2244.05 3548.89 2057.41 449.043 1795 863.547 931.456 449.832 481.624 644.281 1726.24 1073.58
internal_count=141124 77899 30479 47420 27741 5999 24480 11734 12746 5825 6921 8736 23213 13859
is_linear=0
shrinkage=0.0101079


Tree=15
num_leaves=15
num_cat=0
split_feature=28 27 30 2 27 30 2 11 15 15 21 16 5 10
split_gain=68.452 95.5466 34.6573 60.5385 25.3397 60.6536 35.2258 23.8895 20.9011 24.1395 31.7595 29.5311 32.7382 22.1204
threshold=-0.22706275433301923 -0.20576497167348859 1.0000000180025095e-35 1.2537134885787966 -0.91080963611602772 1.0000000180025095e-35 1.1934596896171572 0.015177986118942501 4.7401146888732919 22.824963569641117 6.3799824714660653 0.37471386790275579 -3.6374131441116329 0.22779433429241183
decision_type=2 2 2 2 2 2 2 2 2 2 2 2 2 2
left_child=8 4 3 -3 5 7 -6 -2 13 10 11 -10 -13 -1
right_child=1 2 -4 -5 6 -7 -8 -9 9 -11 -12 12 -14 -15
leaf_value=0.0028359548200705023 0.005109745378185847 -0.0013445645168838356 0.0014462697138620478 0.0033189269386951739 -0.0014501067503136561 -0.0041072764051241677 -0.0051853698835111796 -9.951226695554894e-05 -0.0016267586688538554 0.0030772928700901836 -0.0017431160871872553 -0.0019476940348117382 0.0016440638491120253 -0.0012238089176866214
leaf_weight=843.40737795829773 96.213794838637114 1726.075262548402 1489.9837546087801 329.67328205890954 533.02022886089981 444.77591361291707 592.57521537877619 572.64344273135066 435.74217989481986 338.38404665887356 642.29102570749819 280.16596334986389 2057.7926228828728 143.74962091632187
leaf_count=11904 1363 23135 19704 4519 6918 6013 8466 7739 6276 4987 7599 3700 26688 2046
internal_value=0 -0.000754017 0.000268582 -0.000567559 -0.0023867 -0.00123546 -0.00347397 0.00063916 0.0008829 0.000522271 0.000251049 0.000730904 0.00119145 0.00219921
internal_weight=0 5784.96 3545.73 2055.75 2239.23 1113.63 1125.6 668.857 4741.53 3754.38 3415.99 2773.7 2337.96 987.157
internal_count=141057 77857 47358 27654 30499 15115 15384 9102 63200 49250 44263 36664 30388 13950
is_linear=0
shrinkage=0.0101079


end of trees

feature_importances:
Column_27=19
Column_29=19
Column_28=18
Column_13=17
Column_30=16
Column_2=15
Column_16=15
Column_3=14
Column_20=13
Column_11=9
Column_15=9
Column_0=8
Column_23=6
Column_5=5
Column_6=5
Column_17=5
Column_21=5
Column_12=4
Column_14=4
Column_22=4
Column_7=3
Column_32=3
Column_1=2
Column_10=2
Column_33=2
Column_4=1
Column_8=1

parameters:
[boosting: gbdt]
[objective: binary]
[metric: auc]
[tree_learner: serial]
[device_type: cpu]
[data_sample_strategy: bagging]
[data: ]
[valid: ]
[num_iterations: 600]
[learning_rate: 0.0101079]
[num_leaves: 15]
[num_threads: 2]
[seed: 1337]
[deterministic: 0]
[force_col_wise: 0]
[force_row_wise: 0]
[histogram_pool_size: -1]
[max_depth: -1]
[min_data_in_leaf: 1280]
[min_sum_hessian_in_leaf: 0.001]
[bagging_fraction: 0.829452]
[pos_bagging_fraction: 1]
[neg_bagging_fraction: 1]
[bagging_freq: 1]
[bagging_seed: 1337]
[feature_fraction: 0.727545]
[feature_fraction_bynode: 1]
[feature_fraction_seed: 1337]
[extra_trees: 0]
[extra_seed: 18955]
[early_stopping_round: 0]
[early_stopping_min_delta: 0]
[first_metric_only: 0]
[max_delta_step: 0]
[lambda_l1: 4.00664]
[lambda_l2: 7.63247]
[linear_lambda: 0]
[min_gain_to_split: 0]
[drop_rate: 0.1]
[max_drop: 50]
[skip_drop: 0.5]
[xgboost_dart_mode: 0]
[uniform_drop: 0]
[drop_seed: 17763]
[top_rate: 0.2]
[other_rate: 0.1]
[min_data_per_group: 100]
[max_cat_threshold: 32]
[cat_l2: 10]
[cat_smooth: 10]
[max_cat_to_onehot: 4]
[top_k: 20]
[monotone_constraints: ]
[monotone_constraints_method: basic]
[monotone_penalty: 0]
[feature_contri: ]
[forcedsplits_filename: ]
[refit_decay_rate: 0.9]
[cegb_tradeoff: 1]
[cegb_penalty_split: 0]
[cegb_penalty_feature_lazy: ]
[cegb_penalty_feature_coupled: ]
[path_smooth: 0]
[interaction_constraints: ]
[verbosity: -1]
[saved_feature_importance_type: 0]
[use_quantized_grad: 0]
[num_grad_quant_bins: 4]
[quant_train_renew_leaf: 0]
[stochastic_rounding: 1]
[linear_tree: 0]
[max_bin: 255]
[max_bin_by_feature: ]
[min_data_in_bin: 3]
[bin_construct_sample_cnt: 200000]
[data_random_seed: 4404]
[is_enable_sparse: 1]
[enable_bundle: 1]
[use_missing: 1]
[zero_as_missing: 0]
[feature_pre_filter: 1]
[pre_partition: 0]
[two_round: 0]
[header: 0]
[label_column: ]
[weight_column: ]
[group_column: ]
[ignore_column: ]
[categorical_feature: ]
[forcedbins_filename: ]
[precise_float_parser: 0]
[parser_config_file: ]
[objective_seed: 4113]
[num_class: 1]
[is_unbalance: 0]
[scale_pos_weight: 1]
[sigmoid: 1]
[boost_from_average: 1]
[reg_sqrt: 0]
[alpha: 0.9]
[fair_c: 1]
[poisson_max_delta_step: 0.7]
[tweedie_variance_power: 1.5]
[lambdarank_truncation_level: 30]
[lambdarank_norm: 1]
[label_gain: ]
[lambdarank_position_bias_regularization: 0]
[eval_at: ]
[multi_error_top_k: 1]
[auc_mu_weights: ]
[num_machines: 1]
[local_listen_port: 12400]
[time_out: 120]
[machine_list_filename: ]
[machines: ]
[gpu_platform_id: -1]
[gpu_device_id: -1]
[gpu_use_dp: 0]
[num_gpu: 1]

end of parameters

pandas_categorical:null
