tree
version=v4
num_class=1
num_tree_per_iteration=1
label_index=0
max_feature_idx=33
objective=binary sigmoid:1
feature_names=Column_0 Column_1 Column_2 Column_3 Column_4 Column_5 Column_6 Column_7 Column_8 Column_9 Column_10 Column_11 Column_12 Column_13 Column_14 Column_15 Column_16 Column_17 Column_18 Column_19 Column_20 Column_21 Column_22 Column_23 Column_24 Column_25 Column_26 Column_27 Column_28 Column_29 Column_30 Column_31 Column_32 Column_33
feature_infos=[0.22403052449226379:4.806818962097168] [0.027025075629353523:26.170040130615234] [0.17134076356887817:8.6935958862304688] [0.087584272027015686:1] [-28.67047119140625:41.262332916259766] [-36.190670013427734:42.326030731201172] [-36.841156005859375:62.500308990478516] [-45.158794403076172:63.120437622070312] [-22.455821990966797:30.680826187133789] [0:0.95389312505722046] [0:0.64536702632904053] [0:0.40022626519203186] [-0.51016271114349365:0.5480339527130127] [-0.15599349141120911:0.22172828018665314] [-46.22015380859375:17.161741256713867] [-8.3726015090942383:64.2962646484375] [0:1] [0:95] [0:95] [-1:1] [-29.775985717773438:44.984848022460938] [-30.525325775146484:55.0223388671875] [-2.8409864902496338:15.253066062927246] [0.049656935036182404:5.4310722351074219] [-1:1] [0:1] [0:1] [-1:1] [-1:1] [-0.78183150291442871:0.97492790222167969] [-0.90096884965896606:1] [0:1] [0:1] [0.8888888955116272:4.5999999046325684]
tree_sizes=1720 1810 1805 1749

Tree=0
num_leaves=15
num_cat=0
split_feature=28 27 30 2 33 2 27 30 2 9 23 17 14 0
split_gain=82.0145 105.863 49.4875 57.4931 28.9041 22.9927 25.1094 51.051 22.9897 23.7035 20.7345 19.3776 29.8704 38.0847
threshold=-0.20576497167348859 -0.20576497167348859 1.0000000180025095e-35 1.2537134885787966 0.99393379688262951 0.77168521285057079 -0.91080963611602772 1.0000000180025095e-35 1.2610803842544558 0.30142781138420111 0.39937104284763342 61.500000000000007 -7.2220978736877433 0.8431684970855714
decision_type=2 2 2 2 10 2 2 2 2 2 2 2 2 2
left_child=11 5 3 -3 -5 -2 7 -7 -8 -10 -4 12 13 -1
right_child=1 2 10 4 -6 6 8 -9 9 -11 -12 -13 -14 -15
leaf_value=-1.0991130096693216 -1.0943943984697926 -1.0960102102329432 -1.0964896513718263 -1.0950224637858024 -1.0891433624303581 -1.0944527111251698 -1.0966212246855627 -1.0990611856190593 -1.1011415663040107 -1.0956368311057887 -1.092440111153496 -1.0925855596897778 -1.0932788329085794 -1.0944483703864978
leaf_weight=208.34986816160381 265.75414462760091 1702.9691949598491 126.48675499856472 122.1866797991097 202.58391983062029 616.26382716558874 427.49334592930973 383.06245734356344 427.20047541707754 124.87936693802476 1342.7210225723684 1511.3805131576955 2123.6798996534199 951.07887075096369
leaf_count=3216 3382 22797 1524 2798 1647 8266 5385 5150 6029 1755 18079 20736 26690 13611
internal_value=-1.09455 -1.09533 -1.09424 -1.09525 -1.09144 -1.09704 -1.09742 -1.0962 -1.09859 -1.1 -1.09282 -1.09354 -1.094 -1.09528
internal_weight=0 5741.6 3496.95 2027.74 324.771 2244.65 1978.9 999.326 979.573 552.08 1469.21 4794.49 3283.11 1159.43
internal_count=141065 76812 46845 27242 4445 29967 26585 13416 13169 7784 19603 64253 43517 16827
is_linear=0
shrinkage=1


Tree=1
num_leaves=15
num_cat=0
split_feature=27 30 30 22 27 2 23 2 23 15 7 2 0 27
split_gain=52.742 51.5561 36.6632 38.7973 53.7125 32.2348 31.6086 28.9845 27.4275 21.7979 31.768 22.9248 31.8644 21.6757
threshold=-0.71473535895347584 1.0000000180025095e-35 1.0000000180025095e-35 -0.48900113999843592 -0.20576497167348859 1.2389112710952761 1.3986905217170718 1.5382255315780642 0.91124972701072704 3.8014582395553593 -11.035989284515379 0.9936315417289735 0.95397648215293895 -0.88186877965927113
decision_type=2 2 2 2 2 2 2 2 2 2 2 2 2 2
left_child=1 7 3 4 -2 -6 -3 13 -9 -4 -11 -12 -13 -1
right_child=2 6 9 -5 5 -7 -8 8 -10 10 11 12 -14 -15
leaf_value=0.0025477519517175693 -0.0058634344025805139 -0.0040836279773730942 0.0030914342682984396 0.00045038816258618423 -0.0013372879644803003 0.00316632533747313 -0.00016259439367547024 -0.0045944327296806742 -0.00024706529269334095 -0.0025049679456735576 0.0020455762544500126 -0.0015393998342657042 0.0018267053932563876 -0.0006688119276862187
leaf_weight=496.31389684230089 238.97132490761578 751.60140745900571 532.68320278823376 3075.6912328377366 1064.0983022470027 180.35607655905187 321.73934313096106 206.73818089812994 558.18676035292447 251.72767083905637 1382.3998123109341 579.69314890168607 552.5211119633168 339.68309028074145
leaf_count=6300 3072 10031 7811 41496 14298 2455 4237 2975 8058 3337 18113 7558 7005 4323
internal_value=0 -0.00124857 0.000392581 -0.000187165 -0.00153175 -0.000636922 -0.00295519 -7.05993e-05 -0.00150824 0.0012046 0.000819163 0.00117456 6.89637e-05 0.00119856
internal_weight=0 2674.26 7858.14 4559.12 1483.43 1244.45 1073.34 1600.92 764.925 3299.02 2766.34 2514.61 1132.21 835.997
internal_count=141069 35924 105145 61321 19825 16753 14268 21656 11033 43824 36013 32676 14563 10623
is_linear=0
shrinkage=0.0101079


Tree=2
num_leaves=15
num_cat=0
split_feature=3 28 29 23 17 5 28 16 16 22 30 7 14 2
split_gain=67.945 110.416 44.9653 23.892 24.7562 31.0973 33.6885 22.4076 35.9429 19.3422 22.7265 20.0675 18.8638 17.6115
threshold=0.46799135208129888 -0.20576497167348859 -0.60785761475563038 1.4783715605735781 13.500000000000002 -3.4859824180603023 0.81279832124710094 0.15282087028026584 0.37900090217590338 -0.31410157680511469 -0.56174489110708226 -8.4940142631530744 -6.9782721996307364 0.67986696958541881
decision_type=2 2 2 2 2 2 2 2 2 2 2 2 2 2
left_child=7 -2 -3 4 -4 6 -6 -1 9 10 -9 -12 13 -7
right_child=1 2 3 -5 5 12 -8 8 -10 -11 11 -13 -14 -15
leaf_value=0.003511355206253113 0.00073266122266161865 0.0044296075309713358 -0.00040279583953782067 0.0013029262664721376 -0.0017173509954985721 -0.00011014992799588198 0.0046772521386453016 -0.0056285474859580978 0.0013353555743265222 0.00072631880097806631 -0.0028335956038883915 0.0021676597095114779 -0.0022562762579217727 -0.0048644829323570725
leaf_weight=347.19924537278712 3154.8518706709146 101.08049670234323 623.0015561580658 181.19618096202612 467.55332005396485 107.30140956491232 93.093125432729721 147.23113843426108 2801.586016446352 317.91681821271777 187.89507832936943 127.01590028591454 1020.8990577943623 866.38901831954718
leaf_count=5649 40988 1372 7718 2251 6621 1624 1342 2349 36576 4873 2384 1743 13150 12527
internal_value=0 -0.000624991 -0.00187329 -0.00208457 -0.00229307 -0.00273557 -0.000535729 0.00105179 0.000795126 -0.00108784 -0.00241356 -0.000687274 -0.00332929 -0.00438675
internal_weight=0 6615.37 3460.51 3359.43 3178.24 2555.24 560.646 3928.84 3581.64 780.059 462.142 314.911 1994.59 973.69
internal_count=141167 87593 46605 45233 42982 35264 7963 53574 47925 11349 6476 4127 27301 14151
is_linear=0
shrinkage=0.0101079


Tree=3
num_leaves=15
num_cat=0
split_feature=27 23 20 29 16 16 0 30 27 30 1 7 20 21
split_gain=55.0399 80.8008 37.7777 34.841 29.7012 39.0507 30.5119 24.4656 44.9378 23.7772 21.8261 17.7757 17.7291 23.2369
threshold=-0.49049438536167139 0.85135316848754894 -3.0008209943771358 -1.0000000180025095e-35 0.15282087028026584 0.37900090217590338 0.47821643948554998 1.0000000180025095e-35 -0.9738190472126006 -0.56174489110708226 0.88957771658897411 6.0250604152679452 -0.73164844512939442 5.2998068332672128
decision_type=2 2 2 2 2 2 2 2 2 2 2 2 2 2
left_child=1 3 10 -1 -4 9 11 -3 -9 -6 -2 -7 -8 -14
right_child=2 7 4 -5 5 6 12 8 -10 -11 -12 -13 13 -15
leaf_value=9.0367309883803592e-05 0.0044229616330540011 0.00066606228658753575 0.0034655097744059056 -0.0045478567070579038 -0.0037369160873567653 -0.0051043771554754626 -0.0007098747797787897 -0.0049551679893523734 0 -0.00056121321064120258 0.0010358058011306333 0 0.0015926164094993479 0
leaf_weight=189.11231382749975 343.43164721690118 1525.8931257445365 262.51561368629336 757.86978627741337 367.89299291931093 144.52972018904984 777.65042037516832 254.40837845951319 657.711111349985 793.12827904522419 546.79006644524634 132.09660411439836 2234.553402395919 1536.6309268660843
leaf_count=2558 5013 20446 4623 10117 5709 2211 10381 3379 8761 10874 7250 1907 28562 19185
internal_value=0 -0.00109166 0.000471448 -0.00358586 0.00018562 3.08061e-05 0.000438302 -9.81253e-05 -0.00141549 -0.00161999 0.00241411 -0.00274917 0.00064531 0.000936347
internal_weight=0 3384.99 7139.22 946.982 6249 5986.48 4825.46 2438.01 912.119 1161.02 890.222 276.626 4548.83 3771.18
internal_count=140976 45261 95715 12675 83452 78829 62246 32586 12140 16583 12263 4118 58128 47747
is_linear=0
shrinkage=0.0101079


end of trees

feature_importances:
Column_2=7
Column_27=7
Column_30=7
Column_23=5
Column_16=4
Column_0=3
Column_7=3
Column_28=3
Column_14=2
Column_17=2
Column_20=2
Column_22=2
Column_29=2
Column_1=1
Column_3=1
Column_5=1
Column_9=1
Column_15=1
Column_21=1
Column_33=1

parameters:
[boosting: gbdt]
[objective: binary]
[metric: auc]
[tree_learner: serial]
[device_type: cpu]
[data_sample_strategy: bagging]
[data: ]
[valid: ]
[num_iterations: 600]
[learning_rate: 0.0101079]
[num_leaves: 15]
[num_threads: 2]
[seed: 42]
[deterministic: 0]
[force_col_wise: 0]
[force_row_wise: 0]
[histogram_pool_size: -1]
[max_depth: -1]
[min_data_in_leaf: 1280]
[min_sum_hessian_in_leaf: 0.001]
[bagging_fraction: 0.829452]
[pos_bagging_fraction: 1]
[neg_bagging_fraction: 1]
[bagging_freq: 1]
[bagging_seed: 42]
[feature_fraction: 0.727545]
[feature_fraction_bynode: 1]
[feature_fraction_seed: 42]
[extra_trees: 0]
[extra_seed: 12879]
[early_stopping_round: 0]
[early_stopping_min_delta: 0]
[first_metric_only: 0]
[max_delta_step: 0]
[lambda_l1: 4.00664]
[lambda_l2: 7.63247]
[linear_lambda: 0]
[min_gain_to_split: 0]
[drop_rate: 0.1]
[max_drop: 50]
[skip_drop: 0.5]
[xgboost_dart_mode: 0]
[uniform_drop: 0]
[drop_seed: 17869]
[top_rate: 0.2]
[other_rate: 0.1]
[min_data_per_group: 100]
[max_cat_threshold: 32]
[cat_l2: 10]
[cat_smooth: 10]
[max_cat_to_onehot: 4]
[top_k: 20]
[monotone_constraints: ]
[monotone_constraints_method: basic]
[monotone_penalty: 0]
[feature_contri: ]
[forcedsplits_filename: ]
[refit_decay_rate: 0.9]
[cegb_tradeoff: 1]
[cegb_penalty_split: 0]
[cegb_penalty_feature_lazy: ]
[cegb_penalty_feature_coupled: ]
[path_smooth: 0]
[interaction_constraints: ]
[verbosity: -1]
[saved_feature_importance_type: 0]
[use_quantized_grad: 0]
[num_grad_quant_bins: 4]
[quant_train_renew_leaf: 0]
[stochastic_rounding: 1]
[linear_tree: 0]
[max_bin: 255]
[max_bin_by_feature: ]
[min_data_in_bin: 3]
[bin_construct_sample_cnt: 200000]
[data_random_seed: 175]
[is_enable_sparse: 1]
[enable_bundle: 1]
[use_missing: 1]
[zero_as_missing: 0]
[feature_pre_filter: 1]
[pre_partition: 0]
[two_round: 0]
[header: 0]
[label_column: ]
[weight_column: ]
[group_column: ]
[ignore_column: ]
[categorical_feature: ]
[forcedbins_filename: ]
[precise_float_parser: 0]
[parser_config_file: ]
[objective_seed: 16083]
[num_class: 1]
[is_unbalance: 0]
[scale_pos_weight: 1]
[sigmoid: 1]
[boost_from_average: 1]
[reg_sqrt: 0]
[alpha: 0.9]
[fair_c: 1]
[poisson_max_delta_step: 0.7]
[tweedie_variance_power: 1.5]
[lambdarank_truncation_level: 30]
[lambdarank_norm: 1]
[label_gain: ]
[lambdarank_position_bias_regularization: 0]
[eval_at: ]
[multi_error_top_k: 1]
[auc_mu_weights: ]
[num_machines: 1]
[local_listen_port: 12400]
[time_out: 120]
[machine_list_filename: ]
[machines: ]
[gpu_platform_id: -1]
[gpu_device_id: -1]
[gpu_use_dp: 0]
[num_gpu: 1]

end of parameters

pandas_categorical:null
