tree
version=v4
num_class=1
num_tree_per_iteration=1
label_index=0
max_feature_idx=33
objective=binary sigmoid:1
feature_names=Column_0 Column_1 Column_2 Column_3 Column_4 Column_5 Column_6 Column_7 Column_8 Column_9 Column_10 Column_11 Column_12 Column_13 Column_14 Column_15 Column_16 Column_17 Column_18 Column_19 Column_20 Column_21 Column_22 Column_23 Column_24 Column_25 Column_26 Column_27 Column_28 Column_29 Column_30 Column_31 Column_32 Column_33
feature_infos=[0.22403052449226379:4.806818962097168] [0.027025075629353523:26.170040130615234] [0.17513096332550049:8.6723108291625977] [0.087584272027015686:1] [-25.922966003417969:41.262332916259766] [-31.294506072998047:42.326030731201172] [-34.628929138183594:62.500308990478516] [-45.158794403076172:63.120437622070312] [-22.455821990966797:30.680826187133789] [0:0.95389312505722046] [0:0.64536702632904053] [0:0.40022626519203186] [-0.42873650789260864:0.5480339527130127] [-0.15783818066120148:0.22172828018665314] [-46.22015380859375:17.161741256713867] [-8.3726015090942383:64.2962646484375] [0:1] [0:95] [0:95] [-1:1] [-26.658021926879883:44.984848022460938] [-30.712318420410156:55.0223388671875] [-2.5033562183380127:15.253066062927246] [0.17266726493835449:4.0791497230529785] [-1:1] [0:1] [0:1] [-1:1] [-1:1] [-0.78183150291442871:0.97492790222167969] [-0.90096884965896606:1] [0:1] [0:1] none
tree_sizes=8632

Tree=0
num_leaves=79
num_cat=0
split_feature=30 21 5 5 21 23 21 29 18 23 17 16 12 7 7 6 14 18 9 23 7 12 14 21 14 12 14 12 10 14 12 23 17 12 14 18 7 7 7 9 12 6 23 7 16 29 16 12 7 12 16 17 21 12 23 7 7 6 7 16 12 23 12 8 21 23 16 10 18 23 12 12 9 9 6 12 10 5
split_gain=67.8084 62.3872 31.8635 30.9702 41.4768 24.0326 23.5153 21.9786 35.9886 28.018 25.1126 38.8029 24.382 22.5971 25.4208 19.7812 17.737 17.0329 34.7978 20.8291 16.4268 18.5754 17.7571 16.2652 23.2938 16.1701 16.0979 21.6165 19.424 20.2972 15.0776 14.579 14.0515 12.7665 25.6179 15.9087 17.7145 20.3968 15.032 14.0413 12.6044 12.5982 12.4618 12.1722 18.5926 14.3061 12.1777 11.7292 19.898 15.1418 26.4012 20.6896 12.8878 13.1624 11.5337 14.3031 26.323 23.1745 16.24 11.5571 11.3716 11.2024 11.1457 11.088 11.0219 10.9801 9.67677 9.41521 9.30384 19.6512 11.3683 14.1645 12.1914 11.5012 9.86608 9.30305 9.08994 8.9503
threshold=1.0000000180025095e-35 8.0928649902343768 5.4178054332733163 -0.49591210484504694 -9.4215602874755842 0.82959696650505077 -12.129343986511229 1.0000000180025095e-35 64.500000000000014 0.60014906525611889 69.500000000000014 0.24454873800277713 0.0013330334331840279 10.766245841979982 -3.7458175420761104 -11.694219589233397 -5.3782894611358634 86.500000000000014 0.32221388816833502 0.52403607964515697 2.6851556301116948 0.024972815066576007 -11.30281352996826 2.0009695291519169 -8.8343687057495099 -0.053543565794825547 -17.470367431640621 -0.017880023457109925 0.058216966688632972 -7.7620339393615714 -0.027625937014818188 1.6296625137329104 82.500000000000014 0.0081033818423748034 -6.8357982635498038 55.500000000000007 -9.4891171455383283 -1.8337970376014707 5.043748378753663 0.1992626637220383 0.041449351236224181 4.7949054241180429 0.78346598148345958 14.768130302429201 0.41601128876209265 0.87837970256805431 0.88422101736068737 0.23764774203300479 18.683015823364261 0.039743823930621154 0.74124440550804149 14.500000000000002 10.685624599456789 0.1318982467055321 0.58855199813842785 6.406010866165162 0.97649636864662182 -3.5134634971618648 -8.0438289642333967 0.22680038213729861 -0.10393317043781279 0.54248863458633434 0.0081033818423748034 -0.60021749138832081 0.30717475712299352 0.94943478703498851 0.6907809078693391 0.14464823156595233 27.500000000000004 0.90871307253837597 -0.078893523663282381 -0.2068812549114227 0.077703960239887251 0.38495422899723059 -7.6093778610229483 0.095754485577344908 0.03104359190911055 -0.26659469306468958
decision_type=2 8 10 10 10 10 10 2 2 10 2 10 10 10 10 10 10 2 10 10 10 10 10 10 10 10 10 10 10 10 10 10 2 10 10 2 10 10 10 10 10 10 10 10 10 2 10 10 10 10 10 2 10 10 10 10 10 10 10 10 10 10 10 10 10 10 10 10 2 10 10 10 10 10 10 10 10 10
left_child=5 3 61 15 -5 6 -1 8 13 -10 11 -9 30 14 -8 65 40 31 19 -19 21 23 -22 24 68 -24 27 60 29 42 -13 75 62 34 35 36 39 -38 -39 -12 -11 -18 -28 44 45 -14 -45 48 49 50 -27 -52 -51 -54 -30 56 58 -57 59 -56 -17 -3 -26 -16 -32 -2 -23 -48 69 -7 71 -71 -73 -74 -70 -6 -44 -36
right_child=1 2 -4 4 17 20 7 10 9 16 33 12 43 -15 63 26 41 18 -20 -21 22 66 25 -25 32 47 28 -29 54 -31 64 -33 -34 -35 77 -37 37 38 -40 -41 -42 -43 76 46 -46 -47 67 -49 -50 52 51 -53 53 -55 55 57 -58 -59 -60 -61 -62 -63 -64 -65 -66 -67 -68 -69 74 70 -72 72 73 -75 -76 -77 -78 -79
leaf_value=-0.90846726460219862 -0.91751432033233815 -0.99149512000114215 -0.94755346366481141 -0.90330939694183743 -0.93794659910406408 -0.91757426641459183 -0.93009817218738422 -0.96281669776123602 -0.90433051211343651 -0.93131855605827585 -0.92545097629130779 -0.94497291335326605 -0.91655592439111744 -0.91651342031255056 -0.94056565455093255 -0.94443485965303375 -0.95573312435460045 -0.93351785832595258 -0.91759555329283293 -0.9607495996076536 -0.9158138238627479 -0.95646998600116373 -0.9580636541432489 -0.91930775946034948 -0.96464363381769735 -0.93926455222527838 -0.95798026435993378 -0.93166507182702873 -0.93128475440691427 -0.9650997803179705 -0.90161598357892225 -0.95669035641550559 -0.93465929106533496 -0.91685312089548787 -0.93781532710956239 -0.94171398938361484 -0.90418445239244838 -0.94608348948765086 -0.9131819343658325 -0.95579327317562024 -0.90432099157720336 -0.92656907567793556 -0.92935096840945997 -0.91407823922716502 -0.95043302429258569 -0.94620948649739101 -0.9274254650244852 -0.91965959471642933 -0.94865975974424122 -0.94409639805016232 -0.93216046620572446 -0.90218231232068824 -0.90965886572317833 -0.94105923527009439 -0.96122676864868584 -0.91315376810850579 -0.9644762632613032 -0.94950598661611707 -0.93486781290274101 -0.93716274821291634 -0.96705426228132341 -0.96559239881673886 -0.94080986608666017 -0.9641350001701372 -0.92891569460090107 -0.94104980457279264 -0.93853667261433904 -0.95539192265979411 -0.96236916714737808 -0.92650097238212104 -0.93419920485617181 -0.931521190576862 -0.96008339454526359 -0.93846355787846036 -0.94183298614081312 -0.92098269033134661 -0.94849850990094808 -0.96044215466375649
leaf_weight=65.421489605680108 56.981324579566717 53.010946925729513 210.76901768706739 59.969944445416331 1192.7049163021147 92.667791247367859 128.62195356190205 163.53739367425442 148.23448197543621 98.60505636036396 67.723744362592697 52.964908368885517 64.531217504292727 66.699395760893822 56.463062891736627 65.095106894150376 65.013127095997334 69.292992495000362 57.008186358958483 257.36734972335398 74.544550977647305 281.43371726572514 74.71224276162684 63.209605054929852 168.91262960247695 242.65016805380583 111.99541463889182 51.072989761829376 150.41265842504799 196.81397941336036 53.981693672016263 77.407930493354797 55.747703928500414 100.11348658613861 54.283168237656355 147.9772610347718 120.05166308581829 63.030920915305614 44.581028306856751 51.510586407035589 63.873263226822019 50.243657350540161 94.988415688276291 49.463708125054836 440.36737746186554 59.436706148087978 45.77736153267324 73.345274971798062 275.7309347614646 395.7337698917836 104.26532538980246 98.413788039237261 47.008303510025144 53.319100450724363 112.39589862897992 65.249822774901986 146.93509001843631 70.099936254322529 246.56746465712786 57.413868786767125 235.46529764123261 202.40425337105989 48.387827940285206 116.44647581875324 92.888981821015477 112.27668514661491 72.496972905471921 45.435170756652951 57.532880550250411 62.698200389742851 404.74801053851843 56.532048674300313 173.72649899311364 64.762971619144082 255.06167556717992 68.39649260789156 100.4708049390465 83.424104642122984
leaf_count=726 657 724 2390 623 13405 1077 1695 1706 1677 1016 789 672 595 778 621 664 636 763 661 2978 773 3148 797 736 1838 2868 1309 592 1689 2330 626 938 612 1020 753 1566 1326 807 495 576 567 577 1133 495 4908 593 494 741 2915 4472 1148 1117 532 593 1387 750 1625 769 2733 559 2333 2320 555 1336 1074 1318 851 559 699 604 4751 637 1944 684 2912 751 1135 950
internal_value=-0.94081 -0.945528 -0.961134 -0.943505 -0.939237 -0.937948 -0.934736 -0.935467 -0.929168 -0.920229 -0.938291 -0.9427 -0.939036 -0.939753 -0.94499 -0.947584 -0.929293 -0.940602 -0.948966 -0.954807 -0.940558 -0.943365 -0.936906 -0.941115 -0.942164 -0.938164 -0.949071 -0.957771 -0.94673 -0.953774 -0.925158 -0.938151 -0.954032 -0.931821 -0.934405 -0.929545 -0.924265 -0.916917 -0.932378 -0.939017 -0.919778 -0.942559 -0.946144 -0.942968 -0.94601 -0.930873 -0.9313 -0.936924 -0.938071 -0.934898 -0.928849 -0.916893 -0.940479 -0.926171 -0.942447 -0.944961 -0.948194 -0.932034 -0.942158 -0.952915 -0.96243 -0.97187 -0.959244 -0.956335 -0.91777 -0.933046 -0.952676 -0.940872 -0.939394 -0.936911 -0.939436 -0.945234 -0.949519 -0.954071 -0.945996 -0.936927 -0.939394 -0.95135
internal_weight=0 4122.57 466.184 3656.38 1782.15 5958.34 2660.7 2595.28 794.2 425.97 1801.08 1068.38 904.847 368.231 301.531 1874.23 277.735 1722.18 383.669 326.66 3297.64 1857.92 1439.72 1503.99 1440.78 1365.18 1704.98 351.633 1353.34 504.269 199.836 1338.51 273.048 732.696 632.582 494.875 346.898 227.664 107.612 119.234 162.478 115.257 307.455 705.012 564.335 123.968 140.676 1290.47 1217.12 941.39 445.329 202.679 496.061 100.327 849.075 698.662 563.312 135.35 416.377 169.81 300.56 255.415 217.3 172.91 146.871 169.258 353.931 91.2125 1167.73 855.136 762.468 357.72 295.022 238.489 312.595 1261.1 195.459 137.707
internal_count=113173 46536 5434 41102 20119 66637 29633 28907 8903 4473 20004 11722 10016 4430 3652 20983 2796 19496 4402 3741 37004 21048 15956 17049 16313 15183 19008 3589 15419 5907 2372 15094 3005 8282 7262 5559 3993 2628 1302 1365 1583 1213 3577 7644 6096 1188 1548 14386 13645 10730 5133 2265 5597 1125 9512 7823 6304 1519 4679 1946 2997 3044 2393 1957 1700 1975 3999 1053 13308 9697 8620 3869 3265 2628 3611 14156 2268 1703
is_linear=0
shrinkage=1


end of trees

feature_importances:
Column_12=15
Column_7=11
Column_23=9
Column_14=6
Column_16=6
Column_21=6
Column_6=4
Column_9=4
Column_18=4
Column_5=3
Column_10=3
Column_17=3
Column_29=2
Column_8=1
Column_30=1

parameters:
[boosting: gbdt]
[objective: binary]
[metric: auc]
[tree_learner: serial]
[device_type: cpu]
[data_sample_strategy: bagging]
[data: ]
[valid: ]
[num_iterations: 600]
[learning_rate: 0.0454652]
[num_leaves: 79]
[num_threads: 2]
[seed: 1337]
[deterministic: 0]
[force_col_wise: 0]
[force_row_wise: 0]
[histogram_pool_size: -1]
[max_depth: -1]
[min_data_in_leaf: 525]
[min_sum_hessian_in_leaf: 0.001]
[bagging_fraction: 0.774687]
[pos_bagging_fraction: 1]
[neg_bagging_fraction: 1]
[bagging_freq: 1]
[bagging_seed: 1337]
[feature_fraction: 0.515409]
[feature_fraction_bynode: 1]
[feature_fraction_seed: 1337]
[extra_trees: 0]
[extra_seed: 18955]
[early_stopping_round: 0]
[early_stopping_min_delta: 0]
[first_metric_only: 0]
[max_delta_step: 0]
[lambda_l1: 1.07292]
[lambda_l2: 4.08529]
[linear_lambda: 0]
[min_gain_to_split: 0]
[drop_rate: 0.1]
[max_drop: 50]
[skip_drop: 0.5]
[xgboost_dart_mode: 0]
[uniform_drop: 0]
[drop_seed: 17763]
[top_rate: 0.2]
[other_rate: 0.1]
[min_data_per_group: 100]
[max_cat_threshold: 32]
[cat_l2: 10]
[cat_smooth: 10]
[max_cat_to_onehot: 4]
[top_k: 20]
[monotone_constraints: ]
[monotone_constraints_method: basic]
[monotone_penalty: 0]
[feature_contri: ]
[forcedsplits_filename: ]
[refit_decay_rate: 0.9]
[cegb_tradeoff: 1]
[cegb_penalty_split: 0]
[cegb_penalty_feature_lazy: ]
[cegb_penalty_feature_coupled: ]
[path_smooth: 0]
[interaction_constraints: ]
[verbosity: -1]
[saved_feature_importance_type: 0]
[use_quantized_grad: 0]
[num_grad_quant_bins: 4]
[quant_train_renew_leaf: 0]
[stochastic_rounding: 1]
[linear_tree: 0]
[max_bin: 255]
[max_bin_by_feature: ]
[min_data_in_bin: 3]
[bin_construct_sample_cnt: 200000]
[data_random_seed: 4404]
[is_enable_sparse: 1]
[enable_bundle: 1]
[use_missing: 1]
[zero_as_missing: 0]
[feature_pre_filter: 1]
[pre_partition: 0]
[two_round: 0]
[header: 0]
[label_column: ]
[weight_column: ]
[group_column: ]
[ignore_column: ]
[categorical_feature: ]
[forcedbins_filename: ]
[precise_float_parser: 0]
[parser_config_file: ]
[objective_seed: 4113]
[num_class: 1]
[is_unbalance: 0]
[scale_pos_weight: 1]
[sigmoid: 1]
[boost_from_average: 1]
[reg_sqrt: 0]
[alpha: 0.9]
[fair_c: 1]
[poisson_max_delta_step: 0.7]
[tweedie_variance_power: 1.5]
[lambdarank_truncation_level: 30]
[lambdarank_norm: 1]
[label_gain: ]
[lambdarank_position_bias_regularization: 0]
[eval_at: ]
[multi_error_top_k: 1]
[auc_mu_weights: ]
[num_machines: 1]
[local_listen_port: 12400]
[time_out: 120]
[machine_list_filename: ]
[machines: ]
[gpu_platform_id: -1]
[gpu_device_id: -1]
[gpu_use_dp: 0]
[num_gpu: 1]

end of parameters

pandas_categorical:null
