tree
version=v4
num_class=1
num_tree_per_iteration=1
label_index=0
max_feature_idx=33
objective=binary sigmoid:1
feature_names=Column_0 Column_1 Column_2 Column_3 Column_4 Column_5 Column_6 Column_7 Column_8 Column_9 Column_10 Column_11 Column_12 Column_13 Column_14 Column_15 Column_16 Column_17 Column_18 Column_19 Column_20 Column_21 Column_22 Column_23 Column_24 Column_25 Column_26 Column_27 Column_28 Column_29 Column_30 Column_31 Column_32 Column_33
feature_infos=[0.22403052449226379:4.806818962097168] [0.027025075629353523:26.170040130615234] [0.17513096332550049:8.6723108291625977] [0.087584272027015686:1] [-25.922966003417969:41.262332916259766] [-31.294506072998047:42.326030731201172] [-34.628929138183594:62.500308990478516] [-45.158794403076172:63.120437622070312] [-22.455821990966797:30.680826187133789] [0:0.95389312505722046] [0:0.64536702632904053] [0:0.40022626519203186] [-0.42873650789260864:0.5480339527130127] [-0.15783818066120148:0.22172828018665314] [-46.22015380859375:17.161741256713867] [-8.3726015090942383:64.2962646484375] [0:1] [0:95] [0:95] [-1:1] [-26.658021926879883:44.984848022460938] [-30.712318420410156:55.0223388671875] [-2.5033562183380127:15.253066062927246] [0.17266726493835449:4.0791497230529785] [-1:1] [0:1] [0:1] [-1:1] [-1:1] [-0.78183150291442871:0.97492790222167969] [-0.90096884965896606:1] [0:1] [0:1] none
tree_sizes=1740 1816 1773 1778 1810 1815 1784 1803

Tree=0
num_leaves=15
num_cat=0
split_feature=0 27 12 29 28 28 27 27 3 12 3 13 3 12
split_gain=118.835 54.9553 63.65 46.5567 43.6625 36.4873 48.2798 40.532 40.0932 31.1252 26.9625 22.4233 19.6127 18.9674
threshold=0.66458275914192211 -0.49049438536167139 0.0020021933596581225 1.0000000180025095e-35 0.96298784017562877 -0.3317298144102096 -0.49049438536167139 -0.88186877965927113 0.2945638000965119 -0.087117969989776597 0.54839015007019054 0.0031471265247091655 0.69670340418815624 -0.0013237642124295233
decision_type=10 2 8 2 2 2 2 2 10 10 10 10 8 10
left_child=1 -1 3 4 11 8 7 -7 -2 -8 13 -3 -4 -11
right_child=5 2 12 -5 -6 6 9 -9 -10 10 -12 -13 -14 -15
leaf_value=-1.0251419594367768 -1.0214292224186627 -1.0176521215753183 -1.0222370683103557 -1.0209693063000713 -1.0207046743971959 -1.0203861132488112 -1.0143091149590366 -1.0242987716049907 -1.018244017154909 -1.0198270384486354 -1.0210465835240152 -1.0107425499427627 -1.0269457677260645 -1.0174879575200773
leaf_weight=415.33398687653244 433.38689080625772 119.47501606121659 880.46518093161285 588.09331415034831 139.25600562617183 1319.5317625645548 131.90322136133909 345.41276785358787 3774.7620093990117 665.34217116422951 605.84339301846921 117.72698417678475 110.68232228606939 788.59543103910983
leaf_count=4358 4828 1438 10292 7193 1564 15397 1681 4358 44195 8032 6824 1361 1379 8413
internal_value=-1.01983 -1.02181 -1.02106 -1.01925 -1.01648 -1.01923 -1.01994 -1.02124 -1.01858 -1.01896 -1.0193 -1.01388 -1.02285 -1.01854
internal_weight=0 2371.03 1955.7 964.551 376.458 8064.78 3856.63 1664.94 4208.15 2191.68 2059.78 237.202 991.148 1453.94
internal_count=121313 27585 23227 11556 4363 93728 44705 19755 49023 24950 23269 2799 11671 16445
is_linear=0
shrinkage=1


Tree=1
num_leaves=15
num_cat=0
split_feature=0 27 12 29 28 23 27 14 12 3 15 14 14 2
split_gain=111.253 65.9048 66.6009 51.259 46.5977 33.4139 41.0028 64.3123 36.302 27.5701 34.2606 25.4145 22.4796 22.2546
threshold=0.66458275914192211 -0.50938662886619557 0.0020021933596581225 1.0000000180025095e-35 0.95688340067863475 1.0895606875419619 -0.58244305849075306 -17.470367431640621 -0.087117969989776597 0.47355209290981298 13.482911586761476 -24.202158927917477 -6.5895023345947257 2.2464563846588139
decision_type=10 2 8 2 2 10 2 10 10 10 8 10 10 10
left_child=1 -1 3 4 -3 6 7 -2 -8 10 11 -10 -11 -9
right_child=5 2 -4 -5 -6 -7 8 13 9 12 -12 -13 -14 -15
leaf_value=-0.0056445880197153898 -0.0072765599482853705 0.0063878195998669004 -0.0029663652138386199 -0.0010861071677207034 -0.00056836074316672495 0.0013839849230086897 0.0045162068225552531 0.00017310912444839117 -0.0021391338923282118 -0.0020803714337018272 -0.00063182173880941845 0.0023189481810854591 0.00045182046970583165 -0.0037274950928354502
leaf_weight=402.28166292235255 169.75472211651504 230.98497258313 996.64656533673406 594.6267874892801 148.54584401659667 3080.3000362571329 213.80549791641533 739.97122027911246 129.24391175992787 714.55399057082832 838.74321717396379 1344.045328637585 665.30633114464581 174.66680398583412
leaf_count=4202 2003 2735 11721 7262 1655 36316 2639 9387 1466 8120 9393 14715 7778 1984
internal_value=0 -0.00192904 -0.00113129 0.000713355 0.00360308 0.000557177 3.73646e-05 -0.00168574 0.000528478 0.000277752 0.000959586 0.00189151 -0.000834505 -0.000552554
internal_weight=0 2373.09 1970.8 974.158 379.531 8070.39 4990.09 1084.39 3905.7 3691.89 2312.03 1473.29 1379.86 914.638
internal_count=121376 27575 23373 11652 4390 93801 57485 13374 44111 41472 25574 16181 15898 11371
is_linear=0
shrinkage=0.0101079


Tree=2
num_leaves=15
num_cat=0
split_feature=28 2 29 27 30 13 27 5 17 13 12 27 30 7
split_gain=117.902 88.9562 51.8321 54.7033 70.6304 50.1766 49.6258 40.5018 36.1247 34.6039 45.7486 25.3511 24.6109 32.4963
threshold=-0.24825246632099149 0.5212034583091737 -0.60785761475563038 0.054511256515979774 0.81174489855766307 0.054968610405921943 -0.91080963611602772 -4.8725304603576651 18.500000000000004 -0.0031989937415346499 0.012175192125141622 -0.05451125651597976 1.0000000180025095e-35 -7.2652456760406485
decision_type=2 8 2 2 2 10 2 8 2 10 10 2 2 8
left_child=11 5 -3 6 -5 -2 -4 -8 -9 -6 -11 -1 -13 -14
right_child=1 2 3 4 9 -7 7 8 -10 10 -12 12 13 -15
leaf_value=0.0020103852049465185 0.0032634967012220911 0.0045835492025552357 -0.0010293699672252572 -0.0014320796457415405 0 -0.0034909749493319975 0.0013942843278302074 0 -0.0051213651846248806 0.0089321417104291593 0.00052016277649067895 -0.00032743429853035222 0.0046545304023946745 0.00047086290438648747
leaf_weight=2212.2166669405997 679.0863525364548 131.45337521471083 1131.9045133329928 1870.7178782243282 243.33925751410425 122.35351639613509 117.51725287735462 155.80978306382895 1107.3912577591836 144.39806169457734 137.92886829562485 1444.3190334495157 273.05335371755064 675.23367006517947
leaf_count=25652 7938 1565 13220 21612 2946 1428 1435 2002 12472 1645 1686 16708 3177 7912
internal_value=0 -0.000934903 -0.00143739 -0.00161372 -0.000497643 0.00215905 -0.00265736 -0.00394982 -0.00448424 0.00272475 0.00508406 0.00122621 0.000480193 0.00174544
internal_weight=0 5841.9 5040.46 4909.01 2396.38 801.44 2512.62 1380.72 1263.2 525.666 282.327 4604.82 2392.61 948.287
internal_count=121398 67949 58583 57018 27889 9366 29129 15909 14474 6277 3331 53449 27797 11089
is_linear=0
shrinkage=0.0101079


Tree=3
num_leaves=15
num_cat=0
split_feature=28 2 3 22 3 30 3 29 13 14 27 11 3 5
split_gain=105.191 91.2811 87.4041 54.0053 38.7933 34.1994 76.1114 30.0788 33.981 25.1537 53.9296 39.5796 24.748 20.9686
threshold=-0.24825246632099149 0.5212034583091737 0.2283221781253815 -0.85430982708930958 0.2945638000965119 0.81174489855766307 0.34051074087619787 -1.0000000180025095e-35 0.039786061272025115 -7.7620339393615714 0.5464349389076234 0.025098553858697418 0.33452717959880834 0.83623626828193676
decision_type=2 8 10 10 10 2 10 2 10 10 2 10 10 10
left_child=4 2 -2 7 -1 -5 -7 -3 -9 10 -4 -11 -6 -8
right_child=1 3 9 5 12 6 13 8 -10 11 -12 -13 -14 -15
leaf_value=-0.0014493715872538975 -0.0029973963781788123 0.00046670836411187133 0.0012561885328369485 -0.0013153694525987424 0.0043791042953175256 0.0077985290710845907 0.0010160227800774656 -0.0050384428382243586 0 -0.0024566289336839355 0.010235044258561744 0.0050169418229433068 0.0012324262304312505 -0.0027216555141568234
leaf_weight=505.98926940187812 219.8228564504534 151.55283040739596 137.41892629303038 3220.6951376851648 281.68837346695364 132.24909644201398 371.7374417912215 748.9009040016681 159.13654405064881 112.18978468514979 162.55803234688938 161.65461609698832 3812.0063155554235 242.93100713379681
leaf_count=5707 2467 1881 1634 37013 2946 1369 4544 8873 2076 1144 1945 2070 44816 2749
internal_value=0 -0.000908488 0.00224303 -0.00141671 0.00113514 -0.000858205 0.00105278 -0.00344897 -0.00414518 0.00433321 0.00638673 0.00182767 0.00146657 -0.000411377
internal_weight=0 5820.85 793.644 5027.2 4599.68 3967.61 746.918 1059.59 908.037 573.821 299.977 273.844 4093.69 614.668
internal_count=121234 67765 9260 58505 53469 45675 8662 12830 10949 6793 3579 3214 47762 7293
is_linear=0
shrinkage=0.0101079


Tree=4
num_leaves=15
num_cat=0
split_feature=22 2 22 30 27 17 0 2 3 27 15 3 17 17
split_gain=97.0121 44.418 43.2025 40.7731 39.9218 52.2024 36.92 26.8873 51.5805 26.634 29.2158 26.3065 25.3209 24.5875
threshold=-0.88354593515396107 0.51564013957977306 0.60372626781463634 1.0000000180025095e-35 -0.71473535895347584 61.500000000000007 0.66458275914192211 2.172049999237061 0.99995699524879467 -1.0000000180025095e-35 12.460441112518312 0.33452717959880834 17.500000000000004 64.500000000000014
decision_type=10 8 10 2 2 2 10 10 10 2 10 10 2 2
left_child=1 -1 3 6 13 -6 9 8 -8 -2 11 -11 -3 -5
right_child=2 12 -4 4 5 -7 7 -9 -10 10 -12 -13 -14 -15
leaf_value=0.0020094302558214894 -0.0052425735055777051 0.00029345071468215482 0.0016811387844879661 0.00032697502245041579 0.0001227749985993275 0.0032841191863205339 -0.00010973346133356521 -0.0023149813415775655 0.0055829771739929271 0.0028466869433648252 -0.0040955607978736923 -0.001812347263010484 -0.0041990393692013387 -0.0033792938805686152
leaf_weight=154.60820943303406 248.40046691149473 129.4543988481164 1844.9311389885843 422.93749582022429 1214.7540626041591 985.92266188561916 2831.7343822624534 496.34141397289932 164.28776521794498 203.75940704531968 246.4401502776891 289.42170198820531 874.55479451082647 292.13072854280472
leaf_count=1954 2596 1629 21694 5051 14234 11025 32828 5451 1946 2319 3063 3215 10589 3372
internal_value=0 -0.0027928 0.000300245 -4.01211e-05 0.000882995 0.00156388 -0.00065037 -0.000148125 0.000202338 -0.00237024 -0.00130768 4.57309e-05 -0.00358191 -0.00115083
internal_weight=0 1158.62 9241.06 7396.13 2915.74 2200.68 4480.39 3492.36 2996.02 988.022 739.621 493.181 1004.01 715.068
internal_count=120966 14172 106794 85100 33682 25259 51418 40225 34774 11193 8597 5534 12218 8423
is_linear=0
shrinkage=0.0101079


Tree=5
num_leaves=15
num_cat=0
split_feature=23 27 12 23 27 14 30 3 12 2 3 3 30 2
split_gain=83.9155 53.7536 52.2066 33.3765 37.9547 44.9043 31.8211 31.8575 28.6089 28.2947 27.1276 41.2249 33.9588 34.7113
threshold=0.66438758373260509 -0.50938662886619557 0.0039927121251821527 1.0895606875419619 -0.50938662886619557 -17.470367431640621 0.81174489855766307 0.39300578832626348 -0.087117969989776597 0.51564013957977306 0.47355209290981298 0.27443154156208044 0.81174489855766307 0.93309158086776745
decision_type=10 2 8 8 2 10 2 10 10 8 10 10 2 8
left_child=1 -1 6 4 5 -2 9 -8 -6 -3 11 -10 13 -13
right_child=3 2 -4 -5 8 -7 7 -9 10 -11 -12 12 -14 -15
leaf_value=-0.0048776425468890581 -0.0064187721071170163 0.0026022792952727432 -0.0025777577638805903 0.0013191394334454226 0.0040968970935067036 -0.00073151398916738498 0.0075744058053923051 5.7789767619035561e-05 -0.0013479019618968466 -0.0015079640508499758 -0.00091414125852908393 0.0018921854750877309 0.0045908727851149463 -0.0018344056717548001
leaf_weight=427.30960357747972 167.61059674248099 228.02526482008398 998.48265392892063 3085.6261689309031 201.33870080858469 893.8064544852823 111.20391681604087 133.78101162798703 587.38276928476989 597.02743130177259 1309.5124828014523 1007.044497705996 336.21367642469704 324.57896986231208
leaf_count=4654 1997 2837 12053 36295 2453 11120 1218 1590 6465 7411 14893 10497 3915 3720
internal_value=0 -0.00162367 -0.0009165 0.000499238 -1.77046e-05 -0.0017069 0.000603364 0.00375582 0.00045013 -0.000309913 0.000224508 0.000904425 0.00172435 0.000948324
internal_weight=0 2495.83 2068.52 7913.11 4827.49 1061.42 1070.04 244.985 3766.07 825.053 3564.73 2255.22 1667.84 1331.62
internal_count=121118 29763 25109 91355 55060 13117 13056 2808 41943 10248 39490 24597 18132 14217
is_linear=0
shrinkage=0.0101079


Tree=6
num_leaves=15
num_cat=0
split_feature=28 2 3 0 3 13 8 28 14 14 3 20 18 14
split_gain=101.352 73.7937 84.0496 46.5624 35.9559 26.6845 25.7243 24.4514 29.7738 28.3133 30.6644 25.4264 22.974 22.989
threshold=-0.2693240344524383 0.5212034583091737 0.2283221781253815 0.57239398360252391 0.2945638000965119 0.04108205437660218 0.83774375915527355 0.86046862602233898 -12.277834892272947 -10.125074386596678 0.34244467318058019 -1.0718139410018919 85.500000000000014 -15.870106697082518
decision_type=2 8 10 10 10 10 10 2 10 10 10 10 2 10
left_child=4 2 -2 5 -1 6 -3 9 -9 10 -5 -12 13 -6
right_child=1 3 -4 7 12 -7 -8 8 -10 -11 11 -13 -14 -15
leaf_value=-0.0014051637505137111 -0.0031757900984963048 -0.0049954330516563212 0.0039834952549891427 0.00064975888273821755 0.0027154367820498453 0 -0.00045565991363142959 0.0033444198980461144 -0.00070987147559396096 -0.00039706463331542932 -0.0020647344781215419 -0.0056813185487628957 0.0031227892741370958 0.00059717586218718951
leaf_weight=502.08581946603954 223.25624285638332 659.20851784572005 571.14317517355084 263.67925762757659 675.90549636259675 195.81230403110385 184.75632898695767 277.27084230817854 493.86308569088578 1850.8556128665805 873.68726769462228 289.9876282569021 684.11417160928249 2657.1596838850528
leaf_count=5629 2497 7780 6824 2815 7845 2343 2051 3207 5837 22108 9954 3211 7742 31243
internal_value=0 -0.00092144 0.0019099 -0.00137355 0.00108946 -0.00328836 -0.00406216 -0.000866625 0.000714387 -0.00125165 -0.00232356 -0.00303171 0.00141339 0.00104408
internal_weight=0 5883.52 794.399 5089.12 4519.27 1039.78 843.965 4049.34 771.134 3278.21 1427.35 1163.67 4017.18 3333.07
internal_count=121086 68627 9321 59306 52459 12174 9831 47132 9044 38088 15980 13165 46830 39088
is_linear=0
shrinkage=0.0101079


Tree=7
num_leaves=15
num_cat=0
split_feature=0 27 30 13 0 22 2 3 2 3 30 7 14 27
split_gain=91.9405 53.4213 35.6441 65.5513 29.0223 28.8516 41.2732 26.1398 24.9215 29.3 23.7196 39.9668 35.7124 36.7996
threshold=0.65404835343360912 -0.49049438536167139 1.0000000180025095e-35 0.040418209508061416 0.45272143185138708 0.24922984838485721 2.172049999237061 0.99995699524879467 0.54084855318069469 0.23635739833116534 -0.56174489110708226 -7.2652456760406485 -10.537795066833494 0.61734244227409374
decision_type=10 2 2 10 10 10 8 10 8 10 2 10 10 2
left_child=1 -1 8 4 -4 6 7 10 9 -3 -2 -12 13 -13
right_child=5 2 3 -5 -6 -7 -8 -9 -10 -11 11 12 -14 -15
leaf_value=-0.0052365765902722891 -0.00067636525472951012 -0.0034689507718347196 -0.0045366772643999414 0.0061972410088796384 0.0003423404454069849 0.0013416032901910589 -0.0021916183255278211 0.0039303009828199377 -0.0031791326543173324 0.0028116359896709726 0.0027635031173055651 -0.0051014980871319079 0.00074052248474743888 0.0008297295981553721
leaf_weight=384.05814689956605 1732.3039484713227 119.94544764980674 158.93507434986532 159.74937231093645 443.1655317209661 2734.6481128782034 708.40059747360647 200.00315440259874 787.64707725867629 177.41560314036906 773.67028002440929 237.97737195901573 1636.3075855579227 167.83419637940824
leaf_count=4053 19837 1369 1869 1851 5506 31969 8634 2334 9276 2199 8911 2738 18810 1800
internal_value=0 -0.00181623 -0.0010645 0.000566574 -0.000919809 0.00049503 6.20567e-05 0.000409791 -0.0022428 0.000122061 0.000239761 0.000818021 5.36584e-05 -0.00258049
internal_weight=0 2230.92 1846.86 761.85 602.101 8191.15 5456.5 4748.1 1085.01 297.361 4548.09 2815.79 2042.12 405.812
internal_count=121156 26123 22070 9226 7375 95033 63064 54430 12844 3568 52096 32259 23348 4538
is_linear=0
shrinkage=0.0101079


end of trees

feature_importances:
Column_3=18
Column_27=15
Column_2=10
Column_14=9
Column_12=8
Column_30=8
Column_28=7
Column_0=6
Column_13=6
Column_17=4
Column_22=4
Column_29=4
Column_23=3
Column_5=2
Column_7=2
Column_15=2
Column_8=1
Column_11=1
Column_18=1
Column_20=1

parameters:
[boosting: gbdt]
[objective: binary]
[metric: auc]
[tree_learner: serial]
[device_type: cpu]
[data_sample_strategy: bagging]
[data: ]
[valid: ]
[num_iterations: 600]
[learning_rate: 0.0101079]
[num_leaves: 15]
[num_threads: 2]
[seed: 42]
[deterministic: 0]
[force_col_wise: 0]
[force_row_wise: 0]
[histogram_pool_size: -1]
[max_depth: -1]
[min_data_in_leaf: 1280]
[min_sum_hessian_in_leaf: 0.001]
[bagging_fraction: 0.829452]
[pos_bagging_fraction: 1]
[neg_bagging_fraction: 1]
[bagging_freq: 1]
[bagging_seed: 42]
[feature_fraction: 0.727545]
[feature_fraction_bynode: 1]
[feature_fraction_seed: 42]
[extra_trees: 0]
[extra_seed: 12879]
[early_stopping_round: 0]
[early_stopping_min_delta: 0]
[first_metric_only: 0]
[max_delta_step: 0]
[lambda_l1: 4.00664]
[lambda_l2: 7.63247]
[linear_lambda: 0]
[min_gain_to_split: 0]
[drop_rate: 0.1]
[max_drop: 50]
[skip_drop: 0.5]
[xgboost_dart_mode: 0]
[uniform_drop: 0]
[drop_seed: 17869]
[top_rate: 0.2]
[other_rate: 0.1]
[min_data_per_group: 100]
[max_cat_threshold: 32]
[cat_l2: 10]
[cat_smooth: 10]
[max_cat_to_onehot: 4]
[top_k: 20]
[monotone_constraints: ]
[monotone_constraints_method: basic]
[monotone_penalty: 0]
[feature_contri: ]
[forcedsplits_filename: ]
[refit_decay_rate: 0.9]
[cegb_tradeoff: 1]
[cegb_penalty_split: 0]
[cegb_penalty_feature_lazy: ]
[cegb_penalty_feature_coupled: ]
[path_smooth: 0]
[interaction_constraints: ]
[verbosity: -1]
[saved_feature_importance_type: 0]
[use_quantized_grad: 0]
[num_grad_quant_bins: 4]
[quant_train_renew_leaf: 0]
[stochastic_rounding: 1]
[linear_tree: 0]
[max_bin: 255]
[max_bin_by_feature: ]
[min_data_in_bin: 3]
[bin_construct_sample_cnt: 200000]
[data_random_seed: 175]
[is_enable_sparse: 1]
[enable_bundle: 1]
[use_missing: 1]
[zero_as_missing: 0]
[feature_pre_filter: 1]
[pre_partition: 0]
[two_round: 0]
[header: 0]
[label_column: ]
[weight_column: ]
[group_column: ]
[ignore_column: ]
[categorical_feature: ]
[forcedbins_filename: ]
[precise_float_parser: 0]
[parser_config_file: ]
[objective_seed: 16083]
[num_class: 1]
[is_unbalance: 0]
[scale_pos_weight: 1]
[sigmoid: 1]
[boost_from_average: 1]
[reg_sqrt: 0]
[alpha: 0.9]
[fair_c: 1]
[poisson_max_delta_step: 0.7]
[tweedie_variance_power: 1.5]
[lambdarank_truncation_level: 30]
[lambdarank_norm: 1]
[label_gain: ]
[lambdarank_position_bias_regularization: 0]
[eval_at: ]
[multi_error_top_k: 1]
[auc_mu_weights: ]
[num_machines: 1]
[local_listen_port: 12400]
[time_out: 120]
[machine_list_filename: ]
[machines: ]
[gpu_platform_id: -1]
[gpu_device_id: -1]
[gpu_use_dp: 0]
[num_gpu: 1]

end of parameters

pandas_categorical:null
