tree
version=v4
num_class=1
num_tree_per_iteration=1
label_index=0
max_feature_idx=33
objective=binary sigmoid:1
feature_names=Column_0 Column_1 Column_2 Column_3 Column_4 Column_5 Column_6 Column_7 Column_8 Column_9 Column_10 Column_11 Column_12 Column_13 Column_14 Column_15 Column_16 Column_17 Column_18 Column_19 Column_20 Column_21 Column_22 Column_23 Column_24 Column_25 Column_26 Column_27 Column_28 Column_29 Column_30 Column_31 Column_32 Column_33
feature_infos=[0.22403052449226379:4.806818962097168] [0.027025075629353523:26.170040130615234] [0.17513096332550049:8.6723108291625977] [0.087584272027015686:1] [-25.922966003417969:41.262332916259766] [-31.294506072998047:42.326030731201172] [-34.628929138183594:62.500308990478516] [-45.158794403076172:63.120437622070312] [-22.455821990966797:30.680826187133789] [0:0.95389312505722046] [0:0.64536702632904053] [0:0.40022626519203186] [-0.42873650789260864:0.5480339527130127] [-0.15783818066120148:0.22172828018665314] [-46.22015380859375:17.161741256713867] [-8.3726015090942383:64.2962646484375] [0:1] [0:95] [0:95] [-1:1] [-26.658021926879883:44.984848022460938] [-30.712318420410156:55.0223388671875] [-2.5033562183380127:15.253066062927246] [0.17266726493835449:4.0791497230529785] [-1:1] [0:1] [0:1] [-1:1] [-1:1] [-0.78183150291442871:0.97492790222167969] [-0.90096884965896606:1] [0:1] [0:1] none
tree_sizes=1721 1787 1779 1783 1808 1816 1816 1790 1810 1808 1778

Tree=0
num_leaves=15
num_cat=0
split_feature=28 2 3 22 30 3 3 17 21 29 18 14 16 3
split_gain=101.652 89.224 80.9175 55.5323 34.4724 63.8652 32.3625 28.959 22.7804 24.5671 21.5102 19.902 26.0542 49.3198
threshold=-0.29026740789413447 0.5212034583091737 0.2283221781253815 -0.88354593515396107 0.81174489855766307 0.34051074087619787 0.2945638000965119 48.500000000000007 6.5331084728240976 -1.0000000180025095e-35 86.500000000000014 -15.870106697082518 0.56288501620292675 0.78954803943634044
decision_type=2 8 10 10 2 10 10 2 10 2 2 10 10 10
left_child=6 2 -2 8 -5 -6 7 -1 9 -3 11 -8 13 -13
right_child=1 3 -4 4 5 -7 10 -9 -10 -11 -12 12 -14 -15
leaf_value=-1.0231316118895115 -1.0225806790664311 -1.0198270384486354 -1.0156052534246878 -1.0211131516961076 -1.0127080943927396 -1.0200835575938594 -1.0171525413113178 -1.0182885249323683 -1.0198151715078581 -1.0246691271428408 -1.0166503150824782 -1.0211688270169286 -1.0180877318032722 -1.0167172191546352
leaf_weight=288.64891700446606 225.12168270908296 115.11827496625483 583.15789382532239 3423.2460838146508 136.8137120641768 653.54645722545683 667.91017806529999 200.5411751717329 136.0768194142729 723.48106923885643 642.09428023546934 1052.0340190213174 1250.6464060973376 325.10295533575118
leaf_count=3164 2518 1444 6962 39282 1433 7762 7762 2304 1686 8700 7254 12523 14685 3803
internal_value=-1.01983 -1.0207 -1.01761 -1.02119 -1.02067 -1.0188 -1.01868 -1.02107 -1.02337 -1.02399 -1.01837 -1.01872 -1.01914 -1.02008
internal_weight=0 5996.56 808.28 5188.28 4213.61 790.36 4426.98 489.19 974.676 838.599 3937.79 3295.69 2627.78 1377.14
internal_count=121282 69787 9480 60307 48477 9195 51495 5468 11830 10144 46027 38773 31011 16326
is_linear=0
shrinkage=1


Tree=1
num_leaves=15
num_cat=0
split_feature=0 27 12 30 21 22 18 30 27 14 12 23 27 3
split_gain=102.469 62.454 68.8977 46.8532 49.8099 27.0506 22.8817 33.4013 19.7658 43.5042 42.1499 26.0616 22.3061 19.4119
threshold=0.66458275914192211 -0.49049438536167139 0.0020021933596581225 1.0000000180025095e-35 0.48627911508083349 0.35572297871112829 91.500000000000014 -0.56174489110708226 -0.49049438536167139 -17.303204536437985 -0.087117969989776597 1.2043928503990176 0.52803644537925731 0.69670340418815624
decision_type=10 2 8 2 10 10 2 2 2 10 10 10 2 8
left_child=1 -1 3 -3 -5 6 8 -8 9 11 12 -2 -10 -4
right_child=5 2 13 4 -6 -7 7 -9 10 -11 -12 -13 -14 -15
leaf_value=-0.0054135693259529114 -0.006448088604617928 -0.0011662994173747482 -0.0023433854706277472 0.0007060031098479946 0.008140222084151728 0.0013944428861158735 -0.0007218520023715984 0.0036713522772409699 0.0070068098523227628 -0.0001985257752880381 0 -5.7697535779302624e-05 0.0003831206581530501 -0.0070177422431587436
leaf_weight=420.24082461185753 203.97573740035295 520.0648278798908 874.43724371306598 293.96972787007689 137.93526670709252 2418.6650551427156 281.73434943892062 406.91730494052172 133.31963492557406 1388.1612749509513 2997.2318749260157 113.29516638070345 105.53539309836924 111.07396809197962
leaf_count=4409 2332 6476 10201 3481 1455 28428 3056 4750 1672 16692 34171 1246 1292 1378
internal_value=0 -0.00189167 -0.0010887 0.000815372 0.0032725 0.000500762 0.000108295 0.00182767 -0.000125585 -0.00100962 0.0003291 -0.00434574 0.004347 -0.00296088
internal_weight=0 2357.72 1937.48 951.97 431.905 8048.84 5630.17 688.652 4941.52 1705.43 3236.09 317.271 238.855 985.511
internal_count=121039 27400 22991 11412 4936 93639 65211 7806 57405 20270 37135 3578 2964 11579
is_linear=0
shrinkage=0.0101079


Tree=2
num_leaves=15
num_cat=0
split_feature=28 2 3 22 29 12 21 14 3 20 20 2 17 18
split_gain=106.53 79.1214 84.2865 54.2609 31.5665 64.4674 45.9352 29.9717 29.2829 27.1975 26.5623 30.2264 24.1778 23.7789
threshold=-0.24825246632099149 0.5212034583091737 0.2283221781253815 -0.88354593515396107 1.0000000180025095e-35 0.067605476826429381 8.5591216087341326 -9.9001674652099592 0.2945638000965119 2.7902678251266484 -0.97060269117355336 1.6668277978897097 50.500000000000007 84.500000000000014
decision_type=2 8 10 10 2 10 10 10 10 10 10 10 2 2
left_child=8 2 -2 -3 5 7 -7 10 12 -6 11 -5 -1 -9
right_child=1 3 -4 4 9 6 -8 13 -10 -11 -12 -13 -14 -15
leaf_value=-0.0029399895128488568 -0.0031185518764697876 -0.0035716055728854932 0.004035414529592783 0.0034012760591827346 -0.0021972223275825006 -0.0072274455624905566 0 0.00424030622727181 0.0014012134642180014 0.00025253179836579926 -0.002690671396018661 -0.0017678389325140108 0.0014265543314129034 -0.00012783476132414593
leaf_weight=304.06882384605706 223.66790384612978 969.02329061180353 576.61710814014077 279.44127564132214 1882.387393919751 171.05578396469355 163.10358359105885 408.7849628329277 4087.0013809669763 573.61961980909109 256.44037717022002 176.01743292249739 201.56324407830834 157.45379813574255
leaf_count=3370 2494 11716 6874 3386 21736 1889 1788 5117 47787 6496 2707 1847 2317 1894
internal_value=0 -0.000943067 0.00197529 -0.00141702 -0.000888163 0.000188229 -0.00368482 0.00124817 0.00111287 -0.00160961 -8.16915e-05 0.00131995 -0.00112509 0.00296954
internal_weight=0 5837.61 800.285 5037.33 4068.3 1612.3 334.159 1278.14 4592.63 2456.01 711.899 455.459 505.632 566.239
internal_count=121418 67944 9368 58576 46860 18628 3677 14951 53474 28232 7940 5233 5687 7011
is_linear=0
shrinkage=0.0101079


Tree=3
num_leaves=15
num_cat=0
split_feature=22 23 30 2 2 11 7 27 30 9 21 2 29 27
split_gain=88.0099 44.327 49.8262 40.963 35.2611 27.9446 30.7612 42.6437 27.0887 27.325 24.2983 24.1275 22.4411 22.0452
threshold=-0.88354593515396107 1.0895606875419619 0.81174489855766307 1.2698957324028017 0.60270872712135326 0.13641411066055301 -8.3801879882812482 -0.49049438536167139 -0.56174489110708226 0.10619167238473894 6.6517629623413095 1.6668277978897097 -1.0000000180025095e-35 -0.52803644537925709
decision_type=10 8 2 8 8 8 10 2 2 10 10 8 2 2
left_child=4 2 5 -4 -1 6 7 -2 -9 -10 12 -3 -6 -5
right_child=1 11 3 13 10 -7 -8 8 9 -11 -12 -13 -14 -15
leaf_value=0.00052435628058751938 -0.0032787539081697375 0.0019258619915364377 0.0027940636585846506 -0.0045979507801654799 0 -0.0029679771194637636 -0.00086838913734703057 0.00016174152877893288 0.007969080762039376 0.0019456175451453687 0.00010684478106105227 2.8319509571314026e-05 -0.0049544615426590733 0.00040795108847024126
leaf_weight=250.66896716877818 167.24860192649066 1954.6968095004559 860.55854096822441 118.56962639838457 105.9076797105372 493.36717537790537 3508.8323780745268 388.41930527985096 122.35478391870856 274.38356705009937 132.3626398537308 1119.2495693173259 674.06738770566881 268.7376127447933
leaf_count=3145 2066 23197 9804 1394 1349 5511 40239 4424 1376 3025 1631 13057 8118 3097
internal_value=0 0.000256888 -0.000229646 0.00155974 -0.00268322 -0.000690188 -0.000424587 0.00116218 0.0021817 0.00401877 -0.00360557 0.00124987 -0.00428193 -0.00108125
internal_weight=0 9276.42 6202.47 1247.87 1163.01 4954.61 4461.24 952.406 785.158 396.738 912.338 3073.95 779.975 387.307
internal_count=121433 107190 70936 14295 14243 56641 51130 10891 8825 4401 11098 36254 9467 4491
is_linear=0
shrinkage=0.0101079


Tree=4
num_leaves=15
num_cat=0
split_feature=28 27 29 27 3 3 27 21 29 7 29 3 18 7
split_gain=108.249 84.8043 67.577 60.3674 42.0976 38.1474 32.9488 37.5573 29.2593 37.3495 31.8737 29.9568 29.0735 28.6691
threshold=-0.24825246632099149 -0.032717135734856122 -0.60785761475563038 -0.88186877965927113 0.2100220397114754 0.35871484875679022 0.032717135734856136 -5.0005578994750968 1.0000000180025095e-35 1.5856049656867983 -1.0000000180025095e-35 0.26656983792781835 85.500000000000014 3.8480814695358281
decision_type=2 2 2 2 10 10 2 8 2 10 2 10 2 10
left_child=6 2 -2 -4 -3 8 12 -8 10 11 -6 -10 -1 -7
right_child=1 4 3 -5 5 13 7 -9 9 -11 -12 -13 -14 -15
leaf_value=0.0014786922531368754 0.0045899386619650548 -0.0036460637289264962 -0.0010758877464102374 -0.0042941239902817754 0.0013574558590648555 -0.0012855842703016662 0.0031927768086242145 -0.00030523506742129912 -0.0013262562934926903 -0.0021452943905177413 0.007186675901477875 0.0044188456073416035 0.0047257432698788382 0.0013142229329741607
leaf_weight=2009.3002055790275 127.7949332203716 262.01017298363149 1270.5477812103927 1201.8273377213627 241.1214180868119 1205.0609926991165 365.58353167958558 1891.2258422579616 118.95844969153404 274.4941797927022 186.14406518824399 279.60565217956901 344.38172263652086 656.79390019178391
leaf_count=23271 1542 3040 14780 14014 2945 14011 4456 21741 1358 3441 2011 2966 4059 7711
internal_value=0 -0.000924159 -0.00228052 -0.00266501 0.000159959 0.00051875 0.00114732 0.00025238 0.00200947 0.000609862 0.00407171 0.00261172 0.00198468 -0.000345184
internal_weight=0 5824.36 2600.17 2472.38 3224.19 2962.18 4610.49 2256.81 1100.32 673.058 427.265 398.564 2353.68 1861.85
internal_count=121346 67819 30336 28794 37483 34443 53527 26197 12721 7765 4956 4324 27330 21722
is_linear=0
shrinkage=0.0101079


Tree=5
num_leaves=15
num_cat=0
split_feature=0 12 29 7 2 2 1 16 0 7 14 30 12 29
split_gain=102.785 54.9381 76.273 42.2201 36.5778 33.2398 27.9595 26.6485 24.0955 27.9091 45.9072 28.6051 25.389 49.0774
threshold=0.66458275914192211 0.0039927121251821527 1.0000000180025095e-35 -0.86323130130767811 2.1408405303955083 0.54576194286346447 1.0379481911659243 0.16938825696706775 1.1295985579490664 -6.9531221389770499 -24.202158927917477 -0.56174489110708226 -0.0057202393654733888 -1.0000000180025095e-35
decision_type=10 8 2 10 10 8 10 10 10 10 10 2 10 2
left_child=1 2 3 7 8 -4 -6 -1 9 10 -2 -12 13 -11
right_child=4 -3 5 -5 6 -7 -8 -9 -10 12 11 -13 -14 -15
leaf_value=0.0034438476539088419 -0.0033184402283901689 -0.0034974783498432846 0.00087454729458615694 0.0057028459603501221 -0.0026429529851366494 -0.0038055199444488349 0.0004736394260730798 -0.0028467710915433485 0.0016566107315233419 0.0029081235009168292 0.00011824282866452544 0.0036370506448331931 0.00056226122274172046 -0.0020924463651552003
leaf_weight=112.3617547582835 152.42070940323174 1145.3484777547419 196.80261597968638 230.92865842394531 612.5184336155653 528.30789288133383 520.5663123447448 152.72236710041761 2138.5214924607426 231.2760200817138 393.94424504972994 691.69770943373442 2190.5160076208413 1117.4025507867336
leaf_count=1284 1749 13369 2450 2552 6871 6125 5804 1765 25670 2797 4691 8116 24982 13016
internal_value=0 -0.00191042 -0.000376414 0.00261538 0.000482092 -0.00248415 -0.00118202 -1.00953e-05 0.000761594 0.000350476 0.00165358 0.00240697 -9.65283e-05 -0.00119353
internal_weight=0 2366.47 1221.12 496.013 8048.86 725.111 1133.08 265.084 6915.78 4777.26 1238.06 1085.64 3539.19 1348.68
internal_count=121241 27545 14176 5601 93696 8575 12675 3049 81021 55351 14556 12807 40795 15813
is_linear=0
shrinkage=0.0101079


Tree=6
num_leaves=15
num_cat=0
split_feature=0 27 30 13 8 28 2 15 28 14 2 27 21 21
split_gain=106.717 56.7823 45.4992 69.2182 31.0666 30.1647 58.6642 33.3454 31.2902 46.5238 31.4108 29.1267 36.7854 29.6927
threshold=0.66458275914192211 -0.50938662886619557 1.0000000180025095e-35 0.037136077880859382 0.81840810179710399 -0.2693240344524383 0.5212034583091737 11.638514041900637 0.86046862602233898 -12.081963539123533 2.2867155075073247 -0.032717135734856122 -5.0005578994750968 -0.31349642574787134
decision_type=10 2 2 10 10 2 8 10 2 10 10 2 10 10
left_child=1 -1 -3 4 -4 11 7 -7 10 -10 -8 13 -13 -2
right_child=5 2 3 -5 -6 6 8 -9 9 -11 -12 12 -14 -15
leaf_value=-0.0053161973765978553 0.00071636917837116464 -0.0023977879885912095 -0.0021386602494343943 0.006040645755137867 0.0029946838026485285 0.0053771579469174338 -0.00043983579310496865 -0.00063502755587420076 0.0057454749264066393 -0.00041884846294025144 -0.0032488523705485302 0.0031920856081586917 -0.00023707877596562297 0.0031398874201276307
leaf_weight=397.5392088368535 1057.6422593407333 1150.5800602585077 486.6586689222604 183.62062158249319 147.28617925196886 283.50288455374539 2205.9588908441365 120.50803045369685 179.7936056740582 342.17167115584016 507.19664333574474 374.24479778110981 1871.5533394049853 1124.5766197293997
leaf_count=4202 12088 13525 5987 2130 1742 3038 26228 1292 2170 4023 5474 4561 21596 13223
internal_value=0 -0.00184089 -0.0011006 0.000681174 -0.000861455 0.000596838 -7.46618e-05 0.00350694 -0.000541633 0.00168022 -0.000987478 0.00115701 0.000325269 0.00199038
internal_weight=0 2365.68 1968.15 817.565 633.945 8067.15 3639.13 404.011 3235.12 521.965 2713.16 4428.02 2245.8 2182.22
internal_count=121279 27586 23384 9859 7729 93693 42225 4330 37895 6193 31702 51468 26157 25311
is_linear=0
shrinkage=0.0101079


Tree=7
num_leaves=15
num_cat=0
split_feature=28 2 13 29 27 30 27 5 17 5 11 27 20 5
split_gain=97.0138 78.9477 53.5708 45.2686 50.3392 59.7917 46.9305 32.4813 34.857 31.3085 26.1986 25.7369 26.6941 25.8589
threshold=-0.24825246632099149 0.5212034583091737 0.052366353571414954 -0.60785761475563038 0.032717135734856136 0.81174489855766307 -0.87137606739997853 -4.4094033241271964 20.500000000000004 0.3542772382497788 0.01769569888710976 0.010907442308962408 -0.67265829443931568 0.66994196176528942
decision_type=2 8 10 2 2 2 2 8 2 8 10 2 10 8
left_child=11 2 10 -3 6 -6 -5 -8 -9 -7 -2 12 -1 -13
right_child=1 3 -4 4 5 9 7 8 -10 -11 -12 13 -14 -15
leaf_value=0.00059413193927730569 -0.00018211392960251844 0.0041464964860585193 -0.0036115501073950428 -0.0011838514645789954 -0.0013692812543956679 0.0045778807782353159 0.00080696716053227184 0 -0.0052773949771324274 -0.0001924174044704908 0.004282620272533638 0.0012243237022131824 0.0028167491380023443 -0.00092427463471415666
leaf_weight=1114.2224437631667 157.4944395236671 134.68785917200148 132.16575655341148 1265.5595008544624 1892.7965661156923 296.94125171378255 111.26639267243445 138.82509742677212 940.87222920544446 231.12345837987959 510.32910361327231 1259.6670169848949 1218.6060229148716 1021.5830498319119
leaf_count=12569 1747 1589 1549 14773 21962 3570 1359 1797 10627 2728 6048 14693 14437 11794
internal_value=0 -0.000930873 0.00198394 -0.00140649 -0.00157436 -0.000516312 -0.00259579 -0.00404529 -0.00458473 0.00244142 0.00317957 0.00103021 0.00177787 0.000244577
internal_weight=0 5812.06 799.989 5012.07 4877.38 2420.86 2456.52 1190.96 1079.7 528.065 667.824 4614.08 2332.83 2281.25
internal_count=121242 67749 9344 58405 56816 28260 28556 13783 12424 6298 7795 53493 27006 26487
is_linear=0
shrinkage=0.0101079


Tree=8
num_leaves=15
num_cat=0
split_feature=28 2 15 22 29 27 27 7 27 21 21 15 21 20
split_gain=105.63 78.3499 65.9978 59.8684 30.0512 26.822 40.1739 26.0242 22.0148 37.4874 31.0509 28.6693 21.2257 32.5249
threshold=-0.2693240344524383 0.5212034583091737 15.728302001953127 -0.98526245355606068 -0.60785761475563038 -0.076279435306787477 -0.88186877965927113 19.826938629150394 -0.032717135734856122 -5.0005578994750968 -0.56503394246101368 8.3070855140686053 -6.5920574665069571 -3.3011093139648433
decision_type=2 8 10 10 2 2 2 10 2 8 10 10 10 10
left_child=8 2 -2 -3 -5 6 -6 12 10 -10 -1 -11 -7 -14
right_child=1 3 -4 4 5 7 -8 -9 9 11 -12 -13 13 -15
leaf_value=0.00056378886118726491 0.0034097795871165684 -0.0041618818232826852 -0.003840001681686384 0.0038627860961263508 -0.00080691824205331197 0.0014710733701154973 -0.0039239706216040787 0.0033392669944580467 0.0033364541697392986 -0.0017931734754853027 0.0030172858963566293 0.00077375995199156127 0.0038613697292630856 -0.0014656811012918032
leaf_weight=1040.169535310939 659.44491452723742 671.67839425243437 147.34991681389511 120.14717704430223 1223.8622303660959 381.31418647244573 680.76635008119047 172.54473406635225 377.78277624584734 671.52275573275983 1180.523893777281 1268.223846109584 114.70335370488465 1726.2363512031734
leaf_count=11872 7670 8283 1742 1394 14281 4551 7712 1865 4595 8005 13787 14320 1450 19837
internal_value=0 -0.00088114 0.0020124 -0.00134994 -0.000907 -0.0010563 -0.00195343 -0.000322003 0.00116854 0.000453854 0.00189211 -9.76379e-05 -0.000634897 -0.00109729
internal_weight=0 5898.05 806.795 5091.25 4419.57 4299.43 1904.63 2394.8 4538.22 2317.53 2220.69 1939.75 2222.25 1840.94
internal_count=121364 68785 9412 59373 51090 49696 21993 27703 52579 26920 25659 22325 25838 21287
is_linear=0
shrinkage=0.0101079


Tree=9
num_leaves=15
num_cat=0
split_feature=28 27 30 29 0 13 12 15 16 29 12 29 20 27
split_gain=93.4726 66.4359 68.3349 68.1194 52.9258 45.6757 57.5106 27.2539 28.3953 36.2693 31.9246 28.8085 23.3773 22.3498
threshold=-0.3317298144102096 0.098011311143636717 0.81174489855766307 -0.60785761475563038 0.59672671556472789 0.002707755309529603 0.029101676307618621 12.254587650299074 0.60955995321273815 0.6078576147556306 -0.025631488300859925 0.87837970256805431 3.5069689750671391 0.032717135734856136
decision_type=2 2 2 2 10 10 10 10 10 2 10 2 10 2
left_child=13 3 7 -2 -5 -4 -7 8 9 -3 -11 -12 -9 -1
right_child=1 2 5 4 -6 6 -8 12 -10 10 11 -13 -14 -15
leaf_value=0.0018476048917739202 0.004830978246923758 -0.0019301759707542228 0.00045827178941852654 -0.004435647015605274 -0.0013279559041868151 0.0096830536515035703 8.5556816330055872e-05 -0.0028972695013902827 0.0034300271917599343 -0.001297948346063582 6.4635273456617031e-05 0.0052955922000595028 0.00090949965011618802 0.00035993012151139508
leaf_weight=2211.6746827233583 135.86261976137757 716.10795545019209 321.25180732272565 810.2406608927995 2017.1316538657993 172.77512821741402 112.29642420262098 659.24556125514209 234.57977302372456 287.04777207039297 221.47796940430999 236.41098734922707 195.6058409307152 2086.8941164445132
leaf_count=25553 1629 8133 3851 9163 23897 1976 1313 7818 2570 3330 2811 2704 2149 24314
internal_value=0 -0.000806547 0.000202445 -0.00189284 -0.00224236 0.00323944 0.00614155 -0.000511218 0.000210498 -0.000293982 0.0012287 0.00289495 -0.00197891 0.00113668
internal_weight=0 6120.03 3156.8 2963.23 2827.37 606.323 285.072 2550.48 1695.62 1461.04 744.937 457.889 854.851 4298.57
internal_count=121211 71344 36655 34689 33060 7140 3289 29515 19548 16978 8845 5515 9967 49867
is_linear=0
shrinkage=0.0101079


Tree=10
num_leaves=15
num_cat=0
split_feature=28 2 3 22 29 12 15 2 3 17 17 27 2 12
split_gain=95.8885 79.9884 79.4045 57.0879 31.4008 62.1018 33.8102 26.9643 26.6318 23.4007 21.9887 38.9334 25.777 21.2265
threshold=-0.20576497167348859 0.5212034583091737 0.2283221781253815 -0.98526245355606068 1.0000000180025095e-35 0.067605476826429381 19.058433532714847 1.6668277978897097 0.2945638000965119 48.500000000000007 65.500000000000014 -0.09801131114363669 0.77161371707916271 -0.026325535960495468
decision_type=2 8 8 10 2 10 10 8 10 2 2 2 8 10
left_child=8 2 -2 -3 5 7 -7 13 9 -1 -6 -12 -13 -5
right_child=1 3 -4 4 10 6 -8 -9 -10 -11 11 12 -14 -15
leaf_value=-0.002839686236474518 -0.0029128863491083706 -0.0040692530830883384 0.0041138549252303343 0.00371217185349473 -0.00073052173874191837 -0.0063539113564212409 0 -0.0017462688767225375 0.0013755064566018231 0.0013584118867981932 -0.0045883562735115173 -0.0030497669000189849 0.0013057387606176438 0.00069854168005553218
leaf_weight=301.15382596477866 216.57992131821811 669.42523039318621 569.899932121858 408.91802194342017 1467.8558320067823 189.42616045475006 142.79963570088148 239.54509812965989 4240.167552350089 221.13343739509583 542.26820293441415 245.27915230020881 287.20774753764272 672.82709789276123
leaf_count=3356 2432 8287 6747 4871 17043 2151 1561 2803 49302 2555 5968 2792 3571 7823
internal_value=0 -0.00083884 0.00211844 -0.00132774 -0.000874149 0.000188208 -0.00363934 0.00119646 0.00110622 -0.000991847 -0.0015794 -0.00268802 -0.0006403 0.00189295
internal_weight=0 5652.03 786.48 4865.55 4196.13 1653.52 332.226 1321.29 4762.45 522.287 2542.61 1074.76 532.487 1081.75
internal_count=121262 66049 9179 56870 48583 19209 3712 15497 55213 5911 29374 12331 6363 12694
is_linear=0
shrinkage=0.0101079


end of trees

feature_importances:
Column_27=19
Column_2=15
Column_29=14
Column_3=12
Column_21=10
Column_12=9
Column_28=9
Column_30=9
Column_7=6
Column_22=6
Column_0=5
Column_14=5
Column_15=5
Column_17=5
Column_20=5
Column_18=4
Column_5=3
Column_13=3
Column_16=3
Column_11=2
Column_23=2
Column_1=1
Column_8=1
Column_9=1

parameters:
[boosting: gbdt]
[objective: binary]
[metric: auc]
[tree_learner: serial]
[device_type: cpu]
[data_sample_strategy: bagging]
[data: ]
[valid: ]
[num_iterations: 600]
[learning_rate: 0.0101079]
[num_leaves: 15]
[num_threads: 2]
[seed: 1337]
[deterministic: 0]
[force_col_wise: 0]
[force_row_wise: 0]
[histogram_pool_size: -1]
[max_depth: -1]
[min_data_in_leaf: 1280]
[min_sum_hessian_in_leaf: 0.001]
[bagging_fraction: 0.829452]
[pos_bagging_fraction: 1]
[neg_bagging_fraction: 1]
[bagging_freq: 1]
[bagging_seed: 1337]
[feature_fraction: 0.727545]
[feature_fraction_bynode: 1]
[feature_fraction_seed: 1337]
[extra_trees: 0]
[extra_seed: 18955]
[early_stopping_round: 0]
[early_stopping_min_delta: 0]
[first_metric_only: 0]
[max_delta_step: 0]
[lambda_l1: 4.00664]
[lambda_l2: 7.63247]
[linear_lambda: 0]
[min_gain_to_split: 0]
[drop_rate: 0.1]
[max_drop: 50]
[skip_drop: 0.5]
[xgboost_dart_mode: 0]
[uniform_drop: 0]
[drop_seed: 17763]
[top_rate: 0.2]
[other_rate: 0.1]
[min_data_per_group: 100]
[max_cat_threshold: 32]
[cat_l2: 10]
[cat_smooth: 10]
[max_cat_to_onehot: 4]
[top_k: 20]
[monotone_constraints: ]
[monotone_constraints_method: basic]
[monotone_penalty: 0]
[feature_contri: ]
[forcedsplits_filename: ]
[refit_decay_rate: 0.9]
[cegb_tradeoff: 1]
[cegb_penalty_split: 0]
[cegb_penalty_feature_lazy: ]
[cegb_penalty_feature_coupled: ]
[path_smooth: 0]
[interaction_constraints: ]
[verbosity: -1]
[saved_feature_importance_type: 0]
[use_quantized_grad: 0]
[num_grad_quant_bins: 4]
[quant_train_renew_leaf: 0]
[stochastic_rounding: 1]
[linear_tree: 0]
[max_bin: 255]
[max_bin_by_feature: ]
[min_data_in_bin: 3]
[bin_construct_sample_cnt: 200000]
[data_random_seed: 4404]
[is_enable_sparse: 1]
[enable_bundle: 1]
[use_missing: 1]
[zero_as_missing: 0]
[feature_pre_filter: 1]
[pre_partition: 0]
[two_round: 0]
[header: 0]
[label_column: ]
[weight_column: ]
[group_column: ]
[ignore_column: ]
[categorical_feature: ]
[forcedbins_filename: ]
[precise_float_parser: 0]
[parser_config_file: ]
[objective_seed: 4113]
[num_class: 1]
[is_unbalance: 0]
[scale_pos_weight: 1]
[sigmoid: 1]
[boost_from_average: 1]
[reg_sqrt: 0]
[alpha: 0.9]
[fair_c: 1]
[poisson_max_delta_step: 0.7]
[tweedie_variance_power: 1.5]
[lambdarank_truncation_level: 30]
[lambdarank_norm: 1]
[label_gain: ]
[lambdarank_position_bias_regularization: 0]
[eval_at: ]
[multi_error_top_k: 1]
[auc_mu_weights: ]
[num_machines: 1]
[local_listen_port: 12400]
[time_out: 120]
[machine_list_filename: ]
[machines: ]
[gpu_platform_id: -1]
[gpu_device_id: -1]
[gpu_use_dp: 0]
[num_gpu: 1]

end of parameters

pandas_categorical:null
