tree
version=v4
num_class=1
num_tree_per_iteration=1
label_index=0
max_feature_idx=33
objective=binary sigmoid:1
feature_names=Column_0 Column_1 Column_2 Column_3 Column_4 Column_5 Column_6 Column_7 Column_8 Column_9 Column_10 Column_11 Column_12 Column_13 Column_14 Column_15 Column_16 Column_17 Column_18 Column_19 Column_20 Column_21 Column_22 Column_23 Column_24 Column_25 Column_26 Column_27 Column_28 Column_29 Column_30 Column_31 Column_32 Column_33
feature_infos=[0.22403052449226379:4.806818962097168] [0.027025075629353523:26.170040130615234] [0.17134076356887817:8.6935958862304688] [0.087584272027015686:1] [-28.67047119140625:41.262332916259766] [-36.190670013427734:42.326030731201172] [-36.841156005859375:62.500308990478516] [-45.158794403076172:63.120437622070312] [-22.455821990966797:30.680826187133789] [0:0.95389312505722046] [0:0.64536702632904053] [0:0.40022626519203186] [-0.51016271114349365:0.5480339527130127] [-0.15599349141120911:0.22172828018665314] [-46.22015380859375:17.161741256713867] [-8.3726015090942383:64.2962646484375] [0:1] [0:95] [0:95] [-1:1] [-29.775985717773438:44.984848022460938] [-30.525325775146484:55.0223388671875] [-2.8409864902496338:15.253066062927246] [0.049656935036182404:5.4310722351074219] [-1:1] [0:1] [0:1] [-1:1] [-1:1] [-0.78183150291442871:0.97492790222167969] [-0.90096884965896606:1] [0:1] [0:1] [0.8888888955116272:4.5999999046325684]
tree_sizes=8590

Tree=0
num_leaves=79
num_cat=0
split_feature=29 16 22 7 13 11 16 13 15 22 5 29 5 15 13 11 29 6 18 29 29 13 11 16 33 15 16 13 20 16 11 33 6 7 5 22 8 5 15 16 4 17 6 33 18 20 13 15 33 13 20 22 29 15 6 8 6 13 22 13 29 15 33 6 29 17 15 7 22 13 15 18 18 29 8 6 11 13
split_gain=57.8931 31.4885 66.1822 30.0884 29.9259 41.0874 28.7176 29.2779 25.4165 25.1767 24.6748 19.8613 17.5508 27.8249 43.0895 31.949 34.4772 27.22 26.7165 17.9227 20.6765 16.866 16.6622 15.7085 22.7196 22.9349 20.0152 15.3415 13.9627 18.908 14.3912 19.3607 23.992 13.388 15.0356 13.3539 13.297 12.9686 15.869 12.8975 15.8247 12.8094 13.4084 12.6261 12.5183 12.4698 18.2821 15.5522 12.4157 12.099 11.9956 11.42 11.0497 10.8953 19.2776 10.7564 14.4637 10.6309 10.6118 10.1425 10.0353 17.0805 22.5496 19.18 17.3301 15.4874 12.8561 9.54332 10.3375 9.45313 10.6539 28.6865 20.8807 12.6301 9.43009 11.8848 9.36605 9.26457
threshold=-0.60785761475563038 0.44925315678119665 -0.28429406881332392 1.0000000180025095e-35 -0.088710099458694444 0.037644978612661369 0.58108642697334301 -0.0063577606342732898 2.3525396585464482 -0.96162989735603321 3.2065892219543461 0.6078576147556306 -0.3831371515989303 21.274614334106449 0.059739414602518089 0.10952460020780565 1.0000000180025095e-35 17.163022994995121 79.500000000000014 -1.0000000180025095e-35 1.0000000180025095e-35 0.074379235506057753 0.097987867891788497 0.6749834716320039 2.3037500381469731 8.5284700393676776 0.814770668745041 -0.055474780499935143 -0.86842668056488026 0.77583256363868724 0.025052048265933994 0.9590476155281068 0.42031104862689977 23.180384635925297 10.616396903991701 -0.43471544981002802 0.45572873950004583 4.1474583148956308 29.349197387695316 0.48419936001300817 1.2866911888122561 20.500000000000004 0.06196130998432637 0.9590476155281068 54.500000000000007 0.70761662721633922 0.021025183610618118 13.30747175216675 1.0013927817344668 0.015518832486122848 0.67660081386566173 -1.2009720802307127 0.6078576147556306 5.2424566745758066 -3.2885087728500362 0.50914227962493908 0.89257290959358226 -0.036954514682292931 0.65340489149093639 0.066550973802804961 0.6078576147556306 11.893929004669191 0.99393379688262951 5.4991588592529306 0.87837970256805431 9.5000000000000018 12.172935962677004 0.7458748221397401 -0.74350374937057484 0.00042596983257681137 14.76141405105591 50.500000000000007 39.500000000000007 0.87837970256805431 -2.1504198312759395 -7.3413653373718253 0.035776149481534965 -0.019550737924873825
decision_type=2 2 2 2 2 2 2 2 2 2 2 2 2 2 2 2 2 2 2 2 2 2 2 2 8 2 2 2 2 2 2 10 2 2 2 2 2 2 2 2 2 2 2 10 2 2 2 2 8 2 2 2 2 2 2 2 2 2 2 2 2 2 10 2 2 2 2 2 2 2 2 2 2 2 2 2 2 2
left_child=-1 2 4 6 11 51 7 39 -7 57 77 44 28 14 18 -16 -17 33 23 43 36 -19 60 24 25 -14 45 -4 30 49 35 59 -33 34 -15 -5 -21 38 -35 50 76 -8 -43 -20 -2 52 -47 -48 -31 -30 -3 -6 -25 54 67 56 -55 -10 74 -32 66 62 -62 -63 65 -65 -22 68 -53 -28 72 -72 -71 -73 -29 -76 -41 -11
right_child=1 3 27 12 5 8 41 -9 9 10 -12 -13 13 17 15 16 -18 21 19 20 22 -23 -24 26 -26 -27 69 58 29 48 31 32 -34 37 -36 -37 -38 -39 -40 40 -42 42 -44 -45 -46 46 47 -49 -50 -51 -52 53 -54 55 -56 -57 -58 -59 -60 -61 61 63 -64 64 -66 -67 -68 -69 -70 70 71 73 -74 -75 75 -77 -78 -79
leaf_value=-0.91432475154710124 -0.89503224469348375 -0.90815421488878967 -0.89581348666978866 -0.85410248471833317 -0.90437292654086998 -0.88337134867071754 -0.90797903660767043 -0.90059106879010686 -0.83983989279711546 -0.86413951710944048 -0.8934605173175425 -0.91695712062991075 -0.88158733759742114 -0.90277203688577579 -0.88919920270697217 -0.87999698090125233 -0.83550241300071759 -0.88699027223242988 -0.89034768950424137 -0.91404158074248087 -0.86466902534897483 -0.85638345902753654 -0.90428104073207149 -0.91043068371292857 -0.88459019272321016 -0.85288847339577389 -0.89568388904818186 -0.89337420032823311 -0.88832265997487436 -0.87745291809227477 -0.88539565111714391 -0.90137827580434449 -0.87538987449837036 -0.86105609660372251 -0.88028064520027494 -0.88450035282302286 -0.88604201706672814 -0.89823314894936157 -0.89411297438892368 -0.8553590195023576 -0.88741311601169615 -0.90848330052365633 -0.88791701372960252 -0.8674390401372587 -0.86555830631021458 -0.89333983089611302 -0.85450973164648947 -0.884409402700156 -0.89692827393739749 -0.90588885370830563 -0.88087115949882988 -0.85453747576671168 -0.88604201706672814 -0.85746709908236562 -0.89717379280277898 -0.88635922369637854 -0.88726779971921244 -0.87031125831009015 -0.89082231041188842 -0.86639072452850074 -0.88055120117835095 -0.86761621245790344 -0.91855734215972895 -0.88604201706672814 -0.87762633272169699 -0.92255668830962356 -0.88700020435532556 -0.89511950657745365 -0.88038270005759867 -0.88787504774926318 -0.86691019107210365 -0.89622400488012488 -0.86024059832380506 -0.87356991114225147 -0.88977827798305442 -0.87853478942105756 -0.87848524594270694 -0.87901057016727369
leaf_weight=141.62602902948856 73.880557779222727 48.884409978985786 400.87451218813658 47.051339969038963 45.879557348787785 219.29196264594793 283.36543198302388 206.92178528569639 100.31802646256983 552.16061377152801 74.504040004685521 50.607332052662969 101.27896532416344 416.47324362769723 65.296923641115427 62.833030894398689 94.710352912545204 81.623559288680553 79.547756625339389 122.11578988097608 86.729539191350341 59.775527665391564 114.50780603475869 88.683382535353303 207.74531912617385 149.42467106878757 52.696617215871811 159.03224938362837 122.0789124649018 159.29689763486385 222.73067560791969 307.23919074237347 90.609705589711666 63.751478049904108 66.31805744767189 81.793357037007809 48.091595722362399 89.224518712610006 48.089615020900965 88.020367028191686 105.00341870263219 92.29148524813354 226.99365660734475 112.4417662024498 43.57413237169385 232.42523483745754 53.473430057987571 107.32528870739043 111.07881117612123 293.37094412371516 81.941922035068274 46.8960568793118 62.972829263657331 100.22766873240471 182.16165338642895 86.723498333245516 44.7225500959903 45.458967342972755 602.44555945321918 77.475168017670512 49.170805145055056 96.811817489564419 75.776889741420746 47.183712676167488 82.252333814278245 47.498536709696054 118.78353426232934 40.803774314001203 109.87831325829029 78.498572248965502 171.76766641438007 198.85245253518224 168.81606507115066 62.567978566512465 259.01243730820715 700.25284794345498 76.678886270150542 120.75487999990582
leaf_count=1747 857 590 5488 532 756 3273 3379 2454 1124 6725 903 734 714 4906 823 584 868 1358 1504 1313 1033 877 1067 890 3970 1047 709 2070 1550 1108 4084 2134 601 785 818 982 556 1203 753 1131 1216 1170 2441 769 583 2693 495 1297 2193 3256 1022 636 674 1282 2448 1156 671 628 7669 1620 916 1016 536 619 880 642 1239 541 1405 728 1814 2072 1617 595 3284 9258 851 1437
internal_value=-0.886042 -0.885473 -0.882323 -0.887409 -0.876254 -0.874501 -0.893874 -0.886796 -0.869183 -0.865782 -0.869438 -0.894265 -0.885958 -0.884325 -0.882305 -0.863221 -0.852345 -0.891687 -0.883863 -0.889439 -0.892193 -0.873917 -0.888692 -0.880365 -0.873148 -0.864033 -0.883024 -0.887851 -0.890094 -0.89487 -0.88605 -0.888705 -0.89529 -0.895482 -0.89956 -0.872392 -0.906289 -0.885853 -0.875474 -0.879714 -0.874037 -0.900875 -0.894221 -0.877072 -0.884178 -0.889548 -0.88536 -0.873636 -0.885675 -0.900916 -0.891065 -0.883622 -0.900452 -0.881875 -0.886513 -0.874189 -0.866771 -0.848329 -0.886006 -0.880133 -0.885715 -0.889832 -0.903522 -0.883594 -0.892285 -0.905335 -0.877576 -0.8769 -0.871745 -0.878117 -0.876636 -0.881172 -0.869093 -0.89051 -0.883359 -0.881624 -0.865393 -0.866678
internal_weight=0 10647.8 4059.46 6588.36 1937.84 1769.78 1210.1 607.451 1112.49 893.197 747.42 168.062 5378.26 3865.54 3040.28 222.84 157.543 825.256 2817.44 1080.91 888.922 141.399 718.715 1736.53 458.449 250.704 1278.08 2121.62 1512.73 685.826 826.899 698.055 397.849 683.857 482.791 128.845 170.207 201.066 111.841 400.529 269.703 602.651 319.285 191.99 117.455 544.88 393.224 160.799 270.376 415.45 130.826 657.293 151.656 611.414 379.74 231.674 144.95 145.777 1720.74 300.206 604.207 398.694 124.948 273.746 176.935 94.6822 205.513 197.578 156.774 733.199 680.503 433.188 247.315 261.42 1118.3 959.265 164.699 672.915
internal_count=131369 129622 52928 76694 25159 22985 14254 7264 14090 10817 9065 2174 62440 44380 33680 2275 1452 10700 31405 12090 9817 2235 7948 19315 5731 1761 13584 27769 18060 8107 9953 8439 2735 8465 5724 1514 1869 2741 1538 4810 3198 6990 3611 2273 1440 6049 4485 1792 3301 4806 1612 8895 1564 8139 5030 3109 1953 1752 22281 5704 6881 4609 1452 3157 2141 1261 2272 2582 2041 7535 6826 4481 2345 2667 14612 12542 1982 8162
is_linear=0
shrinkage=1


end of trees

feature_importances:
Column_13=11
Column_15=9
Column_29=9
Column_6=7
Column_16=6
Column_22=6
Column_11=5
Column_33=5
Column_5=4
Column_18=4
Column_7=3
Column_8=3
Column_20=3
Column_17=2
Column_4=1

parameters:
[boosting: gbdt]
[objective: binary]
[metric: auc]
[tree_learner: serial]
[device_type: cpu]
[data_sample_strategy: bagging]
[data: ]
[valid: ]
[num_iterations: 600]
[learning_rate: 0.0454652]
[num_leaves: 79]
[num_threads: 2]
[seed: 1337]
[deterministic: 0]
[force_col_wise: 0]
[force_row_wise: 0]
[histogram_pool_size: -1]
[max_depth: -1]
[min_data_in_leaf: 525]
[min_sum_hessian_in_leaf: 0.001]
[bagging_fraction: 0.774687]
[pos_bagging_fraction: 1]
[neg_bagging_fraction: 1]
[bagging_freq: 1]
[bagging_seed: 1337]
[feature_fraction: 0.515409]
[feature_fraction_bynode: 1]
[feature_fraction_seed: 1337]
[extra_trees: 0]
[extra_seed: 18955]
[early_stopping_round: 0]
[early_stopping_min_delta: 0]
[first_metric_only: 0]
[max_delta_step: 0]
[lambda_l1: 1.07292]
[lambda_l2: 4.08529]
[linear_lambda: 0]
[min_gain_to_split: 0]
[drop_rate: 0.1]
[max_drop: 50]
[skip_drop: 0.5]
[xgboost_dart_mode: 0]
[uniform_drop: 0]
[drop_seed: 17763]
[top_rate: 0.2]
[other_rate: 0.1]
[min_data_per_group: 100]
[max_cat_threshold: 32]
[cat_l2: 10]
[cat_smooth: 10]
[max_cat_to_onehot: 4]
[top_k: 20]
[monotone_constraints: ]
[monotone_constraints_method: basic]
[monotone_penalty: 0]
[feature_contri: ]
[forcedsplits_filename: ]
[refit_decay_rate: 0.9]
[cegb_tradeoff: 1]
[cegb_penalty_split: 0]
[cegb_penalty_feature_lazy: ]
[cegb_penalty_feature_coupled: ]
[path_smooth: 0]
[interaction_constraints: ]
[verbosity: -1]
[saved_feature_importance_type: 0]
[use_quantized_grad: 0]
[num_grad_quant_bins: 4]
[quant_train_renew_leaf: 0]
[stochastic_rounding: 1]
[linear_tree: 0]
[max_bin: 255]
[max_bin_by_feature: ]
[min_data_in_bin: 3]
[bin_construct_sample_cnt: 200000]
[data_random_seed: 4404]
[is_enable_sparse: 1]
[enable_bundle: 1]
[use_missing: 1]
[zero_as_missing: 0]
[feature_pre_filter: 1]
[pre_partition: 0]
[two_round: 0]
[header: 0]
[label_column: ]
[weight_column: ]
[group_column: ]
[ignore_column: ]
[categorical_feature: ]
[forcedbins_filename: ]
[precise_float_parser: 0]
[parser_config_file: ]
[objective_seed: 4113]
[num_class: 1]
[is_unbalance: 0]
[scale_pos_weight: 1]
[sigmoid: 1]
[boost_from_average: 1]
[reg_sqrt: 0]
[alpha: 0.9]
[fair_c: 1]
[poisson_max_delta_step: 0.7]
[tweedie_variance_power: 1.5]
[lambdarank_truncation_level: 30]
[lambdarank_norm: 1]
[label_gain: ]
[lambdarank_position_bias_regularization: 0]
[eval_at: ]
[multi_error_top_k: 1]
[auc_mu_weights: ]
[num_machines: 1]
[local_listen_port: 12400]
[time_out: 120]
[machine_list_filename: ]
[machines: ]
[gpu_platform_id: -1]
[gpu_device_id: -1]
[gpu_use_dp: 0]
[num_gpu: 1]

end of parameters

pandas_categorical:null
