tree
version=v4
num_class=1
num_tree_per_iteration=1
label_index=0
max_feature_idx=33
objective=binary sigmoid:1
feature_names=Column_0 Column_1 Column_2 Column_3 Column_4 Column_5 Column_6 Column_7 Column_8 Column_9 Column_10 Column_11 Column_12 Column_13 Column_14 Column_15 Column_16 Column_17 Column_18 Column_19 Column_20 Column_21 Column_22 Column_23 Column_24 Column_25 Column_26 Column_27 Column_28 Column_29 Column_30 Column_31 Column_32 Column_33
feature_infos=[0.22403052449226379:4.806818962097168] [0.027025075629353523:26.170040130615234] [0.17134076356887817:8.6935958862304688] [0.087584272027015686:1] [-28.67047119140625:41.262332916259766] [-36.190670013427734:42.326030731201172] [-36.841156005859375:62.500308990478516] [-45.158794403076172:63.120437622070312] [-22.455821990966797:30.680826187133789] [0:0.95389312505722046] [0:0.64536702632904053] [0:0.40022626519203186] [-0.51016271114349365:0.5480339527130127] [-0.15599349141120911:0.22172828018665314] [-46.22015380859375:17.161741256713867] [-8.3726015090942383:64.2962646484375] [0:1] [0:95] [0:95] [-1:1] [-29.775985717773438:44.984848022460938] [-30.525325775146484:55.0223388671875] [-2.8409864902496338:15.253066062927246] [0.049656935036182404:5.4310722351074219] [-1:1] [0:1] [0:1] [-1:1] [-1:1] [-0.78183150291442871:0.97492790222167969] [-0.90096884965896606:1] [0:1] [0:1] [0.8888888955116272:4.5999999046325684]
tree_sizes=1725 1815 1778 1805 1807

Tree=0
num_leaves=15
num_cat=0
split_feature=28 3 30 21 14 14 28 15 29 2 29 33 11 21
split_gain=81.6368 53.6999 33.6471 34.4052 38.9603 38.4071 38.8627 40.4367 26.406 26.003 24.9522 24.7354 28.1654 28.3242
threshold=-0.22706275433301923 0.51129209995269786 1.0000000180025095e-35 -9.1643285751342756 -9.0727276802062971 -2.6550478935241695 0.8491516411304475 8.667966842651369 1.0000000180025095e-35 0.82842484116554271 0.87837970256805431 1.0545857548713686 0.029806329868733886 -7.814868450164794
decision_type=2 2 2 2 2 2 2 2 2 2 2 8 2 2
left_child=11 2 3 -2 10 6 7 -6 -3 -10 -5 12 -1 -14
right_child=1 8 -4 4 5 -7 -8 -9 9 -11 -12 -13 13 -15
leaf_value=-1.0982649413375198 -1.0956846828195239 -1.1008255970951997 -1.0987636119475888 -1.1054333752752326 -1.1027075878603925 -1.1034556057817766 -1.1024753873022439 -1.0958412541770366 -1.1003613053607821 -1.1033536965620294 -1.1004184019675471 -1.098497083342526 -1.0974195086807315 -1.101042211571214
leaf_weight=700.64489825069904 102.69700884632766 1184.9752666838467 1099.539603330195 318.71628400683403 100.05989519134164 272.64191518910229 210.29369946010411 372.96257558465004 372.70922328345478 1577.7093340754509 171.4197270385921 1937.709624402225 241.29494081437588 1818.8265382945538
leaf_count=5412 1505 15684 14504 4886 1263 2992 2814 4994 4866 21575 2578 42083 1874 13675
internal_value=-1.10036 -1.10117 -1.10012 -1.10106 -1.10149 -1.10034 -1.09902 -1.09739 -1.10206 -1.10279 -1.10379 -1.09938 -1.10001 -1.10059
internal_weight=0 5783.72 2648.33 1548.79 1446.09 955.958 683.316 473.022 3135.39 1950.42 490.136 4698.48 2760.77 2060.12
internal_count=140705 77661 35536 21032 19527 12063 9071 6257 42125 26441 7464 63044 20961 15549
is_linear=0
shrinkage=1


Tree=1
num_leaves=15
num_cat=0
split_feature=28 27 29 30 16 16 16 33 33 33 11 0 29 27
split_gain=72.8662 97.7128 89.8889 62.0216 29.3895 56.0589 49.931 46.2297 28.0725 24.3607 24.9661 25.4105 24.2974 41.506
threshold=-0.20576497167348859 -0.16288578510284421 -1.0000000180025095e-35 1.0000000180025095e-35 0.15164598077535632 0.54855340719223034 0.85134470462799083 0.99611112475395214 0.9590476155281068 1.0545857548713686 0.033476747572422035 0.85281080007553112 0.87837970256805431 -0.88186877965927113
decision_type=2 2 2 2 2 2 2 10 10 8 2 2 2 2
left_child=9 2 -2 4 -3 8 7 -7 -6 10 -1 -12 -4 -14
right_child=1 3 12 -5 5 6 -8 -9 -10 -11 11 -13 13 -15
leaf_value=0.0017586341342630434 0.0015268647541483524 0.0029746937953226242 -0.0040936416306044596 0.0018908868778219679 -0.0011291824261347781 -0.0011121047114857566 -0.0026472243304316275 0.0039798128562268751 -0.0054746789975825324 0.0017378721798938085 -0.0029438945515177658 0.00013662942681219199 0.001567484697966433 -0.0043376943618582851
leaf_weight=800.67428715527058 454.31087959744036 170.95034315809608 1389.6308106128126 1407.1118393670768 312.71726534515619 305.59722346439958 413.11176140233874 402.48128142952919 363.42871364951134 1967.1305193696171 314.53156065195799 1687.8228417783976 236.47022751346231 224.54639001190662
leaf_count=6168 6140 2908 18578 18806 6790 6238 4868 3042 2814 42719 2486 12635 3242 3048
internal_value=0 -0.000818542 -0.00242091 0.000266686 -0.000876765 -0.00127656 7.88701e-05 0.0017372 -0.00355915 0.000874281 0.000250741 -0.000336455 -0.00341412 -0.00124612
internal_weight=0 5680.36 2304.96 3375.4 1968.29 1797.34 1121.19 708.079 676.146 4770.16 2803.03 2002.35 1850.65 461.017
internal_count=140482 76474 31008 45466 26660 23752 14148 9280 9604 64008 21289 15121 24868 6290
is_linear=0
shrinkage=0.0101079


Tree=2
num_leaves=15
num_cat=0
split_feature=28 27 2 16 13 15 33 2 0 2 14 11 0 23
split_gain=72.1688 84.9595 34.1347 49.2873 27.3423 24.7815 24.4449 22.3358 21.5134 21.2611 20.2449 20.1637 28.9801 19.3811
threshold=-0.22706275433301923 -0.20576497167348859 1.4483218789100649 0.12598661333322528 -0.024921645410358902 6.8341922760009775 1.0545857548713686 0.77003073692321788 0.69180315732955944 1.0968062281608584 -24.27479267120361 0.029806329868733886 0.85281080007553112 0.79976686835289013
decision_type=2 2 2 2 2 2 8 2 2 2 2 2 2 2
left_child=6 4 3 -3 10 -6 11 -7 9 -9 -2 -1 -13 -4
right_child=1 2 13 -5 5 7 -8 8 -10 -11 -12 12 -14 -15
leaf_value=0.0017231961309668539 0 0.0044165693674022115 0.004815389746401319 -0.00056733056279173976 0.00042210026516593317 0.0010378579579152052 0.0017534449535559795 -0.001026458977126242 -0.0018205437136716636 -0.0069175035634252008 -0.0052050765600952249 -0.0029914693335211465 0.00026322490916867768 0.00043847860165368088
leaf_weight=709.28513070940971 108.81619750894606 209.80648078583181 225.27835421450436 2849.5300931874663 416.671171778813 155.09822204150259 1939.7716970685869 115.70689414255321 794.11867396533489 215.78339497558773 457.9193226583302 322.21469727158546 1748.9789563640952 229.51523139886558
leaf_count=5463 1599 3554 3317 37495 6132 1790 42098 1438 10322 2975 6245 2544 13065 2826
internal_value=0 -0.000801832 0.000171908 -0.000202194 -0.0023265 -0.00163267 0.0008812 -0.00233115 -0.00283497 -0.00505003 -0.00428472 0.000255028 -0.000232749 0.00273782
internal_weight=0 5778.24 3514.13 3059.34 2264.11 1697.38 4720.25 1280.71 1125.61 331.49 566.736 2780.48 2071.19 454.794
internal_count=140863 77693 47192 41049 30501 22657 63170 16525 14735 4413 7844 21072 15609 6143
is_linear=0
shrinkage=0.0101079


Tree=3
num_leaves=15
num_cat=0
split_feature=28 3 16 30 16 14 22 28 2 29 12 11 23 33
split_gain=75.4276 51.1766 50.6447 32.8493 57.4861 45.2454 36.8753 34.3309 33.7054 31.5661 25.5381 22.6718 25.6638 20.6061
threshold=-0.18436925113201139 0.51129209995269786 0.15164598077535632 1.0000000180025095e-35 0.54855340719223034 -2.6550478935241695 -0.88924953341484059 0.8491516411304475 0.43248413503170019 0.87837970256805431 0.031693967059254653 0.011706416495144369 1.5544932484626772 1.0545857548713686
decision_type=2 2 2 2 2 2 2 2 2 2 2 2 2 8
left_child=13 2 -2 4 9 7 -5 8 -6 -4 -10 -3 -13 -1
right_child=1 11 3 6 5 -7 -8 -9 10 -11 -12 12 -14 -15
leaf_value=0.00034997089183059495 0.0042721809130779487 0.00055053852916892867 -0.0056915909059833602 -0.0024183130864474265 -0.0010725201080774014 -0.0030266770449125058 0.0022613396675373299 -0.0014710017798918631 0.0073155592720901101 -0.0001810587085258503 0.00053620045075094115 -0.0022505658667596323 0.002162250007292657 0.0017109445499420457
leaf_weight=2839.6338539347053 276.07361515425146 373.57273110561073 337.55047849752009 209.33836813271046 101.10235837474465 267.25296884216368 739.20136426575482 186.74859354831278 201.12800578400493 176.67705509252846 98.335890272632241 2527.8402697592974 126.99418344907463 2008.3403935208917
leaf_count=21554 4232 5264 4984 2701 1302 2926 9637 2540 2711 2440 1338 33965 1620 43501
internal_value=0 -0.000795395 0.000233043 -0.000243182 -0.00125654 0.000311387 0.00117515 0.00191776 0.00359482 -0.00390624 0.00528993 -0.00168782 -0.00201867 0.000923917
internal_weight=0 5621.82 2593.41 2317.34 1368.8 854.568 948.54 587.315 400.566 514.228 299.464 3028.41 2654.83 4847.97
internal_count=140715 75660 34811 30579 18241 10817 12338 7891 5351 7424 4049 40849 35585 65055
is_linear=0
shrinkage=0.0101079


Tree=4
num_leaves=15
num_cat=0
split_feature=27 29 0 0 0 29 16 5 13 0 0 29 11 27
split_gain=53.2048 48.8398 61.1212 33.9336 25.4436 20.9418 24.3148 38.0188 25.9808 26.9304 18.9117 17.7345 17.6961 16.7508
threshold=-0.71473535895347584 -1.0000000180025095e-35 1.2053564786911013 0.53401675820350658 1.3811956048011782 -0.60785761475563038 0.15618191659450534 -4.493924379348754 -0.02326901629567146 0.73381492495536815 0.57699012756347667 0.6078576147556306 0.038565650582313545 0.35222910344600683
decision_type=2 2 2 2 2 2 2 2 2 2 2 2 2 2
left_child=1 12 10 13 5 -5 7 -7 9 11 -3 -8 -1 -2
right_child=3 2 -4 4 -6 6 8 -9 -10 -11 -12 -13 -14 -15
leaf_value=0.0041914202625227348 -0.0022728666771108393 -0.0077736931096142438 8.9879921190804258e-05 0.0046374157833809701 0.0023401909488205501 -0.00077275356187919187 -0.0051411774051189187 0.0041339654701415939 0.00044789714259630976 -7.6166438034213857e-05 -0.0028863739458153746 -3.7409902879197839e-05 0.00010819380399597101 0.0012787568156610214
leaf_weight=159.96120538935065 639.83411969617009 96.465839127078652 876.09165576100349 111.89863596856594 807.13627356104553 246.91458792984486 233.88333734869957 391.72380626574159 4416.9154002238065 681.4562598336488 1166.2010061740875 120.76108253188431 371.14099764637649 150.57491419091821
leaf_count=2190 8745 1377 11852 1486 10984 3643 3167 6396 57106 9094 15578 1572 4993 2514
internal_value=0 -0.00123006 -0.00191853 0.000421097 0.000649376 0.000420261 0.000330449 0.00218751 0.000102787 -0.00132214 -0.0033361 -0.00355247 0.00145514 -0.00153977
internal_weight=0 2669.86 2138.76 7801.1 7010.69 6203.55 6091.65 638.638 5453.02 1036.1 1262.67 354.644 531.102 790.409
internal_count=140697 35990 28807 104707 93448 82464 80978 10039 70939 13833 16955 4739 7183 11259
is_linear=0
shrinkage=0.0101079


end of trees

feature_importances:
Column_0=8
Column_29=8
Column_16=7
Column_28=6
Column_33=6
Column_2=5
Column_11=5
Column_27=5
Column_14=4
Column_30=3
Column_3=2
Column_13=2
Column_15=2
Column_21=2
Column_23=2
Column_5=1
Column_12=1
Column_22=1

parameters:
[boosting: gbdt]
[objective: binary]
[metric: auc]
[tree_learner: serial]
[device_type: cpu]
[data_sample_strategy: bagging]
[data: ]
[valid: ]
[num_iterations: 600]
[learning_rate: 0.0101079]
[num_leaves: 15]
[num_threads: 2]
[seed: 2024]
[deterministic: 0]
[force_col_wise: 0]
[force_row_wise: 0]
[histogram_pool_size: -1]
[max_depth: -1]
[min_data_in_leaf: 1280]
[min_sum_hessian_in_leaf: 0.001]
[bagging_fraction: 0.829452]
[pos_bagging_fraction: 1]
[neg_bagging_fraction: 1]
[bagging_freq: 1]
[bagging_seed: 2024]
[feature_fraction: 0.727545]
[feature_fraction_bynode: 1]
[feature_fraction_seed: 2024]
[extra_trees: 0]
[extra_seed: 29642]
[early_stopping_round: 0]
[early_stopping_min_delta: 0]
[first_metric_only: 0]
[max_delta_step: 0]
[lambda_l1: 4.00664]
[lambda_l2: 7.63247]
[linear_lambda: 0]
[min_gain_to_split: 0]
[drop_rate: 0.1]
[max_drop: 50]
[skip_drop: 0.5]
[xgboost_dart_mode: 0]
[uniform_drop: 0]
[drop_seed: 2449]
[top_rate: 0.2]
[other_rate: 0.1]
[min_data_per_group: 100]
[max_cat_threshold: 32]
[cat_l2: 10]
[cat_smooth: 10]
[max_cat_to_onehot: 4]
[top_k: 20]
[monotone_constraints: ]
[monotone_constraints_method: basic]
[monotone_penalty: 0]
[feature_contri: ]
[forcedsplits_filename: ]
[refit_decay_rate: 0.9]
[cegb_tradeoff: 1]
[cegb_penalty_split: 0]
[cegb_penalty_feature_lazy: ]
[cegb_penalty_feature_coupled: ]
[path_smooth: 0]
[interaction_constraints: ]
[verbosity: -1]
[saved_feature_importance_type: 0]
[use_quantized_grad: 0]
[num_grad_quant_bins: 4]
[quant_train_renew_leaf: 0]
[stochastic_rounding: 1]
[linear_tree: 0]
[max_bin: 255]
[max_bin_by_feature: ]
[min_data_in_bin: 3]
[bin_construct_sample_cnt: 200000]
[data_random_seed: 6648]
[is_enable_sparse: 1]
[enable_bundle: 1]
[use_missing: 1]
[zero_as_missing: 0]
[feature_pre_filter: 1]
[pre_partition: 0]
[two_round: 0]
[header: 0]
[label_column: ]
[weight_column: ]
[group_column: ]
[ignore_column: ]
[categorical_feature: ]
[forcedbins_filename: ]
[precise_float_parser: 0]
[parser_config_file: ]
[objective_seed: 12337]
[num_class: 1]
[is_unbalance: 0]
[scale_pos_weight: 1]
[sigmoid: 1]
[boost_from_average: 1]
[reg_sqrt: 0]
[alpha: 0.9]
[fair_c: 1]
[poisson_max_delta_step: 0.7]
[tweedie_variance_power: 1.5]
[lambdarank_truncation_level: 30]
[lambdarank_norm: 1]
[label_gain: ]
[lambdarank_position_bias_regularization: 0]
[eval_at: ]
[multi_error_top_k: 1]
[auc_mu_weights: ]
[num_machines: 1]
[local_listen_port: 12400]
[time_out: 120]
[machine_list_filename: ]
[machines: ]
[gpu_platform_id: -1]
[gpu_device_id: -1]
[gpu_use_dp: 0]
[num_gpu: 1]

end of parameters

pandas_categorical:null
