tree
version=v4
num_class=1
num_tree_per_iteration=1
label_index=0
max_feature_idx=33
objective=binary sigmoid:1
feature_names=Column_0 Column_1 Column_2 Column_3 Column_4 Column_5 Column_6 Column_7 Column_8 Column_9 Column_10 Column_11 Column_12 Column_13 Column_14 Column_15 Column_16 Column_17 Column_18 Column_19 Column_20 Column_21 Column_22 Column_23 Column_24 Column_25 Column_26 Column_27 Column_28 Column_29 Column_30 Column_31 Column_32 Column_33
feature_infos=[0.22403052449226379:4.806818962097168] [0.027025075629353523:26.170040130615234] [0.17134076356887817:8.6935958862304688] [0.087584272027015686:1] [-28.67047119140625:41.262332916259766] [-36.190670013427734:42.326030731201172] [-36.841156005859375:62.500308990478516] [-45.158794403076172:63.120437622070312] [-22.455821990966797:30.680826187133789] [0:0.95389312505722046] [0:0.64536702632904053] [0:0.40022626519203186] [-0.51016271114349365:0.5480339527130127] [-0.15783818066120148:0.22172828018665314] [-46.22015380859375:17.161741256713867] [-8.3726015090942383:64.2962646484375] [0:1] [0:95] [0:95] [-1:1] [-29.775985717773438:44.984848022460938] [-30.712318420410156:55.0223388671875] [-2.5033562183380127:15.253066062927246] [0.17266726493835449:4.0791497230529785] [-1:1] [0:1] [0:1] [-1:1] [-1:1] [-0.78183150291442871:0.97492790222167969] [-0.90096884965896606:1] [0:1] [0:1] none
tree_sizes=8615 8728 8704

Tree=0
num_leaves=79
num_cat=0
split_feature=0 12 15 15 29 18 5 9 18 15 9 0 29 29 5 5 13 0 18 27 10 15 5 13 15 12 12 27 0 29 0 27 10 5 12 13 10 15 27 13 13 29 27 27 27 8 13 18 27 18 5 5 12 15 12 5 13 13 12 5 13 31 18 27 18 10 8 12 15 27 15 13 15 0 0 5 27 10
split_gain=41.8413 33.7972 50.2423 28.6999 24.1911 51.6532 33.0575 23.937 22.5212 21.8757 20.7041 20.5953 26.1493 23.7256 20.0464 18.82 19.2886 18.4853 17.0125 20.5806 16.491 15.4789 19.0552 17.8946 24.0408 35.0994 18.0973 46.657 18.82 16.8432 15.2926 26.386 27.2482 16.8163 16.2004 14.7928 20.6563 14.8625 16.5433 14.2701 14.1267 14.0405 13.5931 12.9663 12.9313 12.912 12.8913 14.7506 14.2412 18.499 12.64 12.5964 12.2894 19.739 11.4769 11.2742 11.2031 20.5438 10.7628 10.4655 13.2091 10.2292 14.7328 15.136 10.1019 15.2449 9.93686 9.67511 9.2625 9.19158 9.44908 12.3875 11.4536 9.1689 19.3843 15.5263 10.2018 16.2901
threshold=0.63225123286247265 0.0086579215712845343 15.149302005767824 12.200889587402346 -1.0000000180025095e-35 70.500000000000014 -0.6408531367778777 0.25356039404869085 67.500000000000014 18.502572059631351 0.45918647944927221 1.146843492984772 0.87837970256805431 1.0000000180025095e-35 0.86683860421180736 1.7560329437255862 0.05013245344161988 1.1275235414505007 25.500000000000004 0.79989895224571239 0.068929858505725874 1.4508827328681948 1.8917976617813113 -0.023409086279571053 7.1172623634338388 -0.02680314518511295 0.0032511228928342466 0.74455857276916515 0.54666966199874889 0.87837970256805431 0.87975668907165538 -0.54643493890762318 0.17343494296073916 0.54882118105888378 -0.00630625570192933 0.013389647006988527 0.064395669847726836 5.8317971229553232 0.78661888837814342 -0.037207035347819321 -0.044824721291661256 1.0000000180025095e-35 0.16288578510284427 -0.84915164113044728 0.77296444773674022 -0.36794894933700556 -0.050510564818978303 60.500000000000007 0.65106672048568737 87.500000000000014 2.1727172136306767 1.4117176532745364 0.089821886271238341 14.297944545745851 -0.025385231710970398 -4.3601479530334464 -0.0091950227506458742 0.015119070187211038 0.0079806568101048487 -4.1048960685729972 -0.040144704282283776 1.0000000180025095e-35 90.500000000000014 0.010907442308962408 15.500000000000002 0.071227531880140318 -0.16775843501091001 0.21589346230030063 6.5782349109649667 -0.98990321159362782 4.5329339504241952 0.011107036378234627 3.0616213083267216 0.92002585530281078 1.3194956183433535 7.0279765129089364 -0.83743050694465626 0.2163309529423714
decision_type=8 8 10 8 2 2 10 10 2 8 10 10 2 2 10 10 10 10 2 2 10 10 10 10 10 10 10 2 10 2 10 2 10 10 10 10 10 10 2 10 10 2 2 2 2 10 10 2 2 2 10 10 10 8 10 10 10 10 10 10 10 2 2 2 2 10 10 10 10 2 10 10 10 8 10 8 2 10
left_child=3 2 11 10 6 18 -5 9 14 15 21 12 30 51 -4 16 61 67 -6 -20 40 -1 23 24 25 -23 27 28 -25 -27 31 32 69 34 44 37 -37 -33 -39 -35 -14 45 -28 -22 55 -24 -17 -48 49 52 -7 64 -49 -54 -41 56 -32 -58 -43 -45 -61 -3 63 -63 -13 -66 -65 -11 -29 -2 72 -72 -71 76 75 -75 -9 -78
right_child=1 7 8 4 5 50 -8 73 -10 17 -12 13 20 -15 -16 46 -18 -19 19 -21 43 22 41 26 -26 29 42 68 -30 -31 33 35 -34 39 -36 36 -38 38 -40 54 -42 58 -44 59 -46 -47 47 48 -50 -51 -52 -53 53 -55 -56 -57 57 -59 -60 60 -62 62 -64 66 65 -67 -68 -69 -70 70 71 -73 -74 74 -76 -77 77 -79
leaf_value=-0.9254004215128534 -0.93323180415970319 -0.93064338454934281 -0.88741783526151596 -0.87526753917490474 -0.9233613732277105 -0.93866445687805333 -0.91707916902914732 -0.92762726001644913 -0.92181048235250074 -0.93847212107955791 -0.93260968837701064 -0.91538040791346742 -0.93429320402567917 -0.92516340497031824 -0.90963403041405844 -0.93444428868349527 -0.90397377506756671 -0.91945918595290921 -0.91418300371304528 -0.87774081253498015 -0.91824280247940937 -0.88204888167183448 -0.88500075423974278 -0.93329154665068026 -0.87265310577241328 -0.90438208679503973 -0.88425826032497712 -0.90504498078436879 -0.9087384549660914 -0.9339223759771792 -0.915847175373528 -0.9252080321976508 -0.87999031802477323 -0.91935357279216268 -0.89555339181463967 -0.9488252089223701 -0.92005861715416271 -0.91982708446798711 -0.89412037173716574 -0.88088353711734224 -0.90840256760992966 -0.90982982566211867 -0.90898476084548419 -0.90863901377095069 -0.93014820808168353 -0.91770375936123683 -0.92299259395460842 -0.91488572721403705 -0.90002258703728277 -0.9269264412067254 -0.91707132118160084 -0.93300387814822638 -0.87365905701574043 -0.915847175373528 -0.90682719949914836 -0.91972958710663477 -0.87646427948281413 -0.91604399313333007 -0.93268018281409337 -0.90515924215055066 -0.87607739983092103 -0.93489193607587295 -0.93442136110012886 -0.915847175373528 -0.91549254019703863 -0.88564247717285138 -0.89351992066350949 -0.91593161356195307 -0.87282740191037655 -0.91612805221088167 -0.93180107239267096 -0.9030768850375186 -0.88528155772494965 -0.91947891588723973 -0.9112076949550767 -0.93886226404102791 -0.91253243701467379 -0.88939863206117842
leaf_weight=67.333378858864307 42.393868761137128 580.28212400525808 226.89442153833807 54.710924882441759 59.40303729660809 244.97013567946851 109.62739763595164 61.16109549254179 79.207960058003664 371.75661459192634 53.98638691008091 254.86112068407238 49.798618741333485 914.13094159774482 146.43737168423831 69.900493705645204 76.251141436398029 223.18540989793837 65.73987996019423 65.261377179995179 47.255252664908767 126.53568018786609 45.804025087505579 148.19030814431608 88.90075846016407 129.97402362711728 102.22721842490137 40.895948538556695 105.48738422989845 52.189531849697232 121.35007349774241 436.21138632111251 52.621142104268074 58.962146457284689 72.379157345741987 101.37892786040902 112.46621571667492 139.58119699545205 75.35412909835577 71.895929200574756 215.41883590072393 68.304459616541862 96.797580005601048 74.955027861520648 132.68864512257278 43.843158412724733 292.8843552749604 184.79586888849735 178.69166066870093 166.2945988252759 79.222914157435298 49.568022277206182 42.83074619807303 43.146330375224352 85.46435846015811 336.68318758904934 50.495441375300288 48.981045428663492 94.151807175949216 61.452109336853027 95.966614944860339 46.930804129689932 96.656412063166499 98.29217098839581 74.27138683386147 70.068251626566052 65.20961301587522 48.871048156172037 50.030762193724513 43.039941323921084 66.922323873266578 49.965807678177953 46.218967644497752 299.51832090131938 370.06549569964409 121.47579236328602 394.72370076738298 73.018541967496276
leaf_count=805 559 6543 2749 543 709 2897 1044 834 820 4321 655 3074 567 10667 1761 798 794 2530 672 804 554 1481 581 1727 962 1712 1123 517 1132 538 1568 5203 664 672 886 1168 1288 1471 772 810 2499 704 991 849 1643 548 3555 1984 1867 1899 997 655 505 548 999 4085 543 590 1045 704 1153 531 1010 1120 819 889 739 512 672 594 860 568 557 3515 4153 1501 4157 853
internal_value=-0.915847 -0.917482 -0.914807 -0.910163 -0.917688 -0.922601 -0.902802 -0.920577 -0.900506 -0.923117 -0.906247 -0.916406 -0.914112 -0.92096 -0.895841 -0.920653 -0.925151 -0.930396 -0.904116 -0.895064 -0.905254 -0.905029 -0.90381 -0.900845 -0.893442 -0.900071 -0.906475 -0.913021 -0.922941 -0.913318 -0.916356 -0.919886 -0.908449 -0.9122 -0.915465 -0.923941 -0.934283 -0.920376 -0.9108 -0.901132 -0.913651 -0.915132 -0.895664 -0.897607 -0.91759 -0.900899 -0.916154 -0.914724 -0.910691 -0.915269 -0.933617 -0.912498 -0.907874 -0.894073 -0.894087 -0.914606 -0.906648 -0.895663 -0.922868 -0.893235 -0.886571 -0.927072 -0.92006 -0.913462 -0.909683 -0.900241 -0.906706 -0.935994 -0.885717 -0.91515 -0.910934 -0.919103 -0.900039 -0.91563 -0.918685 -0.925354 -0.910983 -0.90862
internal_weight=0 8411.28 4505.34 1993.59 678.936 514.597 164.338 3905.94 452.54 2585.98 1314.65 4052.8 2689.9 1362.9 373.332 1942.17 963.622 643.813 190.404 131.001 544.846 1260.67 1193.33 941.229 397.6 308.699 543.629 344.604 253.678 182.164 2145.05 1166.15 301.162 978.9 762.578 864.992 213.845 651.147 214.935 216.322 265.217 252.103 199.025 279.629 690.198 89.6472 978.544 908.644 615.759 437.068 324.193 448.769 270.773 85.9771 157.36 557.51 220.827 99.4765 162.456 232.374 157.419 887.371 307.089 210.433 399.201 144.34 163.502 420.628 90.9267 248.541 206.147 116.888 89.2589 1319.96 791.06 420.994 528.903 467.742
internal_count=120388 97529 53260 22859 7666 6079 1587 44269 5330 29256 15193 47930 31826 16104 4510 21893 10737 7363 2185 1476 6326 14538 13733 10855 4693 3731 6162 4048 2859 2250 25500 13704 3802 11796 9315 9902 2456 7446 2243 2481 3066 2878 2114 3260 8429 1129 11156 10358 6803 4936 3894 5437 3037 1053 1809 6786 2701 1133 1749 2706 1857 9943 3400 2390 4782 1708 1859 4833 1189 3138 2579 1428 1151 15013 9169 5016 5844 5010
is_linear=0
shrinkage=1


Tree=1
num_leaves=79
num_cat=0
split_feature=30 17 7 6 7 28 2 27 12 28 7 7 21 14 15 27 27 14 15 2 8 12 27 2 30 28 7 14 6 29 12 28 28 29 28 29 15 21 14 7 7 29 28 14 14 15 14 28 28 12 15 21 14 10 2 12 7 21 6 7 7 12 6 6 15 15 21 17 6 27 2 14 27 2 28 12 27 8
split_gain=58.25 57.1915 43.8714 49.0785 34.3446 25.4172 43.3787 48.8726 23.4325 30.6188 25.1466 36.7747 32.8608 24.786 24.1597 23.0326 42.7141 27.3642 29.7621 26.1244 22.5714 22.1554 24.974 21.0048 48.7136 28.5142 22.555 33.2563 26.9954 32.0987 24.2101 23.5698 20.2221 18.703 18.0954 18.0105 24.1161 36.5689 17.6008 18.5445 17.48 25.1692 28.8509 20.9723 19.0966 18.0615 20.4634 37.1845 17.8345 18.2526 18.6619 15.6364 35.2169 15.0699 14.7386 13.9718 20.8616 32.4641 21.8118 19.012 19.4887 13.8463 13.4532 13.4284 16.4989 18.1032 13.2821 13.0517 12.9085 12.7103 15.8745 12.9081 12.6741 23.9395 26.4414 12.4867 12.3452 12.3313
threshold=1.0000000180025095e-35 62.500000000000007 8.5781874656677264 -0.59451410174369801 19.031685829162601 -0.37256073951721186 0.51918441057205211 -0.87137606739997853 0.017896222881972793 -0.3317298144102096 -7.2137348651885977 2.548853993415833 -2.5168696641921993 -4.985243320465087 9.3709278106689471 -0.52803644537925709 -0.71473535895347584 -15.655796051025389 4.0332076549530038 1.6548275947570803 -2.3702033758163448 -0.015068456996232269 0.45201864838600164 1.5675610303878786 0.81174489855766307 0.22706275433301928 -13.858335494995115 -13.284675598144529 -4.022221326828002 0.6078576147556306 -0.024068266153335568 -0.91959547996520985 0.11969653144478799 0.6078576147556306 0.79989895224571239 0.6078576147556306 7.6495640277862558 0.48285314440727239 -17.612844467163082 0.85942980647087108 1.456486761569977 0.87837970256805431 -0.11969653144478797 -10.49001884460449 -7.8539338111877433 12.503796100616457 -6.6142060756683341 0.22706275433301928 0.58244305849075328 0.051100797951221473 7.1172623634338388 -4.8057937622070304 -12.022242546081541 0.16452780365943911 1.2568008303642275 0.013936797622591259 11.033636569976808 5.5090134143829355 8.2901015281677264 10.860495567321779 16.371955871582035 0.019977101124823097 -1.9810213446617124 20.416707992553714 21.015108108520511 17.124415397644047 3.2529212236404423 37.500000000000007 -3.7100858688354488 -0.14132478833198545 0.57013317942619335 -10.650789260864256 0.86046862602233898 0.88262677192687999 0.9279436767101289 0.049111114814877517 0.032717135734856136 0.38251033425331121
decision_type=2 2 8 8 8 2 10 2 10 2 10 10 10 10 10 2 2 10 10 10 8 10 2 8 2 2 10 10 10 2 10 2 2 2 2 2 10 10 10 10 10 2 2 10 10 10 8 2 2 10 10 8 10 8 10 10 10 10 10 10 10 10 10 10 10 10 10 2 10 2 10 10 2 10 2 10 2 10
left_child=1 40 8 4 68 21 32 38 23 33 12 13 34 75 -13 16 19 18 -17 -9 -5 -3 -23 26 -25 -26 30 28 -28 -30 -2 -29 -7 -10 -11 69 -37 -38 -8 -40 41 44 61 -42 -1 -45 47 -47 49 50 -46 -19 -53 -22 -16 59 58 -58 -57 -48 -61 -43 -44 64 65 -59 -39 77 -4 -33 -71 -72 73 74 -54 -12 -35 -55
right_child=2 5 3 20 -6 6 7 15 9 10 11 14 -14 -15 54 17 -18 51 -20 -21 53 22 -24 24 25 -27 27 31 29 -31 -32 35 -34 76 -36 36 37 66 39 -41 43 42 62 45 48 46 55 -49 -50 -51 -52 52 72 67 -56 56 57 63 -60 60 -62 -63 -64 -65 -66 -67 -68 -69 -70 70 71 -73 -74 -75 -76 -77 -78 -79
leaf_value=0.0042150414560632463 -0.025005068274158285 -0.0017327359771726906 0.013789980711313037 0.0016927671124814588 0.039995505179587144 0.020608189555959455 0.016126680040056129 0.0037370249534960081 -0.016588541322983881 0.027138391571626591 0.0056484436270812337 -0.026440750602857475 -0.033330310840478675 0.052670968629391836 0.022717238169049685 0.014671443363321166 0.060998353674135572 -0.0023940013557841055 -0.017833174029704957 0.040163803628481293 -0.013814634349244313 -0.0030614596280893296 0.038308102322856599 -0.0081694874013670468 0.008347656320806477 0.044760400870107339 -0.0020809923305282686 0.0096650806027087314 0.039246560488670049 -0.0035297216979459888 0.0032209914534599231 -0.023158316208958328 -0.011876651319133699 -0.009904621784884389 -0.0096178137755859559 -0.011990909361261173 0.035800212104225883 0.00512248583660931 -0.015655225852378593 0.011118038001360599 0.02092454773234723 0.0059339200065448763 -0.002639823554590426 -0.0055581029072374203 0.012683215982384853 0.0033048051583041121 -0.0067223198445191716 0.049820938671993678 -0.03096766113137002 0.016579713198328849 -0.018274172870809281 0.057435017645023755 -0.013555798879262308 -0.031265976895931566 -0.0042500099036444977 0.018468470915199715 -0.032442809203226473 -0.009232644971324833 -0.0052779090729932242 0.039619191990260455 0.0053362057356677872 -0.012508851795305987 -0.027861819864613443 0.016345739428879527 -0.009245365442153073 0.015988202999471186 -0.022692444694698541 -0.044217260520717616 -0.011863053297104794 -0.027344236868250625 0.016321738827998471 -0.0093513410034253321 0.03329515652914268 0.030923469306031352 0.01892104358464301 0.031448274606729443 0.012437239723891914 -0.0082032646383322864
leaf_weight=783.55107764713466 218.10571547597647 609.67935002036393 59.871622091159225 118.40966413728893 47.92015402764082 44.624596118927002 94.032381907105446 104.5815398786217 163.27859330922365 55.397463964298368 87.944003930315375 42.151532370597124 49.628067011013627 65.344962354749441 88.605125181376934 163.79678596183658 73.691634185612202 45.190565945580602 84.435862282291055 67.396127915009856 473.97283379174769 50.70663377828896 62.05560508556664 250.89863146468997 134.00629762001336 68.070251479744911 193.51273365691304 142.42510140314698 91.728981429710984 54.165873629972339 82.336444512009621 251.77967325970531 197.23507255502045 77.939939264208078 46.248676795512438 293.11479702964425 63.248981516808271 96.230376612395048 157.0245023816824 74.4837930444628 116.59543732181191 187.06112446822226 62.178720369935036 555.75227399170399 49.101022465154529 109.99874868430197 65.726103557273746 50.752988463267684 57.686663402244449 64.798202104866505 151.77271563187242 56.914168881252408 89.193198809400201 108.36689208634198 69.757305946201086 205.3987672496587 71.615493694320321 91.968316225335002 122.65887000411749 65.030842516571283 78.582357507199049 144.51228885166347 202.93585171550512 76.821805523708463 375.8819021191448 143.22068608365953 49.733597973361611 76.73727304302156 104.47392979264259 58.90207938849926 57.179649818688631 114.64533106982708 102.72976637259126 108.10165140032768 110.86627179197967 78.31347294151783 127.32616366632283 102.89355216361582
leaf_count=8878 2499 7538 680 1312 445 438 1072 1175 2130 676 1021 439 583 689 1147 2158 659 616 1012 708 5368 580 603 2740 1779 866 2259 1718 939 765 1041 2797 2628 1024 492 3334 741 1042 1846 869 1172 2107 694 6303 609 1156 767 513 659 785 1575 633 1067 1291 908 2422 821 996 1605 738 999 1696 2229 807 4394 1600 534 801 1196 782 678 1396 1303 1103 1223 985 1348 1131
internal_value=0 0.00314341 -0.00377202 -0.0116152 0.00773791 0.00881056 0.0120489 0.0152672 -0.0010435 0.00488915 0.011366 0.0169329 -0.00424898 0.0291302 0.00230568 0.0202008 0.0325074 0.016013 0.00331201 0.01889 -0.0163507 0.00165849 0.019831 -0.00361357 0.00503077 0.021494 -0.00586346 -0.00347291 0.00886775 0.0233764 -0.0171701 -0.00725029 -0.0054419 -0.00524476 0.0102276 -0.00977572 -0.00357762 0.0079849 0 -0.00679091 -0.000244876 -0.00368452 -0.0111793 0.00248511 0.000337943 0.00135291 0.00402937 0.0191577 -0.00884331 -0.00346227 -0.0103671 0.0219898 0.024449 -0.0192124 0.01073 0.00206245 0 -0.00416199 0.00948726 0.0126985 0.0218569 -0.00201323 -0.0222574 -0.000973065 -0.00332372 0.00593272 -0.00438946 -0.0276114 -0.00212015 -0.016044 -0.00780488 -0.000349949 0.019242 0.0140266 0.00422131 0.0185503 0.00369325 -0.0206286
internal_weight=0 6130.34 4264.67 1092.65 212.266 2296.74 1574.3 1332.44 3172.02 951.935 583.391 432.116 151.274 231.602 200.514 1006.9 245.669 761.228 248.233 171.978 880.38 722.442 112.762 2220.08 452.975 202.077 1767.11 1466.67 339.408 145.895 300.442 1127.26 241.86 368.545 101.646 984.834 502.328 209.213 325.541 231.508 3833.6 1703.6 596.688 2130 1106.91 2013.41 1457.66 160.752 323.359 265.672 200.874 512.996 467.805 761.971 158.362 1296.91 1087.57 759.508 328.058 209.339 143.613 331.573 265.115 687.893 611.071 235.189 145.964 287.998 164.346 482.507 230.727 171.825 410.891 308.161 200.059 166.257 205.266 211.26
internal_count=120332 70756 49576 12224 2321 27231 18510 15444 37352 11442 6940 5189 1751 2695 2494 11657 2542 9115 3170 1883 9903 8721 1183 25910 5385 2645 20525 16985 3963 1704 3540 13022 3066 4502 1168 11304 5651 2317 3787 2715 43525 19232 6726 24293 12506 23121 16818 1669 3628 2969 2184 5945 5329 8591 2055 15149 12645 8618 4027 2504 1737 3803 2923 7797 6990 2596 1576 3223 1876 5653 2856 2074 4696 3393 2290 2006 2372 2422
is_linear=0
shrinkage=0.0454652


Tree=2
num_leaves=79
num_cat=0
split_feature=30 18 7 7 22 3 6 28 27 2 3 7 3 7 22 27 5 28 7 18 6 7 30 18 6 2 7 3 7 3 6 2 28 20 3 6 3 9 20 5 3 9 3 6 6 2 2 27 3 3 20 20 28 7 3 9 27 18 3 2 7 27 28 22 20 3 22 22 27 6 22 28 3 20 2 3 2 3
split_gain=40.0453 47.6951 40.0781 23.0031 31.245 21.3939 19.6258 56.2397 32.7254 32.1161 35.2464 46.3363 28.5677 19.4425 19.2807 19.2194 18.6824 18.3268 17.9941 17.9441 17.7407 17.3667 35.9508 19.349 17.3569 15.6739 15.2181 21.3092 16.8419 32.4937 32.2803 20.0474 23.381 20.4198 16.3913 18.5514 15.3106 15.1974 14.9893 13.9404 13.5869 13.1844 12.9208 14.5672 22.2763 12.8699 32.0552 18.3946 17.7455 28.3817 25.6513 17.7531 17.2365 15.7481 14.4655 14.4254 12.5604 12.4363 12.3397 12.0391 12.0023 13.7484 12.6944 18.4453 20.0891 17.1914 11.5385 11.4044 11.3273 10.9111 10.7353 10.6651 10.5202 18.6396 11.3868 10.0511 14.3117 11
threshold=1.0000000180025095e-35 86.500000000000014 6.073686122894288 -15.17662191390991 -0.59825119376182545 0.35109052062034612 -2.2869392633438106 0.24825246632099154 0.43245348334312445 0.87738534808158886 0.83932819962501537 -9.6509566307067853 0.2746973335742951 -22.377916336059567 0.034999407827854163 -0.45201864838600153 -3.9508625268936153 -0.24825246632099149 -5.0129466056823722 35.500000000000007 -14.030447483062742 -13.626531600952147 -0.56174489110708226 59.500000000000007 -6.8097863197326651 0.37879203259944921 23.757732391357425 0.22518842667341235 8.2861142158508319 0.28971157968044287 -3.7100858688354488 1.1675761938095095 -0.91080963611602772 -1.6271458864212034 0.72292575240135204 3.3090541362762456 0.88104850053787243 0.18259935826063159 0.70550835132598888 1.7560329437255862 0.52939373254776012 0.23209079355001452 0.42161139845848089 2.0205210447311406 -3.1429075002670284 0.82323524355888378 0.5134142041206361 0.98990321159362804 0.38426932692527777 0.36931885778903967 -0.12505839020013806 1.2328386902809145 0.18436925113201144 10.19011974334717 0.42833244800567633 0.47985991835594183 -0.05451125651597976 61.500000000000007 0.30939236283302313 0.58004659414291393 1.8135601282119753 0.9015902876853944 0.39271505177021032 -0.90072816610336293 1.3711074590682986 0.63385346531867992 -0.073072496801614747 -0.89069148898124684 -0.52803644537925709 5.4236001968383798 -0.10358179733157157 0.91959547996521007 0.19578006118535998 1.2659341096878054 0.41476242244243627 0.57336914539337169 1.1993874907493594 0.88583171367645275
decision_type=2 2 10 10 8 10 10 2 2 10 10 10 10 8 10 2 10 2 10 2 10 10 2 2 10 10 10 10 10 8 10 10 2 10 10 10 10 10 10 10 10 10 10 10 10 8 10 2 10 10 10 10 2 10 10 10 2 2 10 10 10 2 2 10 10 10 10 10 2 10 10 2 10 10 10 10 8 10
left_child=6 3 5 4 -2 -3 7 8 -1 12 11 68 -9 16 -4 -7 -6 -17 -19 -15 -12 22 23 -8 -22 -5 27 -27 29 -29 -30 32 42 -33 35 -34 -36 66 -20 -32 -14 -13 -31 44 -44 46 52 55 49 50 -48 54 72 57 -50 60 -39 -54 -52 -10 61 71 70 -64 65 -65 -35 -56 -11 -41 75 -47 -23 74 -74 -62 -77 -78
right_child=1 2 14 25 13 15 21 9 59 10 20 41 40 19 -16 17 -18 18 38 -21 24 45 -24 -25 -26 26 -28 28 30 31 39 33 34 37 36 -37 -38 56 -40 69 -42 -43 43 -45 -46 47 48 -49 51 -51 58 -53 53 -55 67 -57 -58 -59 -60 -61 62 -63 63 64 -66 -67 -68 -69 -70 -71 -72 -73 73 -75 -76 76 77 -79
leaf_value=-0.0043784748661420793 0.013125284357316013 -0.02026849539577788 -0.028124829276680093 0.022433538776064781 0.015222979302859084 -0.017137446510764192 -0.014237083188788706 0.031913477297623033 0.033173617052830062 0.028278983370195725 0.027644134943501805 0.060310003698481038 -0.012885636589732385 -0.031776565281144503 -0.0074793295707581949 -0.0062638915294257096 -0.018542051784978811 -0.0050160839014405491 0.0044963679396379441 -0.0031824008428966749 -0.017188887931138375 -0.011563247427789683 -0.03201429133180296 0.018077477576232473 0.015651162257472987 -0.027963721250697578 0.016632962446887962 0.027735549392534673 0.020992486334980142 -0.0089736735166903048 -0.01946093736226881 0 -0.0046857287871706023 0.034107016573663405 -0.023679888608139934 0.016606826243473649 0.0053137080592109507 -0.0044531028633523284 0.039016861620772093 0.0057639207772344526 0.011818044013232795 0.025484694954082395 0.00058601083352503695 -0.0040929826186473089 0.041758934752455151 -0.0099773178688950838 0.027625866984815041 -0.02261239970715424 -0.020740559396473845 0.045399303635238801 0.011615496148494393 0.012650179308977869 -0.029403797403930176 0.0062585648549934991 0.021125953756301257 0.012820786315316796 0.021600053962188146 -0.0070509521416598775 -0.0051982450880750271 0.0082843423049531219 0.0001796284932883122 0.014844883924073817 -0.011708599568980751 0.0077908849516461756 0.0043440787642119527 0.044521498169719939 0.0057124777751790395 -0.0027773943226487366 0 -0.012239191727199655 0.0021105952363103609 0.011096696236902385 0.027400049325147776 -0.012666910423325078 0.0035909320410555078 0.0065735698048259772 -0.02955819887708876 -0.0017003202056475441
leaf_weight=865.20909818075597 89.312908438965678 103.15755257196724 315.95687253586948 63.300668492913246 63.349383983761072 71.590505780652165 65.939787061884999 51.936493746936321 45.979535300284624 47.198271380737424 57.557575959712267 103.21479575894773 135.16303579509258 166.69783838093281 147.66203522868454 99.278908673673868 63.486145552247763 46.666762763634324 45.668455727398396 68.517048554494977 67.984684826806188 67.919316966086626 95.866303963586688 79.209086209535599 57.148438246920705 52.85118317976594 108.23842213302851 92.865038191899657 70.079157439991832 43.952224602922797 221.23704763315618 393.13339693658054 827.64281576871872 104.21155823767185 152.9541123509407 89.472995834425092 44.446291910484433 98.518905898556113 74.870109494775534 124.02817216329277 63.303528849035501 47.49049904756248 47.776109434664249 42.048644496127963 67.818553669378161 554.66951489821076 136.10528089664876 72.712738703936338 72.96961278654635 53.722196606919169 204.70075592957437 239.67258905246854 100.65745045058429 69.757359709590673 46.311055388301611 164.15448054485023 55.464076524600387 122.59655579738319 150.99883978441358 300.25635106861591 168.13686901330948 54.011477360501885 75.979556856676936 56.175267644226551 237.78475306928158 57.715633686631918 49.488481758162379 215.92034138552845 73.522028284147382 143.68886812590063 610.04220104590058 48.978278459981084 84.253356048837304 60.28078730404377 91.282772729173303 44.875178262591362 101.78467264957726 46.549653274938464
leaf_count=10100 1103 1163 3503 1069 655 936 845 643 628 591 584 1107 1919 2090 1676 1149 677 505 565 827 742 630 1087 967 612 526 942 983 802 420 2534 4518 9863 1122 1810 1034 587 1157 874 1367 828 568 664 505 824 6596 1587 808 754 513 1979 2741 1250 767 580 1777 680 1380 1641 4113 1845 599 934 681 2497 559 652 2556 971 1673 6893 571 773 606 982 550 1153 611
internal_value=0 -0.00324929 -0.0124879 -0.000723095 -0.0102282 -0.00250845 0.00248373 0.00630246 0.000309262 0.0164779 0.0236525 0.0339921 0.00310407 -0.0162046 -0.0217763 0.00294544 -0.00135636 0.00869826 0.0178044 -0.0238476 0.00762218 0.00074703 -0.0109795 0.00308253 -0.00179265 0.000755271 0.00022151 -0.000437211 0.000131557 0.00201049 -0.00683605 0.000748227 -0.00253177 0.00695614 -0.00514532 -0.00249106 -0.0169343 0.0156458 0.0269056 -0.0110644 -0.00468581 0.0506132 0.0114952 0.0175862 0.0257503 0.00147431 0.00444997 -0.00073622 0.00898555 0.0148561 0.0110748 0.00326494 -0.00398762 -0.0118174 -0.00337336 0 0.00493826 -0.0176909 0.0043643 0.0120772 -0.00102483 -0.00608398 0.00132939 0.0078357 0.0122813 0.0277152 0.0256583 0.00152017 0.0118742 -0.00375795 -0.00150584 -0.00812407 0.00346381 0.00811841 0.0156536 -0.0077001 -0.0146663 -0.0214159
internal_weight=0 4249.43 904.851 3344.58 451.363 441.232 6167.7 1915.96 1211.44 704.519 454.116 271.426 250.403 362.05 463.619 338.075 126.836 266.484 167.205 235.215 182.691 4251.73 241.015 145.149 125.133 2893.22 2829.92 2721.68 2668.83 2109.79 559.033 2016.93 1316.11 700.816 1114.52 917.116 197.4 307.683 120.539 488.954 198.467 150.705 201.596 157.643 115.595 4010.72 1717.15 2293.57 1120.4 545.527 491.805 574.874 596.748 293.011 335.201 2220.86 153.983 223.254 355.7 346.236 2056.7 657.659 1399.04 427.655 351.676 113.891 153.7 262.231 120.72 267.717 971.389 603.648 303.736 235.817 175.536 361.346 193.21 148.334
internal_count=120573 49455 10371 39084 5352 5192 71118 23406 14841 8565 5175 3237 3390 4249 5179 4029 1332 3093 1944 2917 1938 47712 2899 1812 1354 33732 32663 31721 31195 24819 6376 23836 15707 8129 13294 10897 2397 3611 1439 5574 2747 1675 2413 1993 1488 44813 18739 26074 12351 5720 5207 6631 6388 3397 3890 25266 1837 2630 3620 4741 23489 7766 15723 4671 3737 1240 1774 3136 1562 3040 11052 7167 2991 2361 1755 4159 2314 1764
is_linear=0
shrinkage=0.0454652


end of trees

feature_importances:
Column_27=24
Column_7=20
Column_3=17
Column_15=17
Column_28=16
Column_12=15
Column_2=14
Column_6=14
Column_5=12
Column_18=11
Column_13=10
Column_14=9
Column_29=9
Column_0=7
Column_10=6
Column_20=6
Column_22=6
Column_9=5
Column_21=5
Column_8=4
Column_30=4
Column_17=2
Column_31=1

parameters:
[boosting: gbdt]
[objective: binary]
[metric: auc]
[tree_learner: serial]
[device_type: cpu]
[data_sample_strategy: bagging]
[data: ]
[valid: ]
[num_iterations: 600]
[learning_rate: 0.0454652]
[num_leaves: 79]
[num_threads: 2]
[seed: 2024]
[deterministic: 0]
[force_col_wise: 0]
[force_row_wise: 0]
[histogram_pool_size: -1]
[max_depth: -1]
[min_data_in_leaf: 525]
[min_sum_hessian_in_leaf: 0.001]
[bagging_fraction: 0.774687]
[pos_bagging_fraction: 1]
[neg_bagging_fraction: 1]
[bagging_freq: 1]
[bagging_seed: 2024]
[feature_fraction: 0.515409]
[feature_fraction_bynode: 1]
[feature_fraction_seed: 2024]
[extra_trees: 0]
[extra_seed: 29642]
[early_stopping_round: 0]
[early_stopping_min_delta: 0]
[first_metric_only: 0]
[max_delta_step: 0]
[lambda_l1: 1.07292]
[lambda_l2: 4.08529]
[linear_lambda: 0]
[min_gain_to_split: 0]
[drop_rate: 0.1]
[max_drop: 50]
[skip_drop: 0.5]
[xgboost_dart_mode: 0]
[uniform_drop: 0]
[drop_seed: 2449]
[top_rate: 0.2]
[other_rate: 0.1]
[min_data_per_group: 100]
[max_cat_threshold: 32]
[cat_l2: 10]
[cat_smooth: 10]
[max_cat_to_onehot: 4]
[top_k: 20]
[monotone_constraints: ]
[monotone_constraints_method: basic]
[monotone_penalty: 0]
[feature_contri: ]
[forcedsplits_filename: ]
[refit_decay_rate: 0.9]
[cegb_tradeoff: 1]
[cegb_penalty_split: 0]
[cegb_penalty_feature_lazy: ]
[cegb_penalty_feature_coupled: ]
[path_smooth: 0]
[interaction_constraints: ]
[verbosity: -1]
[saved_feature_importance_type: 0]
[use_quantized_grad: 0]
[num_grad_quant_bins: 4]
[quant_train_renew_leaf: 0]
[stochastic_rounding: 1]
[linear_tree: 0]
[max_bin: 255]
[max_bin_by_feature: ]
[min_data_in_bin: 3]
[bin_construct_sample_cnt: 200000]
[data_random_seed: 6648]
[is_enable_sparse: 1]
[enable_bundle: 1]
[use_missing: 1]
[zero_as_missing: 0]
[feature_pre_filter: 1]
[pre_partition: 0]
[two_round: 0]
[header: 0]
[label_column: ]
[weight_column: ]
[group_column: ]
[ignore_column: ]
[categorical_feature: ]
[forcedbins_filename: ]
[precise_float_parser: 0]
[parser_config_file: ]
[objective_seed: 12337]
[num_class: 1]
[is_unbalance: 0]
[scale_pos_weight: 1]
[sigmoid: 1]
[boost_from_average: 1]
[reg_sqrt: 0]
[alpha: 0.9]
[fair_c: 1]
[poisson_max_delta_step: 0.7]
[tweedie_variance_power: 1.5]
[lambdarank_truncation_level: 30]
[lambdarank_norm: 1]
[label_gain: ]
[lambdarank_position_bias_regularization: 0]
[eval_at: ]
[multi_error_top_k: 1]
[auc_mu_weights: ]
[num_machines: 1]
[local_listen_port: 12400]
[time_out: 120]
[machine_list_filename: ]
[machines: ]
[gpu_platform_id: -1]
[gpu_device_id: -1]
[gpu_use_dp: 0]
[num_gpu: 1]

end of parameters

pandas_categorical:null
