tree
version=v4
num_class=1
num_tree_per_iteration=1
label_index=0
max_feature_idx=33
objective=binary sigmoid:1
feature_names=Column_0 Column_1 Column_2 Column_3 Column_4 Column_5 Column_6 Column_7 Column_8 Column_9 Column_10 Column_11 Column_12 Column_13 Column_14 Column_15 Column_16 Column_17 Column_18 Column_19 Column_20 Column_21 Column_22 Column_23 Column_24 Column_25 Column_26 Column_27 Column_28 Column_29 Column_30 Column_31 Column_32 Column_33
feature_infos=[0.22403052449226379:4.806818962097168] [0.027025075629353523:26.170040130615234] [0.17134076356887817:8.6935958862304688] [0.087584272027015686:1] [-28.67047119140625:41.262332916259766] [-36.190670013427734:42.326030731201172] [-36.841156005859375:62.500308990478516] [-45.158794403076172:63.120437622070312] [-22.455821990966797:30.680826187133789] [0:0.95389312505722046] [0:0.64536702632904053] [0:0.40022626519203186] [-0.51016271114349365:0.5480339527130127] [-0.15783818066120148:0.22172828018665314] [-46.22015380859375:17.161741256713867] [-8.3726015090942383:64.2962646484375] [0:1] [0:95] [0:95] [-1:1] [-29.775985717773438:44.984848022460938] [-30.712318420410156:55.0223388671875] [-2.5033562183380127:15.253066062927246] [0.17266726493835449:4.0791497230529785] [-1:1] [0:1] [0:1] [-1:1] [-1:1] [-0.78183150291442871:0.97492790222167969] [-0.90096884965896606:1] [0:1] [0:1] none
tree_sizes=1730 1765 1793 1789 1772 1805

Tree=0
num_leaves=15
num_cat=0
split_feature=28 27 29 27 13 3 5 17 11 12 11 11 23 16
split_gain=154.776 68.9345 65.1979 82.3091 36.8232 78.7625 29.8325 32.3045 28.4907 34.595 20.2643 19.8656 19.4038 23.9986
threshold=-0.2693240344524383 0.054511256515979774 -0.60785761475563038 -0.89194178581237782 -0.075801309198141084 0.21009274572134021 -4.8238728046417227 18.500000000000004 0.12813195586204532 0.041076092049479491 0.049484152346849448 0.14151946455240252 0.7215971350669862 0.28569790720939642
decision_type=2 2 2 2 8 10 8 2 10 10 10 10 10 10
left_child=-1 2 -2 -4 11 -6 -5 -8 9 12 -11 -3 -7 -14
right_child=1 4 3 6 5 8 7 -9 -10 10 -12 -13 13 -15
leaf_value=-1.0511472043872605 -1.0481311726011879 -1.0456384407828867 -1.0532320372857074 -1.0520442489428956 -1.0584569969011428 -1.0528396805857085 -1.0525470899688942 -1.0578056585253182 -1.0484359934604939 -1.0564311379273976 -1.0527276632821712 -1.0521989514979149 -1.0529504663344398 -1.049448938347163
leaf_weight=4551.5793908480555 132.3942358288914 106.19939030334353 1276.4294633083045 106.08050731755793 231.35899710282683 1085.3343649320304 135.79336606711149 1148.6977695021778 165.21796185337007 327.02363577857614 320.74324936792254 105.84841133281589 296.55387194268405 500.21585760638118
leaf_count=55926 1716 1236 15711 1413 2654 13948 1919 13775 1998 3866 3608 1364 3866 6147
internal_value=-1.05255 -1.05362 -1.05477 -1.05513 -1.05258 -1.05289 -1.05683 -1.05726 -1.05241 -1.05267 -1.05468 -1.0486 -1.05199 -1.05079
internal_weight=0 5937.89 2799.4 2667 3138.5 2926.45 1390.57 1284.49 2695.09 2529.87 647.767 212.048 1882.1 796.77
internal_count=129147 73221 34534 32818 38687 36087 17107 15694 33433 31435 7474 2600 23961 10013
is_linear=0
shrinkage=1


Tree=1
num_leaves=15
num_cat=0
split_feature=28 27 29 27 15 2 3 11 17 14 23 2 3 14
split_gain=145.639 76.3898 72.7765 82.9978 39.4106 80.053 54.4812 59.9096 30.6856 25.072 20.6677 19.3454 19.0073 33.9119
threshold=-0.2693240344524383 0.054511256515979774 -0.60785761475563038 -0.88186877965927113 12.503796100616457 0.51918441057205211 0.21009274572134021 0.12813195586204532 20.500000000000004 -12.533125877380369 1.0878710150718691 0.58916833996772777 0.2945638000965119 -6.3011543750762931
decision_type=2 2 2 2 8 8 10 10 2 10 10 10 10 10
left_child=12 2 -2 9 5 -3 -6 -8 -5 10 -4 -10 13 -1
right_child=1 4 3 8 6 -7 7 -9 11 -11 -12 -13 -14 -15
leaf_value=-0.0025093109373987388 0.0047920765537000382 0.0045162966602877771 -0.0046323005700630816 0 -0.006577538015149949 -0.00020677301485492197 -0.0016878458508431723 0.0050735455608733214 -0.00035755925749857891 0.00013339373136209162 0 -0.0053019537646332333 0.0015950345511934934 0.0023780218307889347
leaf_weight=323.08737935684621 131.29295114986598 463.28264361433685 246.69327477179468 144.20588039420545 175.21650045923889 1591.324881169945 747.19615641608834 153.93694164417684 107.51587420515716 897.71654828824103 168.3933096062392 1110.8385317828506 3981.2673349473625 247.12082162685692
leaf_count=3661 1702 5676 3344 2017 1995 19931 9189 1801 1736 11074 1792 12985 49574 2694
internal_value=0 -0.0010549 -0.00226355 -0.00263755 1.85349e-05 0.000851343 -0.00152862 -0.00045535 -0.00438481 -0.000778521 -0.00281334 -0.0049036 0.0013464 -0.000317685
internal_weight=0 5937.61 2806.66 2675.36 3130.96 2054.61 1076.35 901.133 1362.56 1312.8 415.087 1218.35 4551.48 570.208
internal_count=129171 73242 34650 32948 38592 25607 12985 10990 16738 16210 5136 14721 55929 6355
is_linear=0
shrinkage=0.0101079


Tree=2
num_leaves=15
num_cat=0
split_feature=28 2 29 0 13 27 16 0 16 12 29 27 27 7
split_gain=148.649 82.1139 62.4567 57.0854 52.3286 46.9889 30.9565 28.1353 28.8287 27.0867 21.657 21.4495 38.999 24.1516
threshold=-0.24825246632099149 0.51918441057205211 -0.60785761475563038 0.66334891319274913 0.044308964163064964 0.054511256515979774 0.8118523657321931 0.66970714926719677 0.25749626755714422 0.0066379345953464517 1.0000000180025095e-35 -0.45201864838600153 -0.91080963611602772 -7.5243120193481436
decision_type=2 8 2 10 10 2 10 10 10 8 2 2 2 10
left_child=-1 4 -3 5 7 6 9 8 -2 10 -4 12 -5 -13
right_child=1 2 3 11 -6 -7 -8 -9 -10 -11 -12 13 -14 -15
leaf_value=0.0013533080868343558 0.0054846526533032592 0.0051627409006861427 -0.00080676317374402833 -0.00062451197333995411 -0.0028252448612980591 -0.0014615414150571707 0 0.0056187598432015763 -0.00074502430046576073 -0.0083306507992090707 -0.00554775006495648 0.0020875762361270539 -0.0041453975503710329 -0.00077486217304105162
leaf_weight=4645.7427212502807 99.451237343251705 128.03243683092296 179.16136100888252 1081.0173655394465 169.42849648743868 891.21892723999918 129.0047910399735 289.45282631926239 229.38375589624047 270.48090647347271 308.27658657357097 389.7743652369827 475.24434133060277 1225.027831248939
leaf_count=56991 1247 1638 2064 13371 2097 11249 1818 3416 3043 3107 3602 5132 6005 14520
internal_value=0 -0.00106532 -0.00154103 -0.0017303 0.00193531 -0.00318558 -0.00484544 0.00332308 0.00110036 -0.00561836 -0.00392627 -0.000895844 -0.00174058 -5.24066e-05
internal_weight=0 5864.96 5077.24 4949.21 787.716 1778.14 886.924 618.288 328.835 757.919 487.438 3171.06 1556.26 1614.8
internal_count=129300 72309 62506 60868 9803 21840 10591 7706 4290 8773 5666 39028 19376 19652
is_linear=0
shrinkage=0.0101079


Tree=3
num_leaves=15
num_cat=0
split_feature=28 2 15 22 29 30 20 3 15 28 3 28 11 3
split_gain=134.899 78.9292 68.8076 52.9156 48.4873 41.4716 38.0284 33.8393 32.1488 31.1194 28.9069 26.4161 23.4005 23.108
threshold=-0.24825246632099149 0.51918441057205211 12.610247611999513 -0.8509058654308318 -1.0000000180025095e-35 1.0000000180025095e-35 2.1152470111846928 0.21009274572134021 18.312766075134281 0.5464349389076234 0.34598754346370703 0.69930991530418407 0.08964769542217256 0.27139933407306677
decision_type=2 8 10 10 2 2 10 10 10 2 10 2 10 10
left_child=-1 2 -2 4 -3 6 -5 -4 -6 -8 13 -12 -13 -7
right_child=1 3 7 5 8 10 9 -9 -10 -11 11 12 -14 -15
leaf_value=0.0013094428966708535 0.0039866719966915112 0.0015378641709356679 -0.0065074427182527581 -0.0026221146472259569 -0.0050882881579262561 0 0.0020132087079176393 0.00072396317118212739 0.00062159099259460752 -0.0022014653811509403 -0.0013520693027577852 3.2798541281722045e-06 0.0046905460209935267 0.0063160132191003209
leaf_weight=4633.340623954311 537.27048711292446 150.99367681518197 105.17493692599237 1649.0322752725333 791.24809766747057 114.57087593153119 401.17459584586322 136.2303258087486 99.343760576099157 308.6582514103502 875.37665460631251 386.04583776928484 154.29313123784959 126.75095132924616
leaf_count=56963 6701 2008 1154 20343 10289 1245 4886 1831 1303 3399 10802 4872 1713 1522
internal_value=0 -0.000998704 0.00196159 -0.00146475 -0.00350118 -0.000920866 -0.00178207 -0.00236686 -0.00440641 0.000120162 0.000283311 -0.000247362 0.00146232 0.00347132
internal_weight=0 5836.16 778.676 5057.49 1041.59 4015.9 2358.87 241.405 890.592 709.833 1657.04 1415.72 540.339 241.322
internal_count=129031 72068 9686 62382 13600 48782 28628 2985 11592 8285 20154 17387 6585 2767
is_linear=0
shrinkage=0.0101079


Tree=4
num_leaves=15
num_cat=0
split_feature=0 27 16 3 22 2 30 15 8 3 17 2 11 0
split_gain=103.795 61.6084 42.3668 45.3494 35.0219 39.6662 32.4252 74.4623 29.9425 29.0254 22.4148 21.8081 24.8173 17.0408
threshold=0.66334891319274913 -0.50938662886619557 0.14981112629175189 0.35362634062767034 0.50081536173820507 0.90312743186950695 1.0000000180025095e-35 17.94438457489014 0.81384000182151806 0.23643351346254352 23.500000000000004 0.49048981070518499 0.076440237462520613 0.52681666612625133
decision_type=10 2 8 10 10 8 2 10 10 10 2 10 10 10
left_child=1 -1 3 -3 5 9 10 8 13 -2 -4 -11 -13 -8
right_child=4 2 6 -5 -6 -7 7 -9 -10 11 -12 12 -14 -15
leaf_value=-0.005569580488271963 -0.0016734984499244094 0.0077898664562704931 0 -0.00090676166899345976 0.0016634200148125102 -0.00056149900855684959 -0.0050314065371996914 0.0066543765476733728 0.0022576111914684072 0.0038623880082613088 -0.0035984505940830922 0.00036311454946299604 0.0031675387027306472 -0.00080518411325242753
leaf_weight=384.91641030460596 317.24642841331661 98.674664944410324 252.33027041889727 124.91077494621277 2036.6583738606423 3518.3306498546153 203.2316600587219 131.39152124151587 140.29068675078452 347.12527965568006 808.12110696174204 1423.9727604221553 428.06274042092264 238.98820928111672
leaf_count=4392 3689 1157 2992 1737 25474 43764 2729 1455 1705 3853 9903 17593 5208 3129
internal_value=0 -0.00187908 -0.0011294 0.0028866 0.000518334 0.000123564 -0.00166838 0 -0.00156837 0.00109624 -0.0027831 0.00151855 0.00104342 -0.00288987
internal_weight=0 2382.86 1997.94 223.585 8071.4 6034.74 1774.35 713.902 582.511 2516.41 1060.45 2199.16 1852.04 442.22
internal_count=128780 29199 24807 2894 99581 74107 21913 9018 7563 30343 12895 26654 22801 5858
is_linear=0
shrinkage=0.0101079


Tree=5
num_leaves=15
num_cat=0
split_feature=23 27 23 30 12 16 23 3 3 2 13 3 6 12
split_gain=93.2982 59.279 32.5818 38.6626 38.0609 32.1531 29.6169 41.0173 28.3312 33.2476 27.7623 27.0409 25.4829 23.543
threshold=0.74127396941185009 -0.50938662886619557 0.43794727325439459 0.81174489855766307 0.033757524564862258 0.16537290811538699 1.1049788594245913 0.46483260393142706 0.20560126006603244 0.52495768666267406 0.035118248313665397 0.26293791830539709 -3.7100858688354488 -0.1392903998494148
decision_type=10 2 10 2 10 8 10 10 10 8 10 10 10 10
left_child=1 -1 -3 5 10 12 7 11 -7 -10 -5 -2 -4 -9
right_child=6 2 3 4 -6 8 -8 13 9 -11 -12 -13 -14 -15
leaf_value=-0.0042262653222338107 -0.00109530300692252 -0.0033506956295383901 -0.0002888520492416118 0.0017063858626355632 -0.0025338061916830353 -0.0052644443791498201 0.0014073676781444196 -0.0049450884862251169 0.0018333482263664764 -0.0017211970527866052 0.0079722592571150868 0.001867842554934103 0.0058321431737348751 -0.00055380676415880991
leaf_weight=612.7898459341377 381.05689536035061 415.7632790915668 139.0980555023998 260.614771284163 115.30729695037007 173.90504983067513 2968.1252550911158 129.32623378746212 325.44387965649366 1247.5101124960929 111.78257738798857 1402.4932531863451 110.60066364705563 2078.2737250048667
leaf_count=7443 4436 5929 1861 3231 1522 1814 37131 1605 4064 14893 1191 16633 1382 25849
internal_value=0 -0.00137517 -0.000749284 -0.000288734 0.00221715 -0.000927171 0.000643426 6.357e-05 -0.00142799 -0.000954838 0.00381612 0.00121018 0.00235755 -0.000845492
internal_weight=0 3512.82 2900.03 2484.26 487.705 1996.56 6959.28 3991.15 1746.86 1572.95 372.397 1783.55 249.699 2207.6
internal_count=128984 43330 35887 29958 5944 24014 85654 48523 20771 18957 4422 21069 3243 27454
is_linear=0
shrinkage=0.0101079


end of trees

feature_importances:
Column_3=11
Column_27=9
Column_2=7
Column_11=6
Column_28=6
Column_16=5
Column_23=5
Column_29=5
Column_0=4
Column_12=4
Column_15=4
Column_13=3
Column_17=3
Column_30=3
Column_14=2
Column_22=2
Column_5=1
Column_6=1
Column_7=1
Column_8=1
Column_20=1

parameters:
[boosting: gbdt]
[objective: binary]
[metric: auc]
[tree_learner: serial]
[device_type: cpu]
[data_sample_strategy: bagging]
[data: ]
[valid: ]
[num_iterations: 600]
[learning_rate: 0.0101079]
[num_leaves: 15]
[num_threads: 2]
[seed: 42]
[deterministic: 0]
[force_col_wise: 0]
[force_row_wise: 0]
[histogram_pool_size: -1]
[max_depth: -1]
[min_data_in_leaf: 1280]
[min_sum_hessian_in_leaf: 0.001]
[bagging_fraction: 0.829452]
[pos_bagging_fraction: 1]
[neg_bagging_fraction: 1]
[bagging_freq: 1]
[bagging_seed: 42]
[feature_fraction: 0.727545]
[feature_fraction_bynode: 1]
[feature_fraction_seed: 42]
[extra_trees: 0]
[extra_seed: 12879]
[early_stopping_round: 0]
[early_stopping_min_delta: 0]
[first_metric_only: 0]
[max_delta_step: 0]
[lambda_l1: 4.00664]
[lambda_l2: 7.63247]
[linear_lambda: 0]
[min_gain_to_split: 0]
[drop_rate: 0.1]
[max_drop: 50]
[skip_drop: 0.5]
[xgboost_dart_mode: 0]
[uniform_drop: 0]
[drop_seed: 17869]
[top_rate: 0.2]
[other_rate: 0.1]
[min_data_per_group: 100]
[max_cat_threshold: 32]
[cat_l2: 10]
[cat_smooth: 10]
[max_cat_to_onehot: 4]
[top_k: 20]
[monotone_constraints: ]
[monotone_constraints_method: basic]
[monotone_penalty: 0]
[feature_contri: ]
[forcedsplits_filename: ]
[refit_decay_rate: 0.9]
[cegb_tradeoff: 1]
[cegb_penalty_split: 0]
[cegb_penalty_feature_lazy: ]
[cegb_penalty_feature_coupled: ]
[path_smooth: 0]
[interaction_constraints: ]
[verbosity: -1]
[saved_feature_importance_type: 0]
[use_quantized_grad: 0]
[num_grad_quant_bins: 4]
[quant_train_renew_leaf: 0]
[stochastic_rounding: 1]
[linear_tree: 0]
[max_bin: 255]
[max_bin_by_feature: ]
[min_data_in_bin: 3]
[bin_construct_sample_cnt: 200000]
[data_random_seed: 175]
[is_enable_sparse: 1]
[enable_bundle: 1]
[use_missing: 1]
[zero_as_missing: 0]
[feature_pre_filter: 1]
[pre_partition: 0]
[two_round: 0]
[header: 0]
[label_column: ]
[weight_column: ]
[group_column: ]
[ignore_column: ]
[categorical_feature: ]
[forcedbins_filename: ]
[precise_float_parser: 0]
[parser_config_file: ]
[objective_seed: 16083]
[num_class: 1]
[is_unbalance: 0]
[scale_pos_weight: 1]
[sigmoid: 1]
[boost_from_average: 1]
[reg_sqrt: 0]
[alpha: 0.9]
[fair_c: 1]
[poisson_max_delta_step: 0.7]
[tweedie_variance_power: 1.5]
[lambdarank_truncation_level: 30]
[lambdarank_norm: 1]
[label_gain: ]
[lambdarank_position_bias_regularization: 0]
[eval_at: ]
[multi_error_top_k: 1]
[auc_mu_weights: ]
[num_machines: 1]
[local_listen_port: 12400]
[time_out: 120]
[machine_list_filename: ]
[machines: ]
[gpu_platform_id: -1]
[gpu_device_id: -1]
[gpu_use_dp: 0]
[num_gpu: 1]

end of parameters

pandas_categorical:null
