tree
version=v4
num_class=1
num_tree_per_iteration=1
label_index=0
max_feature_idx=33
objective=binary sigmoid:1
feature_names=Column_0 Column_1 Column_2 Column_3 Column_4 Column_5 Column_6 Column_7 Column_8 Column_9 Column_10 Column_11 Column_12 Column_13 Column_14 Column_15 Column_16 Column_17 Column_18 Column_19 Column_20 Column_21 Column_22 Column_23 Column_24 Column_25 Column_26 Column_27 Column_28 Column_29 Column_30 Column_31 Column_32 Column_33
feature_infos=[0.22403052449226379:4.806818962097168] [0.027025075629353523:26.170040130615234] [0.17134076356887817:8.6935958862304688] [0.087584272027015686:1] [-28.67047119140625:41.262332916259766] [-36.190670013427734:42.326030731201172] [-36.841156005859375:62.500308990478516] [-45.158794403076172:63.120437622070312] [-22.455821990966797:30.680826187133789] [0:0.95389312505722046] [0:0.64536702632904053] [0:0.40022626519203186] [-0.51016271114349365:0.5480339527130127] [-0.15783818066120148:0.22172828018665314] [-46.22015380859375:17.161741256713867] [-8.3726015090942383:64.2962646484375] [0:1] [0:95] [0:95] [-1:1] [-29.775985717773438:44.984848022460938] [-30.712318420410156:55.0223388671875] [-2.5033562183380127:15.253066062927246] [0.17266726493835449:4.0791497230529785] [-1:1] [0:1] [0:1] [-1:1] [-1:1] [-0.78183150291442871:0.97492790222167969] [-0.90096884965896606:1] [0:1] [0:1] none
tree_sizes=1724 1800 1810 1795 1782 1799 1793 1742 1788 1787 1820 1810 1756 1801 1750 1800 1791 1786 1801 1810 1791 1781 1798 1819 1808 1788 1780 1807 1794

Tree=0
num_leaves=15
num_cat=0
split_feature=28 2 29 21 22 21 29 23 16 5 8 3 14 23
split_gain=136.816 83.2164 64.1187 56.9482 55.2344 42.3273 25.9483 22.0902 27.8644 22.8831 19.7521 19.3814 30.9128 23.2866
threshold=-0.29026740789413447 0.53490236401557933 -0.60785761475563038 4.411201238632203 -0.71212422847747792 8.1203513145446795 -1.0000000180025095e-35 0.62001347541809093 0.2617186307907105 -1.3033400177955625 0.95790567994117748 0.2945638000965119 -6.3011543750762931 0.84172803163528453
decision_type=2 8 2 10 10 10 2 10 10 10 10 10 10 10
left_child=11 3 -3 7 5 6 -4 8 -2 -9 -8 12 -1 -14
right_child=1 2 4 -5 -6 -7 10 9 -10 -11 -12 -13 13 -15
leaf_value=-1.0549770379087062 -1.0472247291182561 -1.0472552403880409 -1.0527779417824512 -1.0559284911373341 -1.0535086965464 -1.0510979819755497 -1.0576815028404405 -1.0519515707499536 -1.0533537119450236 -1.0461831109344988 -1.0541181394539558 -1.050956816191299 -1.0471947823866643 -1.0531478785106714
leaf_weight=323.18314382620156 98.910261560231447 128.5292738173157 195.97936066053808 159.61254271119833 3497.0512427613139 156.10201527178288 926.98343400843441 118.5327931586653 232.29196032136679 267.74002501182258 244.76493838243186 3899.4911429472268 118.46833139099181 118.1549124121666
leaf_count=3615 1282 1643 2492 2018 42280 2042 11665 1404 3118 3161 3177 48663 1144 1450
internal_value=-1.05255 -1.05354 -1.05404 -1.0507 -1.05423 -1.05584 -1.05642 -1.04946 -1.05156 -1.0478 -1.05699 -1.05121 -1.05291 -1.05026
internal_weight=0 6026.5 5149.41 877.088 5020.88 1523.83 1367.73 717.475 331.202 386.273 1171.75 4459.3 559.806 236.623
internal_count=129154 74282 63299 10983 61656 19376 17334 8965 4400 4565 14842 54872 6209 2594
is_linear=0
shrinkage=1


Tree=1
num_leaves=15
num_cat=0
split_feature=0 27 30 15 12 15 27 14 7 30 23 14 3 14
split_gain=116.139 63.4168 39.3111 75.9121 36.9928 36.6084 27.653 51.506 35.8165 37.9041 31.5561 30.4893 23.4447 27.2002
threshold=0.66334891319274913 -0.49049438536167139 1.0000000180025095e-35 17.94438457489014 0.0052540635224431762 4.1503901481628427 -0.71473535895347584 -9.1372427940368635 -6.8926038742065421 -0.56174489110708226 1.0878710150718691 -24.152421951293942 0.22872054576873782 -9.8597674369811994
decision_type=10 2 2 10 8 10 2 10 10 2 10 10 10 10
left_child=1 -1 5 4 -4 -3 7 10 9 -8 -2 -11 -10 -14
right_child=6 2 3 -5 -6 -7 8 -9 12 11 -12 -13 13 -15
leaf_value=-0.0056487812403662654 -0.003907987301321871 0.0013347995133055474 0.0010474473714119242 0.0072782150343762755 -0.0036491785765865562 -0.0032012420211891338 0 0.0010242165958577001 -0.0027654742802284229 -5.0331214960749487e-05 -0.00041580317692305061 0.0042958934729176463 -0.00091311089760777702 0.0010680500256291488
leaf_weight=401.00324846431613 474.02089893631637 204.07344233989716 392.56265156157315 132.09917457960546 282.83405429683626 984.66210884787142 519.63179784826934 1256.9957242142409 210.17016448639333 184.61371031217277 657.21797404997051 790.56923176348209 889.02178928628564 3102.0922891553491
leaf_count=4578 6123 2656 4888 1439 3843 11799 6943 15874 2358 2045 7510 10109 10994 37812
internal_value=0 -0.00198995 -0.00121604 0.000461542 -0.000878853 -0.00238513 0.000539628 -0.000360408 0.000924069 0.00227021 -0.00193107 0.00343789 0.000432242 0.000615718
internal_weight=0 2397.23 1996.23 807.496 675.397 1188.74 8084.33 2388.23 5696.1 1494.81 1131.24 975.183 4201.28 3991.11
internal_count=128971 29203 24625 10170 8731 14455 99768 29507 70261 19097 13633 12154 51164 48806
is_linear=0
shrinkage=0.0101079


Tree=2
num_leaves=15
num_cat=0
split_feature=28 2 3 22 29 21 13 21 14 2 23 3 12 2
split_gain=138.845 69.7122 61.4021 52.0813 40.8188 25.4086 22.9636 21.9868 20.32 21.3311 22.1024 24.8789 24.8453 29.1444
threshold=-0.2693240344524383 0.52495768666267406 0.22518842667341235 -0.8509058654308318 -1.0000000180025095e-35 7.4198844432830819 0.012458930257707836 8.4293198585510272 -28.256291389465328 2.2923295497894292 0.66727489233016979 0.40302027761936193 -0.087958421558141694 0.8676707148551942
decision_type=2 8 10 10 2 10 10 10 8 10 10 8 10 8
left_child=-1 2 6 4 -3 -6 -2 8 -5 10 -10 -12 -13 -14
right_child=1 3 -4 7 5 -7 -8 -9 9 -11 11 12 13 -15
leaf_value=0.0012961685903915001 0.0002815117812550869 0.0011223764379110835 0.0033910254121580423 0.0027424443990507405 -0.0049539304515435739 1.4571286413665352e-05 -0.0057267849368632801 0.00070580789747614757 -0.002317570412175193 -0.0039945152570989911 0.0018167548579206098 0.0019522095420588968 0.00058502215213431473 -0.002567501511542235
leaf_weight=4549.5908057913184 112.61613281443715 148.89724793843925 591.27675782889128 110.04070625267923 787.99411976523697 102.49752821773291 114.03076086752117 645.83429509960115 1077.0597868971527 308.13694398477674 370.21883739344776 222.60066315345466 407.68072246387601 937.90036412887275
leaf_count=56017 1327 1979 7614 1278 10127 1382 1278 7667 13131 3498 4632 2810 5045 11477
internal_value=0 -0.00104866 0.0016571 -0.00149073 -0.00351778 -0.00434169 -0.00265661 -0.000958754 -0.00128448 -0.00143594 -0.00115167 -0.000476491 -0.00104976 -0.00158452
internal_weight=0 5936.78 817.924 5118.86 1039.39 890.492 226.647 4079.47 3433.64 3323.6 3015.46 1938.4 1568.18 1345.58
internal_count=129262 73245 10219 63026 13488 11509 2605 49538 41871 40593 37095 23964 19332 16522
is_linear=0
shrinkage=0.0101079


Tree=3
num_leaves=15
num_cat=0
split_feature=22 23 27 14 29 2 30 14 2 21 12 29 21 23
split_gain=93.8533 44.2276 52.6725 42.2487 39.772 38.833 32.0761 31.6858 28.8442 28.7242 26.5969 27.3532 23.5856 22.5211
threshold=-0.8509058654308318 1.0878710150718691 -0.50938662886619557 -27.292883872985836 -1.0000000180025095e-35 0.60190457105636608 1.0000000180025095e-35 -9.7110323905944806 1.5396708250045779 5.3038940429687509 -0.067742437124252305 0.6078576147556306 6.6996576786041269 0.58092713356018078
decision_type=10 10 2 8 2 8 2 10 8 10 10 2 10 10
left_child=4 2 7 -4 -1 -6 9 -2 -3 13 -8 -12 -7 -5
right_child=1 8 3 6 5 12 10 -9 -10 -11 11 -13 -14 -15
leaf_value=0.0014817217113198234 -0.0041584253216131522 0.0021333807348314334 0.0060632029128848122 -0.0021088738887864943 0.00014483708477534357 -0.0050573389257896235 0.004386200605504563 -0.0005751116655834615 0.00012328275903600262 -0.0025693626612691574 0.001795655810768173 -0.00069893693328609038 0 0.00038463568148849018
leaf_weight=185.95465280860662 478.12694460339844 1748.0620513688773 116.14841995947063 447.19443635828793 227.5981365237385 729.37479184195399 216.70892097428441 594.64354702085257 1326.1325028203428 587.72098992206156 951.55502083525062 809.63540321215987 119.51189487986267 1949.8893479537219
leaf_count=2465 5873 22473 1254 5535 3107 9409 2579 7772 16093 7070 11480 9576 1615 22944
internal_value=0 0.000291697 -0.000197527 0.00022604 -0.00263815 -0.0033926 7.21764e-05 -0.00222775 0.00128187 -0.000580102 0.00107536 0.000627905 -0.00438116 -6.89234e-05
internal_weight=0 9225.82 6151.62 5078.85 1262.44 1076.48 4962.7 1072.77 3074.19 2984.8 1977.9 1761.19 848.887 2397.08
internal_count=129245 112649 74083 60438 16596 14131 59184 13645 38566 35549 23635 21056 11024 28479
is_linear=0
shrinkage=0.0101079


Tree=4
num_leaves=15
num_cat=0
split_feature=28 27 29 27 3 16 17 5 7 3 29 7 11 3
split_gain=139.967 82.6989 76.2462 69.4875 41.1401 50.1373 31.0036 32.3608 30.75 26.7739 26.7072 40.1732 36.5994 21.5316
threshold=-0.24825246632099149 0.054511256515979774 -0.60785761475563038 -0.89194178581237782 0.21009274572134021 0.36638145148754125 20.500000000000004 -4.8238728046417227 19.832351684570316 0.36931885778903967 1.0000000180025095e-35 1.093744218349457 0.088874645531177535 0.2945638000965119
decision_type=2 2 2 2 10 10 2 8 10 10 2 10 10 10
left_child=13 2 -2 -4 5 -3 -5 -8 9 10 12 -12 -6 -1
right_child=1 4 3 6 8 -7 7 -9 -10 -11 11 -13 -14 -15
leaf_value=-0.0004603819793356782 0.004904943552801337 0.0015142965481372015 -0.00092319460028240995 0 0.0056596486666106666 -0.0067410974068815091 0.00018416637975513607 -0.0052915059768293459 0.0049720190586252967 -0.00058940728854531765 0.0022695368795255227 -0.0028481564443144998 -0.00056980697427863624 0.0015580796846944385
leaf_weight=584.99664098024368 131.08231020718813 110.70775445736945 1242.289601650089 151.22781275585294 263.55463337898254 178.6705950461328 105.81675770506263 1131.1430144608021 139.6673584189266 1627.0695897117257 375.07022983394563 256.45026789233088 130.3079660218209 4061.9787717759609
leaf_count=6496 1705 1390 15291 2128 3253 1957 1399 13608 1626 20059 4588 3522 1614 50549
internal_value=0 -0.0010537 -0.00232187 -0.00271049 7.26166e-05 -0.00348872 -0.00426714 -0.00479229 0.000464686 0.000198539 0.00148317 0.000118767 0.00352613 0.00129494
internal_weight=0 5843.06 2761.56 2630.48 3081.5 289.378 1388.19 1236.96 2792.12 2652.45 1025.38 631.52 393.863 4646.98
internal_count=129185 72140 34131 32426 38009 3347 17135 15007 34662 33036 12977 8110 4867 57045
is_linear=0
shrinkage=0.0101079


Tree=5
num_leaves=15
num_cat=0
split_feature=0 1 2 2 17 12 13 30 29 14 0 30 2 23
split_gain=117.756 32.7392 36.0064 31.7225 35.0237 25.4884 24.1401 23.2181 22.0594 30.9455 19.0937 18.5595 20.2585 18.3422
threshold=0.65284880995750438 1.0424152016639712 0.84358713030815136 0.60190457105636608 11.500000000000002 -0.016971415840089318 0.068326625972986235 1.0000000180025095e-35 1.0000000180025095e-35 -6.3011543750762931 0.52160111069679271 -0.56174489110708226 0.47848986089229589 1.0878710150718691
decision_type=10 10 8 8 2 8 10 2 2 10 10 2 10 10
left_child=3 2 6 11 -5 7 8 -6 9 -2 -9 -1 -13 -4
right_child=1 -3 13 4 5 -7 -8 10 -10 -11 -12 12 -14 -15
leaf_value=-0.0022959513339096825 0.0011939720110049259 0.0012927890917768636 -0.0011768875491240207 0.0010280147020879013 -0.0036418207167184737 -0.0046644662555033163 -0.0032315824775669562 -0.0027566924142704073 0.00047258702782957654 0.0060065706863954259 0.0022033601819687956 -0.00079365206663183964 0.0035687962379890741 0.00053334535017740504
leaf_weight=255.64807143248618 442.05971190333366 3333.9463190529495 2182.847655761987 190.22034039348364 321.5188943259418 774.1396387014538 109.85269115865231 124.36725869216025 1064.3286330606788 215.3663284778595 188.02975639328361 220.52397794835269 184.66560423001647 862.91460191272199
leaf_count=3129 5423 41328 26892 2429 4064 9468 1419 1441 12621 2605 2154 2694 2385 11018
internal_value=0 0.00052204 0 -0.00207982 -0.00284863 -0.00340366 0.00111122 -0.00176367 0.00142476 0.00288227 8.35335e-05 -0.000148523 0.00112566 -0.000678965
internal_weight=0 8211.32 4877.37 2259.11 1598.28 1408.06 1831.61 633.916 1721.75 657.426 312.397 660.838 405.19 3045.76
internal_count=129070 101306 59978 27764 19556 17127 22068 7659 20649 8028 3595 8208 5079 37910
is_linear=0
shrinkage=0.0101079


Tree=6
num_leaves=15
num_cat=0
split_feature=28 27 29 27 30 15 2 5 20 5 15 2 21 29
split_gain=134.959 68.6088 79.1792 64.0748 49.3794 44.425 72.1396 35.4509 29.6387 29.5163 36.9144 31.3657 27.5385 24.643
threshold=-0.24825246632099149 0.032717135734856136 -1.0000000180025095e-35 -0.91959547996520985 0.81174489855766307 11.995816230773928 0.51918441057205211 0.70291158556938182 3.2017439603805546 -4.8238728046417227 18.888646125793461 0.6107049584388734 0.54432603716850292 -0.60785761475563038
decision_type=2 2 2 2 2 10 10 8 10 10 10 8 10 2
left_child=-1 2 13 -4 5 6 -3 -6 -7 -5 11 -11 -8 -2
right_child=1 4 3 9 7 8 12 -9 -10 10 -12 -13 -14 -15
leaf_value=0.0013394630460400966 0.0048560420371691971 0.0040661497417870023 -0.00087333800035129634 0.00033567720677493755 0.0044823412426948876 -0.0034655468057748474 -0.001714878666541908 -0.00034949893461104953 0.00068791133609796091 -3.5663881591873146e-05 -0.00020338636945763867 -0.0062586670655918383 0.0016235836570373226 0
leaf_weight=4637.0414736475796 135.17405156604946 404.48718141950667 897.05376170016825 103.18548748455942 380.85683762095869 663.21308786794543 918.78107043914497 232.20730662345886 214.29298944398761 105.61375476792455 163.83067743852735 900.02331026270986 329.16345306299627 408.44790405035019
leaf_count=56841 1742 5130 11132 1435 4735 8250 11497 2858 2533 1573 2108 10690 3682 4943
internal_value=0 -0.000966732 -0.00214211 -0.00300988 3.78356e-05 -0.000574295 0.000381834 0.00260517 -0.0024083 -0.00447004 -0.00492789 -0.00565028 -0.000797539 0.0012416
internal_weight=0 5856.33 2713.33 2169.71 3143 2529.94 1652.43 613.064 877.506 1272.65 1169.47 1005.64 1247.94 543.622
internal_count=129149 72308 33623 26938 38685 31092 20309 7593 10783 15806 14371 12263 15179 6685
is_linear=0
shrinkage=0.0101079


Tree=7
num_leaves=15
num_cat=0
split_feature=28 2 29 13 27 27 30 5 20 17 5 11 14 11
split_gain=128.337 68.8152 58.876 53.6014 48.7163 72.4003 38.9944 35.1064 29.3415 28.5572 30.005 28.4855 22.8881 22.2594
threshold=-0.24825246632099149 0.51918441057205211 -0.60785761475563038 0.052418868988752372 0.032717135734856136 -0.87137606739997853 0.81174489855766307 0.38916337490081793 2.0257796049118046 20.500000000000004 -4.4428606033325186 0.064080152660608306 -12.325846195220945 0.01515200547873974
decision_type=2 8 2 10 2 2 2 8 10 2 8 10 10 10
left_child=-1 3 -3 13 5 12 8 -8 -6 -7 -11 -10 -4 -2
right_child=1 2 4 -5 6 9 7 -9 11 10 -12 -13 -14 -15
leaf_value=0.001209043217912608 -0.00060057296877499822 0.0049446074383087445 -0.002839490085126645 -0.0040671208766299097 -0.002175803897129013 0 0.0040027414408657456 -0.001058887159927405 -0.0014346787498220736 0 -0.0055239292193680189 0.002909737473798614 0 0.0038149910903430726
leaf_weight=4642.5544537808746 127.27948189154267 131.43910194560885 419.85464192554355 124.64283608272672 1291.3267380520701 129.16289184242487 301.68637285754085 233.02338134124875 327.95149970240891 108.69156346097589 974.49251233041286 270.66658443771303 852.1887919344008 530.23105481825769
leaf_count=56960 1542 1664 5234 1599 16551 1846 3821 2905 3698 1410 11541 3104 10495 6618
internal_value=0 -0.00104203 -0.00147932 0.00171178 -0.00166696 -0.00266481 -0.000622732 0.00173838 -0.00131639 -0.00443399 -0.00496618 0.00047476 -0.000930614 0.00290227
internal_weight=0 5822.64 5040.48 782.153 4909.04 2484.39 2424.65 534.71 1889.94 1212.35 1083.18 598.618 1272.04 657.511
internal_count=128988 72028 62269 9759 60605 30526 30079 6726 23353 14797 12951 6802 15729 8160
is_linear=0
shrinkage=0.0101079


Tree=8
num_leaves=15
num_cat=0
split_feature=28 2 15 22 29 29 13 27 27 21 20 21 14 23
split_gain=136.588 70.4088 73.9044 52.1813 38.387 28.2319 35.395 27.036 58.4702 27.1265 22.7896 27.3271 17.2845 22.8412
threshold=-0.2693240344524383 0.51918441057205211 12.305102348327638 -1.0093861818313596 -0.60785761475563038 0.87837970256805431 0.0035163054708391432 -0.032717135734856122 -0.88186877965927113 -6.3748443126678458 -3.2980195283889766 -2.238567471504211 -13.175926208496092 1.0990168452262881
decision_type=2 8 10 10 2 2 10 2 2 10 10 10 10 10
left_child=-1 2 5 -3 -5 6 -2 8 12 -9 -11 -12 13 -6
right_child=1 3 -4 4 7 -7 -8 9 -10 10 11 -13 -14 -15
leaf_value=0.0013221809830922158 0 -0.0042509706647535957 -0.0025393038050864495 0.004343900257548064 -0.0045388557339597615 0.0073929406481942272 0.0068952775241309661 0.0020223565188957908 -0.004257747657323915 0.0032926463326717007 -0.0037020976106669819 -0.00058755224155536423 4.9483155645143719e-05 0.00032573690816375012
leaf_weight=4577.3059809990227 261.26324771344662 597.59516349248588 256.37133561260998 120.34982812963426 218.44946544058621 167.42721719108522 103.61833425052464 362.39622405730188 774.28295498341322 110.56493344530463 362.39876438491046 1548.901184597984 881.22938158363104 147.54520227015018
leaf_count=56047 3350 7939 3161 1491 2943 2031 1288 4838 9158 1502 4539 18507 10828 1575
internal_value=0 -0.00100174 0.0017748 -0.00143902 -0.00105229 0.00393409 0.00211932 -0.00121613 -0.00207986 -0.000462573 -0.000933854 -0.00121158 -0.000677867 -0.00250278
internal_weight=0 5912.39 788.68 5123.71 4526.12 532.309 364.882 4405.77 2021.51 2384.26 2021.86 1911.3 1247.22 365.995
internal_count=129197 73150 9830 63320 55381 6669 4638 53890 24504 29386 24548 23046 15346 4518
is_linear=0
shrinkage=0.0101079


Tree=9
num_leaves=15
num_cat=0
split_feature=28 29 27 27 13 7 17 5 30 13 12 15 20 7
split_gain=114.925 60.8788 82.8561 89.4155 48.9803 33.7566 27.8232 28.2811 27.6559 33.7755 46.2845 25.8686 33.6454 24.0085
threshold=-0.35222910344600672 -0.60785761475563038 -1.0000000180025095e-35 -0.88186877965927113 -0.075801309198141084 -21.268518447875973 17.500000000000004 -4.5266096591949454 0.81174489855766307 -0.0022972276201471682 0.033757524564862258 12.305102348327638 3.329350590705872 12.596425056457521
decision_type=2 2 2 2 8 10 2 8 2 10 10 10 10 10
left_child=-1 -2 3 -3 5 -4 -5 -8 11 -10 -11 -6 -13 -14
right_child=1 2 4 6 8 -7 7 -9 9 10 -12 12 13 -15
leaf_value=0.0012661336499436551 0.0056680019198276903 -0.00063941710928356156 0.00019386569281799865 0.00014095631965205639 -5.3791273925292119e-06 0.0081943417643001708 0 -0.0053741493084315632 -0.0011855789124912896 0.0063485434033438495 -0.00096848253051028024 -0.0032106452991820709 -0.0018683338390026675 0.0045359367597097829
leaf_weight=4255.2432970739901 132.10051561519504 1462.1968103684485 117.50326620787382 109.0433963984251 1659.3904946837574 113.1792559735477 108.38527883030474 1009.2527805268764 235.55219920910895 222.46836689673364 126.42848581261933 706.47563270665705 107.60868469811976 107.54547576792538
leaf_count=52189 1701 18063 1510 1582 20230 1329 1401 12268 3278 2621 1530 8748 1314 1269
internal_value=0 -0.000888022 -0.00104392 -0.00236678 0 0.00442578 -0.00437628 -0.00485096 -0.000325526 0.0016242 0.00361954 -0.000786155 -0.00213677 0.00119681
internal_weight=0 6217.13 6085.03 2688.88 3396.15 230.683 1226.68 1117.64 3165.47 584.449 348.897 2581.02 921.63 215.154
internal_count=129033 76844 75143 33314 41829 2839 15251 13669 38990 7429 4151 31561 11331 2583
is_linear=0
shrinkage=0.0101079


Tree=10
num_leaves=15
num_cat=0
split_feature=28 2 15 22 29 27 27 23 11 12 29 7 5 14
split_gain=123.985 72.6996 66.3906 52.1377 38.6312 34.6905 48.631 24.0731 23.7196 29.5639 29.6238 22.9569 21.4036 20.742
threshold=-0.22706275433301923 0.51918441057205211 15.54233503341675 -1.0093861818313596 -0.60785761475563038 -1.0000000180025095e-35 -0.88186877965927113 0.58493280410766613 0.039759073406457908 0.051100797951221473 1.0000000180025095e-35 -0.73574069142341603 -1.2220269441604612 -13.175926208496092
decision_type=2 8 10 10 2 2 2 10 10 10 2 10 10 10
left_child=-1 2 7 -3 -5 6 13 -2 9 10 11 -7 -9 -6
right_child=1 3 -4 4 5 8 -8 12 -10 -11 -12 -13 -14 -15
leaf_value=0.0012440708018241751 0.00066033077441016977 -0.0042185004221326206 -0.0041286996515059815 0.0043378069770423112 -0.0028715165129888027 -0.0010324687068600977 -0.0041246092458090576 0.00080583287413493743 0.00043476678868285964 -0.0051909378052383218 -0.0023449201216538883 0.0046312407686034127 0.0064713090925557788 1.6698293010588589e-05
leaf_weight=4720.069114305079 253.31362072005868 599.39864575117826 140.83922935649753 122.90935257077217 343.95162349939346 120.08572432212532 787.48845602013171 117.12032877653837 1452.4723548013717 184.86276644282043 399.86826773360372 142.66950546391308 266.08201558515429 818.28569092601538
leaf_count=57868 3350 7993 1816 1518 4282 1439 9340 1409 18181 2179 4722 1770 3105 10114
internal_value=0 -0.000964738 0.00187472 -0.001419 -0.00101932 -0.00119127 -0.00218425 0.00329913 -0.000327512 -0.00167353 -0.000583862 0.00193693 0.00489291 -0.000816578
internal_weight=0 5749.35 777.355 4971.99 4372.59 4249.68 1949.73 636.516 2299.96 847.486 662.623 262.755 383.202 1162.24
internal_count=129086 71218 9680 61538 53545 52027 23736 7864 28291 10110 7931 3209 4514 14396
is_linear=0
shrinkage=0.0101079


Tree=11
num_leaves=15
num_cat=0
split_feature=28 27 27 27 30 15 2 3 30 8 7 14 12 3
split_gain=126.276 64.8374 42.1603 51.3072 40.0015 36.7863 71.3619 40.5508 36.4885 41.582 33.3444 30.4535 28.2928 26.0442
threshold=-0.24825246632099149 0.054511256515979774 -0.88186877965927113 -0.50938662886619557 0.81174489855766307 12.305102348327638 0.5079406499862672 0.21009274572134021 1.0000000180025095e-35 0.79481631517410289 10.860495567321779 -3.0591461658477779 0.033757524564862258 0.2945638000965119
decision_type=2 2 2 2 2 10 10 10 2 10 8 10 8 10
left_child=13 2 -2 -4 5 6 -3 -7 -5 -10 -9 -12 -6 -1
right_child=1 4 3 8 12 7 -8 10 9 -11 11 -13 -14 -15
leaf_value=-0.00070079862303352666 -0.00070595577646310993 0.0041265105925767627 -0.0053607322136480055 -0.003934549885098425 0.0037792270364825514 -0.0069462434954457187 -0.00080922109468103509 -0.00345293905593553 -0.0013420605033196496 0.0054826789029626634 -0.0017439728856244415 0.0039940563718670139 -0.00081087342758746992 0.0015471160307414039
leaf_weight=573.34144998528063 1272.8594756275415 381.17823158763349 663.64028401114047 341.87458140961826 423.11812361329794 149.83322389796376 1272.3378095272928 321.89434496685863 347.40745110251009 114.02091476693749 183.47737398929894 170.90871191583574 178.79126582294703 4083.7769985664636
leaf_count=6388 15741 4751 8045 4414 5157 1762 15524 4054 4427 1489 2275 2185 2296 50556
internal_value=0 -0.000970249 -0.00209946 -0.00327122 2.33322e-05 -0.000532177 0.000317945 -0.00226966 -0.00146085 0.000319794 -0.00110836 0.000937285 0.00235626 0.001261
internal_weight=0 5821.34 2739.8 1466.94 3081.54 2479.63 1653.52 826.114 803.303 461.428 676.28 354.386 601.909 4657.12
internal_count=129064 72120 34116 18375 38004 30551 20275 10276 10330 5916 8514 4460 7453 56944
is_linear=0
shrinkage=0.0101079


Tree=12
num_leaves=15
num_cat=0
split_feature=28 2 3 0 3 21 3 2 5 28 21 12 13 2
split_gain=110.308 56.6849 56.6263 50.4726 30.3174 34.6119 30.7131 25.6113 29.7297 32.0611 24.8188 23.8165 23.3653 20.9161
threshold=-0.31107263267040247 0.51918441057205211 0.22518842667341235 0.65284880995750438 0.35109052062034612 10.008263111114504 0.24951652437448504 0.84358713030815136 -1.0644917488098142 0.8491516411304475 6.3540153503417978 -0.00065583153627812852 0.01424364745616913 4.0283823013305673
decision_type=2 8 10 10 10 10 10 8 10 2 10 10 10 8
left_child=-1 2 12 10 6 7 -5 -6 9 -9 -3 -8 -2 -7
right_child=1 3 -4 4 5 13 11 8 -10 -11 -12 -13 -14 -15
leaf_value=0.0012373457333258191 0.00039074359949519571 -0.0031881809182365416 0.0033115295201070019 -0.0023030169244124842 0.00043564135316406165 0.0035783894464725013 0 -0.0011769423622927746 -0.0029779526686795686 0.0046082952981810017 0 0.005685086426077568 -0.0056635076353812267 -0.0012616183491352352
leaf_weight=4430.2999317795038 116.03818720392883 1455.0920676123351 576.18562711402774 116.25315603613853 616.40774115361273 251.81070122309029 140.25895270891488 848.46642271801829 1116.5575022082776 101.391676787287 274.81691977567971 193.64774159528315 112.17166557163 120.40487870015204
leaf_count=54182 1342 18010 7328 1355 7797 3213 1933 10616 13378 1491 3481 2273 1267 1320
internal_value=0 -0.000860835 0.0016048 -0.0012492 -0.000535104 -0.000905659 0.0018644 -0.00131598 -0.00185769 -0.000485295 -0.00266411 0.00345295 -0.00250036 0.00191223
internal_weight=0 6039.5 804.395 5235.11 3505.2 3055.04 450.16 2682.82 2066.42 949.858 1729.91 333.907 228.21 372.216
internal_count=128986 74804 9937 64867 43376 37815 5561 33282 25485 12107 21491 4206 2609 4533
is_linear=0
shrinkage=0.0101079


Tree=13
num_leaves=15
num_cat=0
split_feature=28 27 29 27 30 12 13 3 14 13 14 30 20 27
split_gain=113.857 64.2647 70.4613 67.6148 41.6781 30.0454 33.1317 29.1345 37.5243 25.6379 25.4318 25.1937 23.9571 32.7867
threshold=-0.2693240344524383 -0.032717135734856122 -1.0000000180025095e-35 -0.91080963611602772 0.81174489855766307 0.033757524564862258 0.0027206838130950932 0.22100132703781131 -15.227855205535887 0.040162706747651107 -14.319041728973387 1.0000000180025095e-35 -0.31848652660846705 -0.50938662886619557
decision_type=2 2 2 2 2 8 10 10 10 10 10 2 8 2
left_child=-1 2 10 -4 7 6 -6 8 -3 12 -2 -11 13 -5
right_child=1 4 3 9 5 -7 -8 -9 -10 11 -12 -13 -14 -15
leaf_value=0.0012522294676438677 -0.0025851516461187032 0.00096094474748371504 -0.00084073926992435746 -0.0055905368220179998 0.0010926615883128112 -0.00080055894846394653 0.0068242714739438519 -8.903258131414104e-05 -0.0060887340947642886 -0.004285129655132525 0.0024530413677066815 0.0020249339642334418 -0.0070303106935528242 0
leaf_weight=4571.4538298621774 122.55487832985818 109.03651575930417 954.70286532118917 258.4680146984756 252.75657954066992 191.89404171705246 199.51681877858937 2334.2687865290791 189.90539468638599 129.4320976883173 404.4405320584774 106.36199959740043 465.81686235778034 175.77602475136518
leaf_count=55889 1471 1287 11833 3171 3190 2438 2313 28942 2223 1694 5036 1324 5647 2488
internal_value=0 -0.000871316 -0.00205025 -0.00288656 6.05113e-05 0.00236028 0.00378047 -0.000491945 -0.00342542 -0.0045536 0.00118546 -0.00129817 -0.00534374 -0.0033527
internal_weight=0 5894.93 2617.55 2090.56 3277.38 644.167 452.273 2633.21 298.942 1135.85 526.995 235.794 900.061 434.244
internal_count=128946 73057 32664 26157 40393 7941 5503 32452 3510 14324 6507 3018 11306 5659
is_linear=0
shrinkage=0.0101079


Tree=14
num_leaves=15
num_cat=0
split_feature=28 27 29 27 3 2 15 7 5 15 2 14 30 3
split_gain=102.156 67.3559 75.8995 51.9705 44.7273 64.5784 45.3897 37.414 31.4906 36.7483 30.9022 24.6355 23.6581 25.7147
threshold=-0.20576497167348859 0.032717135734856136 -1.0000000180025095e-35 -0.91080963611602772 0.21009274572134021 0.51918441057205211 12.816139698028566 19.832351684570316 -4.6221282482147208 18.888646125793461 0.60625475645065319 -6.9155378341674796 0.81174489855766307 0.34598754346370703
decision_type=2 2 2 2 10 8 8 10 8 10 8 10 2 10
left_child=-1 2 -2 -4 6 11 -3 12 -5 10 -10 -6 -7 -14
right_child=1 4 3 8 5 7 -8 -9 9 -11 -12 -13 13 -15
leaf_value=0.0011242078549348103 0.0013047040629366499 0.00086033112900506844 -0.00094334281847712192 0.00069351211247503501 0.0055667520284597514 -0.0011131191251127861 -0.0069490374450976522 0.0047918216052673579 0 0 -0.0060988557673001265 0.00080582611278455366 0.0056279200231669083 0
leaf_weight=4805.4229274522513 525.48971158638597 118.16661600396037 858.85982806049287 104.02792617492378 305.36801886558533 1663.1724802963436 165.52406275831163 135.35393912903965 104.42425296828151 160.13363136351109 870.37716987542808 210.98730328679085 105.77533547207713 354.44942945800722
leaf_count=58724 6510 1376 10665 1417 3790 20621 1933 1549 1543 2091 10549 2618 1171 4626
internal_value=0 -0.000876216 -0.00206301 -0.00292751 0.000131009 0.000537877 -0.00361984 -0.000186108 -0.00425627 -0.00474701 -0.00547985 0.00373876 -0.000538452 0.00143601
internal_weight=0 5682.11 2623.31 2097.82 3058.8 2775.11 283.691 2258.75 1238.96 1134.94 974.801 516.355 2123.4 460.225
internal_count=129183 70459 32775 26265 37684 34375 3309 27967 15600 14183 12092 6408 26418 5797
is_linear=0
shrinkage=0.0101079


Tree=15
num_leaves=15
num_cat=0
split_feature=28 2 15 0 27 20 0 16 2 7 20 16 27 5
split_gain=107.226 64.6547 65.361 48.7175 32.3887 24.5146 21.4267 25.741 20.224 33.0422 21.1398 23.8798 26.6317 19.2698
threshold=-0.24825246632099149 0.51918441057205211 12.816139698028566 0.72639560699462902 -0.50938662886619557 -2.9361172914505 0.68024623394012462 0.25749626755714422 0.86292463541030895 13.690987110137941 -1.9464724063873289 0.088445611298084273 -0.49049438536167139 2.939298272132874
decision_type=2 8 10 10 2 8 10 10 8 10 10 10 2 10
left_child=-1 2 6 4 -3 -6 7 -2 -5 10 11 -10 -13 -7
right_child=1 3 -4 8 5 13 -8 -9 9 -11 -12 12 -14 -15
leaf_value=0.0012018113508547423 0.0056004985753976772 -0.0045984066312263344 -0.002517748642614379 0.0011652433909503008 0.0021098615419469944 -0.0025200354243458249 0.0059400701917880737 -0.00033687623060904911 -0.0028721402424358288 0.0016153451140123855 -0.002510563951142838 -0.00023420928532743587 0.0050854119869525169 0.00015534391362264296
leaf_weight=4665.7673382647336 101.87246014177799 519.0796076208353 232.57246916368604 668.58208055049181 145.44355333782732 1393.210860511288 250.88283307105303 197.06639455631375 211.26712698303163 418.31529375724494 919.99488636478782 325.32840612158179 121.53335670381784 306.40783304348588
leaf_count=56995 1276 6205 2919 8637 2031 17377 2936 2592 2705 4803 11252 4039 1673 3701
internal_value=0 -0.000853642 0.00181595 -0.00127912 -0.00233579 -0.00166105 0.00373111 0.00164342 -0.000322598 -0.000843606 -0.00152558 -7.48488e-05 0.00118457 -0.00201546
internal_weight=0 5811.56 782.394 5029.16 2364.14 1845.06 549.822 298.939 2665.02 1996.44 1578.12 658.129 446.862 1699.62
internal_count=129141 72146 9723 62423 29314 23109 6804 3868 33109 24472 19669 8417 5712 21078
is_linear=0
shrinkage=0.0101079


Tree=16
num_leaves=15
num_cat=0
split_feature=28 27 29 27 13 17 5 14 2 15 23 2 15 11
split_gain=106.652 67.708 63.6535 54.8441 35.6003 25.6728 28.812 25.4923 22.1876 62.2131 25.9337 20.5258 18.6867 18.3867
threshold=-0.2693240344524383 0.054511256515979774 -0.60785761475563038 -0.88186877965927113 -0.075801309198141084 17.500000000000004 -4.7156891822814933 -12.641487598419188 0.53013503551483165 12.816139698028566 0.60035172104835521 0.58916833996772777 18.888646125793461 0.12813195586204532
decision_type=2 2 2 2 8 2 10 10 8 10 10 10 10 10
left_child=-1 2 -2 7 -3 -5 -7 -4 9 10 -6 -8 -13 -10
right_child=1 4 3 5 8 6 11 -9 13 -11 -12 12 -14 -15
leaf_value=0.0011793089719024346 0.0045123524213648196 0.0040611234598802032 -0.0029462038074530858 0.00019196448482249905 0 0.00042650610809435757 -0.00011417005139295204 4.6527765346779398e-05 -0.00097773235182346666 -0.002848971667248497 0.0050896786532199966 -0.0057670498593109685 -0.0011127468842938761 0.0021320955626521108
leaf_weight=4579.3465789631009 133.42553848028183 212.31329745799303 404.9649725202471 126.43056094646454 170.6178369037807 103.81053081154823 105.48921955190599 898.6752563379705 1988.7608031649143 226.94511180371046 318.76863490045071 864.85827852599323 127.45563527941704 201.06851864047348
leaf_count=55892 1691 2594 5085 1805 2186 1383 1681 11088 24898 2787 3693 10371 1477 2303
internal_value=0 -0.00087604 -0.00202619 -0.00238512 0.000133281 -0.00383451 -0.00429019 -0.000863992 -0.00014966 0.00136732 0.00341777 -0.00477271 -0.0052228 -0.000667347
internal_weight=0 5883.58 2765.11 2631.68 3118.47 1328.04 1201.61 1303.64 2906.16 716.332 489.386 1097.8 992.314 2189.83
internal_count=128934 73042 34581 32890 38461 16717 14912 16173 35867 8666 5879 13529 11848 27201
is_linear=0
shrinkage=0.0101079


Tree=17
num_leaves=15
num_cat=0
split_feature=28 29 0 3 16 3 17 3 28 15 21 3 11 23
split_gain=111.618 46.7278 54.1784 41.2229 33.2262 50.7572 31.1172 30.2216 24.3801 22.2008 22.0981 20.6095 22.5268 21.3034
threshold=-0.20576497167348859 -0.60785761475563038 0.65648335218429577 0.41345672309398657 0.16908136010169986 0.33672307431697851 13.500000000000002 0.22518842667341235 0.87137606739997875 10.658668518066408 9.799138545989992 0.2945638000965119 0.071464423090219512 1.9323866963386538
decision_type=2 2 10 10 8 10 2 10 2 10 10 10 10 10
left_child=11 -2 4 7 5 -3 -6 -4 10 -10 -5 -1 -13 -14
right_child=1 2 3 8 6 -7 -8 -9 9 -11 -12 12 13 -15
leaf_value=-0.00057768196325216263 0.0047307140565373664 0.0062646262969975252 -0.0025066173897462791 -0.0017928456553900722 0.0002229367217476941 -0.0022366466339569322 -0.0034746723185310668 0.0023953384140405565 0.0033444078912016062 -0.0014388406921200564 0.0011460901396788423 0.00080069372116670589 0.0029734673008745467 0
leaf_weight=604.48118158057332 132.9468231908977 100.85610973648727 141.42961036600173 1927.2220016848296 248.83931278437376 198.52926127612591 1535.9282353706658 730.69426277093589 224.97571094706655 152.8337991759181 279.39866245910525 2742.0043797250837 1193.5603066273034 278.68775369971991
leaf_count=6738 1682 1225 1676 23867 3278 2570 19185 9067 2695 1804 3376 34140 14871 3094
internal_value=0 -0.000975062 -0.00112559 -0.000334128 -0.00241285 0.000579872 -0.00293779 0.00153952 -0.000984692 0.00131421 -0.00139976 0.00111532 0.00136836 0.00238867
internal_weight=0 5673.65 5540.71 3456.55 2084.15 299.385 1784.77 872.124 2584.43 377.81 2206.62 4818.73 4214.25 1472.25
internal_count=129268 70425 68743 42485 26258 3795 22463 10743 31742 4499 27243 58843 52105 17965
is_linear=0
shrinkage=0.0101079


Tree=18
num_leaves=15
num_cat=0
split_feature=0 3 16 17 1 2 10 14 29 15 0 6 29 14
split_gain=86.7169 27.5377 40.9231 30.2152 25.6253 31.441 27.3545 23.4744 34.1024 22.6995 22.5494 20.1352 17.5235 18.2776
threshold=0.66334891319274913 0.34598754346370703 0.16159071028232577 11.500000000000002 1.0356978178024294 0.90312743186950695 0.13624520599842074 -14.067060470581053 1.0000000180025095e-35 11.417904853820803 0.46205510199069982 -10.336598873138426 1.0000000180025095e-35 -6.3619472980499259
decision_type=10 8 10 2 10 8 10 10 2 10 10 10 2 10
left_child=1 2 -1 -3 5 12 -7 -4 -9 -10 -5 -8 13 -2
right_child=4 3 7 10 -6 6 11 8 9 -11 -12 -13 -14 -15
leaf_value=0.0053004038696021407 0.00082756860161766399 0.0015388076215518192 -0.0041801803932826212 -0.0056433406874051815 0.0011413458421250685 -0.0016318069974672277 -0.0019560088644929264 0.0026448109926232141 0.00090619671067862929 -0.0045587223208724522 -0.0022666076623635081 0.0010846770749410358 0.00017019919090616916 0.0042079900484468784
leaf_weight=109.27586533874273 482.42884305678308 149.8257143497467 182.75834472477436 281.79070625640452 3367.8177953213453 1502.8049161024392 275.30935607478023 249.81099096313119 110.6749613378197 180.29038024507463 1095.8484812770039 966.30982332490385 1243.9139220863581 280.3723189458251
leaf_count=1298 5855 2002 2235 3826 41582 18954 3480 2651 1356 2465 13417 11766 14816 3399
internal_value=0 -0.00173 -0.000194895 -0.00253546 0.000467881 -2.05467e-06 -0.000712836 -0.00112691 0 -0.00237436 -0.00301383 0.000370204 0.000948937 0.00215201
internal_weight=0 2360.28 832.811 1527.46 8118.96 4751.14 2744.42 723.535 540.776 290.965 1377.64 1241.62 2006.72 762.801
internal_count=129102 29250 10005 19245 99852 58270 34200 8707 6472 3821 17243 15246 24070 9254
is_linear=0
shrinkage=0.0101079


Tree=19
num_leaves=15
num_cat=0
split_feature=23 27 29 30 12 13 2 16 3 17 20 2 3 23
split_gain=63.0246 55.2411 35.7199 43.1956 47.0081 40.7444 34.6918 61.7682 42.7033 28.6981 30.2206 23.7839 48.607 36.2422
threshold=0.74127396941185009 -0.50938662886619557 -0.60785761475563038 0.81174489855766307 0.033757524564862258 0.035118248313665397 0.52495768666267406 0.2617186307907105 0.20126427710056308 32.500000000000007 -3.0535449981689449 0.91365516185760509 0.23643351346254352 1.0878710150718691
decision_type=10 2 2 2 8 10 8 10 10 2 10 8 10 10
left_child=1 -1 -3 6 5 -5 7 -4 -9 -8 -11 12 -2 -13
right_child=11 2 3 4 -6 -7 9 8 -10 10 -12 13 -14 -15
leaf_value=-0.0038532963691638856 -0.0027250265163170223 0.0050284824538612983 0.0069443276939300481 0.0011956108326799503 -0.0031441985395202891 0.0081662192682923646 -0.00010440260638683542 -0.0062209663583366629 0.00075080538036505868 0.0017721031842297746 -0.0035912758099650782 -0.00088594910509444261 0.0018277812055226895 0.00094488561769198016
leaf_weight=607.28814592771232 254.18263854458928 105.81594770587981 120.589893726632 312.33835238218307 139.72429820522666 123.20026260614395 529.55492086149752 110.96547644212842 337.34116856940091 104.75902846455574 1010.2508225124329 1996.8124988544732 2283.5463417991996 2439.5513559021056
leaf_count=7487 2885 1351 1483 3945 1952 1322 6404 1134 4311 1546 12661 24569 27802 30216
internal_value=0 -0.00109166 -0.000489689 -0.000726708 0.00169439 0.00336544 -0.00137783 0.000713984 -0.000961285 -0.0021259 -0.00304267 0.00056867 0.00134905 0.000111605
internal_weight=0 3501.83 2894.54 2788.72 575.263 435.539 2213.46 568.897 448.307 1644.56 1115.01 6974.09 2537.73 4436.36
internal_count=129068 43596 36109 34758 7219 5267 27539 6928 5445 20611 14207 85472 30687 54785
is_linear=0
shrinkage=0.0101079


Tree=20
num_leaves=15
num_cat=0
split_feature=28 2 3 29 27 27 21 16 5 21 18 23 2 3
split_gain=93.8663 58.7604 56.2256 46.1942 44.946 70.5869 27.2605 26.0722 21.0331 27.5379 19.4195 22.7688 21.6875 16.4197
threshold=-0.24825246632099149 0.51918441057205211 0.22518842667341235 -0.60785761475563038 -1.0000000180025095e-35 -0.88186877965927113 -7.3905372619628897 0.27759759128093725 -4.5266096591949454 8.5882706642150897 8.5000000000000018 0.60806944966316234 0.43740205466747289 0.2945638000965119
decision_type=2 8 10 2 2 2 8 10 8 10 2 10 10 10
left_child=13 2 -2 -3 5 -5 -6 -8 -7 -10 -4 12 -12 -1
right_child=1 3 10 4 6 8 7 -9 9 -11 11 -13 -14 -15
leaf_value=-0.00047018567368987149 -0.0024963973108401158 0.0043896080044989886 -0.00026277215434914613 -0.00071228663633825511 0.002328385840322474 0 -0.0032512741812852192 -0.00033054396378723858 -0.0053525619793589035 -0.00053892711936122883 -0.0017808652261042822 0.0061622796139686967 0.0045875010148755608 0.0012859713367701414
leaf_weight=586.50329838506877 220.11208192072809 132.41051664575934 100.78333004750311 1248.4114508349448 298.46023294329643 104.62398615479469 382.80792474001646 1799.9465142898262 889.83847969025373 164.67738709039986 96.639466824010015 269.47047223709524 97.28438395448029 4089.1947788242251
leaf_count=6510 2522 1656 1312 15575 3942 1368 4975 21938 10950 2140 1344 3075 1450 50422
internal_value=0 -0.000866203 0.00167336 -0.00127286 -0.00144111 -0.00242694 -0.000463753 -0.00087081 -0.00422221 -0.00464825 0.00338261 0.00425283 0.00126572 0.00105663
internal_weight=0 5805.47 784.29 5021.18 4888.77 2407.55 2481.21 2182.75 1159.14 1054.52 564.178 463.394 193.924 4675.7
internal_count=129179 72247 9703 62544 60888 30033 30855 26913 14458 13090 7181 5869 2794 56932
is_linear=0
shrinkage=0.0101079


Tree=21
num_leaves=15
num_cat=0
split_feature=28 2 3 29 27 27 30 21 20 3 3 27 3 14
split_gain=88.4243 58.9844 59.3118 51.977 46.3003 57.7105 34.9406 29.9731 34.3514 28.9697 27.1379 25.9467 22.7067 27.8871
threshold=-0.24825246632099149 0.51918441057205211 0.22518842667341235 -0.60785761475563038 0.076279435306787505 -0.89194178581237782 0.81174489855766307 8.2721261978149432 -0.31848652660846705 0.3409543931484223 0.64333027601242077 -0.50938662886619557 0.2945638000965119 -6.3011543750762931
decision_type=2 8 10 2 2 2 2 10 8 8 10 2 10 10
left_child=12 2 -2 -3 5 -5 10 8 11 -8 -6 -7 13 -1
right_child=1 3 -4 4 6 7 9 -9 -10 -11 -12 -13 -14 -15
leaf_value=-0.0026819882567388925 -0.0025933410593828765 0.0048488064008785333 0.0034644978643950069 -0.00069319456359277743 -0.0015722661448729911 -0.00441610050232459 0.0056286305870373726 -4.1606954820412676e-06 -0.0063205212461901012 0.00029172321682497434 0.0017217301185407897 0 0.0013338795957012406 0.0016943553958302564
leaf_weight=333.50417862273753 217.19048561342061 130.34669705107808 570.83763414993882 1196.115668701008 1547.9496589358896 319.24650950543582 145.25339476764202 200.278380446136 543.94439570046961 385.0924585647881 288.1795763913542 248.63707033358514 4088.8719004709274 246.67079225368798
leaf_count=3768 2524 1638 7231 14907 19182 3850 1551 2579 6573 5031 3536 3397 50381 2682
internal_value=0 -0.000802793 0.00173512 -0.00121249 -0.00139019 -0.00234791 -0.000353767 -0.00381292 -0.00445812 0.00188782 -0.00102832 -0.0025437 0.0010649 -0.000754577
internal_weight=0 5793.07 788.028 5005.04 4874.7 2508.22 2366.48 1312.11 1111.83 530.346 1836.13 567.884 4669.05 580.175
internal_count=128830 71999 9755 62244 60606 31306 29300 16399 13820 6582 22718 7247 56831 6450
is_linear=0
shrinkage=0.0101079


Tree=22
num_leaves=15
num_cat=0
split_feature=28 27 29 27 13 3 7 12 15 14 13 13 29 13
split_gain=100.092 61.0062 56.8422 51.7224 38.3337 73.0209 29.5205 27.8038 26.1526 19.6497 19.6013 27.4692 16.9814 34.7159
threshold=-0.20576497167348859 0.054511256515979774 -0.60785761475563038 -0.88186877965927113 -0.075801309198141084 0.21009274572134021 19.832351684570316 0.040215076878666885 18.888646125793461 -13.175926208496092 0.0061831527855247268 0.023891496472060684 1.0000000180025095e-35 -0.0061919952277094117
decision_type=2 2 2 2 8 10 10 10 10 10 10 10 2 10
left_child=-1 2 -2 9 -3 -6 7 12 -5 -4 -11 -12 13 -7
right_child=1 4 3 8 5 6 -8 -9 -10 10 11 -13 -14 -15
leaf_value=0.0010908443072211612 0.0041370991081532199 0.0041843261355511583 -0.0027942282208902841 -0.0043028996387329491 -0.0057629527213023286 -0.00062527393746214966 0.0047054710817570847 -0.0018534555914306956 0 0.0021040992245168855 -0.0043076049914464809 0.00040666763573698442 -0.00010978842804957364 0.0038406102809566654
leaf_weight=4841.3523564878851 134.19386841729283 209.51122777536511 341.2164601739496 1142.4246013630182 216.41623653657734 295.24090281687677 135.58477501384914 619.60470552928746 181.33513391949236 299.38733564503491 174.96872950159013 365.95189587026834 1145.7653903849423 387.9840210750699
leaf_count=58910 1679 2542 4326 14475 2549 4084 1566 7234 2304 3779 2250 4352 14447 4714
internal_value=0 -0.000888012 -0.00200798 -0.00236482 8.3231e-05 -0.000219687 0.000244521 0 -0.00373983 -0.000776108 1.33865e-05 -0.00108312 0.000611123 0.00186657
internal_weight=0 5649.59 2639.48 2505.28 3010.11 2800.6 2584.18 2448.6 1323.76 1181.52 840.308 540.921 1828.99 683.225
internal_count=129211 70301 33165 31486 37136 34594 32045 30479 16779 14707 10381 6602 23245 8798
is_linear=0
shrinkage=0.0101079


Tree=23
num_leaves=15
num_cat=0
split_feature=28 27 29 27 30 15 20 15 20 27 12 7 14 15
split_gain=87.5379 54.1626 64.6356 59.3034 38.6175 45.6905 31.4766 26.878 35.5491 31.7065 26.3117 29.1714 24.635 33.9367
threshold=-0.22706275433301923 -0.05451125651597976 -1.0000000180025095e-35 -0.91080963611602772 0.81174489855766307 12.503796100616457 3.2017439603805546 18.888646125793461 -0.25324985384941096 -0.50938662886619557 0.033757524564862258 -0.97412770986556996 -13.831014156341551 11.417904853820803
decision_type=2 2 2 2 2 8 10 10 8 2 8 10 10 10
left_child=-1 2 12 -4 5 -3 -7 8 9 -5 11 -6 -2 -14
right_child=1 4 3 7 10 6 -8 -9 -10 -11 -12 -13 13 -15
leaf_value=0.00097220690381479274 -0.0024433444720024589 0.00034093076493284436 -0.00081259118795468978 -0.0049548278655675857 0.00073276688987144892 -0.003607884654157574 0.00073560741907903731 -1.1510769627077402e-05 -0.0070027097098125223 0.00012399151331742947 -0.00079696811321579807 0.006110044233430062 0.0057772121707090297 -9.4864863492085538e-05
leaf_weight=4739.6908182594925 124.50764653086662 1762.2483394835144 886.7164849229157 282.42028719745576 227.78973414190114 638.03123800829053 209.07132427208126 142.92953345924616 478.95115808583796 194.26365456171334 186.77472864463925 220.61734023876488 169.25488976575434 202.24614966847003
leaf_count=57767 1525 21626 11087 3489 2887 8056 2501 1858 5927 2784 2381 2538 2327 2314
internal_value=0 -0.000883209 -0.00200503 -0.00282451 -1.01407e-05 -0.000567702 -0.0024915 -0.00439502 -0.00500332 -0.00283209 0.00219689 0.00352519 0.00118764 0.00253606
internal_weight=0 5725.82 2481.29 1985.28 3244.53 2609.35 847.103 1098.56 955.635 476.684 635.182 448.407 496.009 371.501
internal_count=129067 71300 31311 25145 39989 32183 10557 14058 12200 6273 7806 5425 6166 4641
is_linear=0
shrinkage=0.0101079


Tree=24
num_leaves=15
num_cat=0
split_feature=0 16 16 3 21 12 22 2 3 10 6 3 30 2
split_gain=89.0579 28.4023 29.3294 34.2475 27.5488 26.9201 23.5482 33.2912 30.9355 25.451 25.9644 21.0298 23.2065 42.4382
threshold=0.65284880995750438 0.78106808662414562 0.16908136010169986 0.33672307431697851 10.465984821319582 0.030808942392468456 0.51849272847175609 0.86292463541030895 0.21498677879571917 0.13733728229999545 -10.336598873138426 0.88583171367645275 1.0000000180025095e-35 1.513319253921509
decision_type=10 10 8 10 10 10 10 8 10 10 10 10 2 8
left_child=1 2 3 -1 5 -3 7 8 -2 -9 -11 12 13 -12
right_child=6 4 -4 -5 -6 -7 -8 9 -10 10 11 -13 -14 -15
leaf_value=0.0050664731545140528 -0.0023494314184256911 0.0052223848509109719 -0.0029326577914280554 -0.0018775759785211537 -0.0036588912753469584 -0.00056569449057460247 0.0014049417653649149 -0.0011747734158086302 0.0014482883972439914 -0.0018168081520366242 -0.0020763012404887119 -0.0015391942180284237 0.0034342020232603575 0.0032110538068153014
leaf_weight=101.73660250939429 228.92974461428821 144.3064150903374 1516.7235612757504 201.77739688009024 103.28756595402956 152.03839022293687 2023.9718999583274 2136.9372483156621 2205.542274903506 370.51492034830153 317.69674220867455 220.59949010796845 474.22443686425686 284.75704087689519
leaf_count=1219 2644 2139 18265 2615 1327 2158 25035 26947 26380 4627 3809 2779 5684 3558
internal_value=0 -0.00181938 -0.00235765 0.000387065 0.000531146 0.00217997 0.000457429 0.000142236 0.00106835 -0.000440673 0.000476822 0.00116974 0.00176904 0.000365356
internal_weight=0 2219.87 1820.24 303.514 399.632 296.345 8263.17 6239.2 2434.47 3804.73 1667.79 1297.28 1076.68 602.454
internal_count=129186 27723 22099 3834 5624 4297 101463 76428 29024 47404 20457 15830 13051 7367
is_linear=0
shrinkage=0.0101079


Tree=25
num_leaves=15
num_cat=0
split_feature=28 27 29 27 30 5 5 21 2 16 3 3 0 2
split_gain=91.0546 51.5672 52.9165 66.6614 42.292 33.4444 27.8103 34.3342 26.1106 53.9221 33.7994 26.0767 29.9996 25.6855
threshold=-0.3317298144102096 0.032717135734856136 -0.60785761475563038 -0.89194178581237782 0.81174489855766307 0.78499993681907665 -4.8238728046417227 8.5882706642150897 0.51918441057205211 0.36239311099052435 0.21009274572134021 0.64333027601242077 0.90622526407241832 0.60190457105636608
decision_type=2 2 2 2 2 8 8 10 8 10 10 10 10 8
left_child=-1 2 -2 -4 8 -6 -5 13 9 -3 -11 12 -10 -8
right_child=1 4 3 6 5 -7 7 -9 11 10 -12 -13 -14 -15
leaf_value=0.0010644074374002968 0.0040823534818063478 0.0052895162459605273 -0.0005730646917588327 0.00086680360621709039 0.0040955006151013676 -0.00052390874967493434 0 -5.3521312908956084e-06 -0.0021823838170522236 -0.005548480077724266 0.00072865797579298815 0.0014476470761054126 0.0017114824922820962 -0.0054850706368937815
leaf_weight=4372.9477630089968 134.75808896496892 211.63456407189369 1376.3526053763926 103.31061945110559 402.29464027099311 236.93595427274704 102.3977776709944 185.46908581629395 1454.5179643109441 107.47523308731616 333.90120743960142 313.40314119495451 216.95560038276017 919.97330061718822
leaf_count=53125 1692 2639 17058 1375 4970 2913 1515 2422 17864 1191 4100 3882 2858 11368
internal_value=0 -0.000844927 -0.00184454 -0.00216748 5.90002e-06 0.00233469 -0.00379746 -0.00423267 -0.000548228 0.00116554 -0.000777965 -0.00113468 -0.00164736 -0.00495451
internal_weight=0 6099.38 2822.26 2687.5 3277.12 639.231 1311.15 1207.84 2637.89 653.011 441.376 1984.88 1671.47 1022.37
internal_count=128972 75847 35430 33738 40417 7883 16680 15305 32534 7930 5291 24604 20722 12883
is_linear=0
shrinkage=0.0101079


Tree=26
num_leaves=15
num_cat=0
split_feature=22 29 2 22 21 30 18 12 7 27 17 17 14 21
split_gain=64.1143 35.3391 36.5656 30.5996 29.3807 28.4359 31.6054 30.8054 28.6505 25.5436 26.5119 25.5419 31.0037 26.5489
threshold=-0.8509058654308318 -1.0000000180025095e-35 0.60190457105636608 0.50081536173820507 6.8226923942565927 1.0000000180025095e-35 90.500000000000014 0.048167619854211814 4.6060240268707284 -0.75894212722778309 72.500000000000014 66.500000000000014 -15.957406044006346 1.0289760231971743
decision_type=10 2 8 10 10 2 2 10 10 2 2 2 8 10
left_child=1 -1 -3 5 -4 -2 7 9 -8 10 -7 13 -13 -11
right_child=3 2 4 -5 -6 6 8 -9 -10 11 -12 12 -14 -15
leaf_value=0.0016785255712697589 -0.00058271168230150259 0.00052639337747163609 -0.0047057596663270295 0.0013243406024439173 0.00045765559082155645 0.00080923792060486738 0 -0.0022085472377126355 0.005297455065107661 -0.0016132642884030238 -0.0038226168222854576 0.0054686195428716947 0.0011381062500459864 0.0023805481067126267
leaf_weight=184.87150037661195 4295.2895603682846 222.00988613069057 701.15370663627982 2093.2664626389742 115.72427481226623 266.14845286495984 185.9739279486239 417.84452337212861 259.30491209216416 411.66219521313906 212.95569992251694 266.03431871533394 544.32381519116461 278.44448343291879
leaf_count=2453 52239 3056 9354 25890 1593 3133 2338 5312 2938 5043 2638 3080 6541 3286
internal_value=0 -0.00220354 -0.00294026 0.000251238 -0.00392769 -5.88685e-05 0.000717888 0.000236168 0.00317439 0.000779075 -0.00119402 0.0014388 0.00264705 0
internal_weight=0 1223.76 1038.89 9231.25 816.878 7137.98 2842.69 2397.41 445.279 1979.57 479.104 1500.46 810.358 690.107
internal_count=128894 16456 14003 112438 10947 86548 34309 29033 5276 23721 5771 17950 9621 8329
is_linear=0
shrinkage=0.0101079


Tree=27
num_leaves=15
num_cat=0
split_feature=28 2 3 0 17 13 28 14 3 14 20 30 7 5
split_gain=96.0895 56.9226 47.6607 43.3581 29.3176 21.8783 21.3635 33.3629 22.4125 25.1826 20.063 26.9361 25.3608 23.94
threshold=-0.2693240344524383 0.53490236401557933 0.22518842667341235 0.65284880995750438 12.500000000000002 0.014665818307548763 0.87137606739997875 -12.325846195220945 0.35109052062034612 -10.409400463104246 -0.22233910858631131 1.0000000180025095e-35 5.1407644748687753 -0.49346277117729181
decision_type=2 8 10 10 2 10 2 10 10 10 8 2 10 10
left_child=-1 2 5 4 -3 -2 8 -8 -5 -10 11 13 -12 -6
right_child=1 3 -4 6 10 -7 7 -9 9 -11 12 -13 -14 -15
leaf_value=0.0011421923241034546 0.00048882932569135602 0.00093307198258005546 0.0029671308341931817 0.001464065970144083 -0.0051659531832910621 -0.005417791119483692 0.0049543360711746878 -0.00034243955396978963 -0.0025209976235655365 -0.0003889104016306838 -0.0057151932364197678 0.00024280803846177934 -0.0016723865282447811 0.00017823301206786014
leaf_weight=4596.8639102466404 114.42220203205943 195.86586222052574 644.52440714091063 336.83351692743599 263.40102226659656 109.65325773321092 164.97896600887179 367.3731932900846 965.73000630736351 1494.3081326633692 467.68251113221049 341.59353721141815 301.47619730420411 103.66915704868734
leaf_count=55818 1353 2571 8173 4145 3542 1274 2123 4373 12092 18599 5799 4158 3673 1362
internal_value=0 -0.000807298 0.00155127 -0.00122661 -0.00255668 -0.00231009 -0.000541493 0.00127089 -0.00090342 -0.00124752 -0.00304888 -0.00169555 -0.00421473 -0.00357566
internal_weight=0 5871.51 868.6 5002.91 1673.69 224.075 3329.22 532.352 2796.87 2460.04 1477.82 708.664 769.159 367.07
internal_count=129055 73237 10800 62437 21105 2627 41332 6496 34836 30691 18534 9062 9472 4904
is_linear=0
shrinkage=0.0101079


Tree=28
num_leaves=15
num_cat=0
split_feature=28 27 29 27 3 14 30 5 5 17 11 11 17 12
split_gain=81.8449 52.1565 58.1008 67.5989 39.529 46.8218 32.0052 29.341 25.6003 27.8099 21.6713 21.6025 21.4847 20.9986
threshold=-0.31107263267040247 -1.0000000180025095e-35 -1.0000000180025095e-35 -0.91959547996520985 0.21009274572134021 -15.815104961395262 0.81174489855766307 0.78499993681907665 -4.6221282482147208 16.500000000000004 0.055647952482104308 0.039759073406457908 65.500000000000014 0.051100797951221473
decision_type=2 2 2 2 10 8 2 10 8 2 8 10 2 10
left_child=-1 2 10 -4 5 -3 11 -8 -5 -10 12 13 -2 -6
right_child=1 4 3 8 6 -7 7 -9 9 -11 -12 -13 -14 -15
leaf_value=0.0010340576483161964 0 0.0015584597713187375 -0.00055155711725457252 0.00026724707681411358 -0.0004732110438345487 -0.0063823642661889135 0.0041882126767376036 -0.00022185499348436892 3.4156906628058582e-06 -0.0051799821273557393 -0.00042665025020361801 0.00072899427466413709 0.0064153376578413102 -0.0043320251917014687
leaf_weight=4464.4403477292508 97.08338562771678 108.2816902063787 984.40348802879453 101.84695405885577 857.07620897702873 188.74768869951367 379.88115905970335 227.03935497626662 101.12168699689209 970.55772646516562 334.89943337067962 1378.4892347939312 113.44879382289946 175.5406454782933
leaf_count=54208 1437 1323 12283 1406 10087 2207 4719 2778 1499 12210 3837 17801 1461 2024
internal_value=0 -0.000770783 -0.00181124 -0.00256009 6.77107e-05 -0.0033881 0.0004289 0.00249031 -0.0041962 -0.0046568 0.00107273 -7.94734e-05 0.00357496 -0.0011951
internal_weight=0 6018.42 2703.36 2157.93 3315.06 297.029 3018.03 606.921 1173.53 1071.68 545.432 2411.11 210.532 1032.62
internal_count=129280 75072 34133 27398 40939 3530 37409 7497 15115 13709 6735 29912 2898 12111
is_linear=0
shrinkage=0.0101079


end of trees

feature_importances:
Column_27=43
Column_3=37
Column_2=36
Column_29=31
Column_14=25
Column_28=25
Column_30=21
Column_15=19
Column_21=19
Column_5=18
Column_13=16
Column_12=15
Column_23=14
Column_7=13
Column_17=13
Column_0=12
Column_20=12
Column_16=11
Column_11=8
Column_22=8
Column_1=2
Column_6=2
Column_8=2
Column_10=2
Column_18=2

parameters:
[boosting: gbdt]
[objective: binary]
[metric: auc]
[tree_learner: serial]
[device_type: cpu]
[data_sample_strategy: bagging]
[data: ]
[valid: ]
[num_iterations: 600]
[learning_rate: 0.0101079]
[num_leaves: 15]
[num_threads: 2]
[seed: 1337]
[deterministic: 0]
[force_col_wise: 0]
[force_row_wise: 0]
[histogram_pool_size: -1]
[max_depth: -1]
[min_data_in_leaf: 1280]
[min_sum_hessian_in_leaf: 0.001]
[bagging_fraction: 0.829452]
[pos_bagging_fraction: 1]
[neg_bagging_fraction: 1]
[bagging_freq: 1]
[bagging_seed: 1337]
[feature_fraction: 0.727545]
[feature_fraction_bynode: 1]
[feature_fraction_seed: 1337]
[extra_trees: 0]
[extra_seed: 18955]
[early_stopping_round: 0]
[early_stopping_min_delta: 0]
[first_metric_only: 0]
[max_delta_step: 0]
[lambda_l1: 4.00664]
[lambda_l2: 7.63247]
[linear_lambda: 0]
[min_gain_to_split: 0]
[drop_rate: 0.1]
[max_drop: 50]
[skip_drop: 0.5]
[xgboost_dart_mode: 0]
[uniform_drop: 0]
[drop_seed: 17763]
[top_rate: 0.2]
[other_rate: 0.1]
[min_data_per_group: 100]
[max_cat_threshold: 32]
[cat_l2: 10]
[cat_smooth: 10]
[max_cat_to_onehot: 4]
[top_k: 20]
[monotone_constraints: ]
[monotone_constraints_method: basic]
[monotone_penalty: 0]
[feature_contri: ]
[forcedsplits_filename: ]
[refit_decay_rate: 0.9]
[cegb_tradeoff: 1]
[cegb_penalty_split: 0]
[cegb_penalty_feature_lazy: ]
[cegb_penalty_feature_coupled: ]
[path_smooth: 0]
[interaction_constraints: ]
[verbosity: -1]
[saved_feature_importance_type: 0]
[use_quantized_grad: 0]
[num_grad_quant_bins: 4]
[quant_train_renew_leaf: 0]
[stochastic_rounding: 1]
[linear_tree: 0]
[max_bin: 255]
[max_bin_by_feature: ]
[min_data_in_bin: 3]
[bin_construct_sample_cnt: 200000]
[data_random_seed: 4404]
[is_enable_sparse: 1]
[enable_bundle: 1]
[use_missing: 1]
[zero_as_missing: 0]
[feature_pre_filter: 1]
[pre_partition: 0]
[two_round: 0]
[header: 0]
[label_column: ]
[weight_column: ]
[group_column: ]
[ignore_column: ]
[categorical_feature: ]
[forcedbins_filename: ]
[precise_float_parser: 0]
[parser_config_file: ]
[objective_seed: 4113]
[num_class: 1]
[is_unbalance: 0]
[scale_pos_weight: 1]
[sigmoid: 1]
[boost_from_average: 1]
[reg_sqrt: 0]
[alpha: 0.9]
[fair_c: 1]
[poisson_max_delta_step: 0.7]
[tweedie_variance_power: 1.5]
[lambdarank_truncation_level: 30]
[lambdarank_norm: 1]
[label_gain: ]
[lambdarank_position_bias_regularization: 0]
[eval_at: ]
[multi_error_top_k: 1]
[auc_mu_weights: ]
[num_machines: 1]
[local_listen_port: 12400]
[time_out: 120]
[machine_list_filename: ]
[machines: ]
[gpu_platform_id: -1]
[gpu_device_id: -1]
[gpu_use_dp: 0]
[num_gpu: 1]

end of parameters

pandas_categorical:null
