tree
version=v4
num_class=1
num_tree_per_iteration=1
label_index=0
max_feature_idx=33
objective=binary sigmoid:1
feature_names=Column_0 Column_1 Column_2 Column_3 Column_4 Column_5 Column_6 Column_7 Column_8 Column_9 Column_10 Column_11 Column_12 Column_13 Column_14 Column_15 Column_16 Column_17 Column_18 Column_19 Column_20 Column_21 Column_22 Column_23 Column_24 Column_25 Column_26 Column_27 Column_28 Column_29 Column_30 Column_31 Column_32 Column_33
feature_infos=[0.22403052449226379:4.806818962097168] [0.027025075629353523:26.170040130615234] [0.17134076356887817:8.6935958862304688] [0.087584272027015686:1] [-28.67047119140625:41.262332916259766] [-36.190670013427734:42.326030731201172] [-36.841156005859375:62.500308990478516] [-45.158794403076172:63.120437622070312] [-22.455821990966797:30.680826187133789] [0:0.95389312505722046] [0:0.64536702632904053] [0:0.40022626519203186] [-0.51016271114349365:0.5480339527130127] [-0.15783818066120148:0.22172828018665314] [-46.22015380859375:17.161741256713867] [-8.3726015090942383:64.2962646484375] [0:1] [0:95] [0:95] [-1:1] [-29.775985717773438:44.984848022460938] [-30.712318420410156:55.0223388671875] [-2.5033562183380127:15.253066062927246] [0.17266726493835449:4.0791497230529785] [-1:1] [0:1] [0:1] [-1:1] [-1:1] [-0.78183150291442871:0.97492790222167969] [-0.90096884965896606:1] [0:1] [0:1] none
tree_sizes=1732 1801 1778 1805 1802 1812 1777 1797 1774 1777 1808 1792 1777 1808 1796 1801 1801 1800 1808 1814 1791 1808 1784 1792 1810 1820 1783 1804 1787 1790 1811 1810 1808 1791 1790 1789 1815 1796 1810 1817 1783 1808 1821 1802 1791 1811 1780 1790

Tree=0
num_leaves=15
num_cat=0
split_feature=28 27 29 27 15 3 7 3 7 5 12 15 14 3
split_gain=151.541 71.3486 73.6855 70.0378 39.8492 58.2373 38.5011 34.0745 35.9494 30.9563 30.1634 27.5125 21.6202 20.4676
threshold=-0.24825246632099149 0.054511256515979774 -0.60785761475563038 -0.88186877965927113 12.503796100616457 0.21009274572134021 19.832351684570316 0.36202344298362737 5.1407644748687753 -4.7156891822814933 0.051100797951221473 18.888646125793461 -12.641487598419188 0.2945638000965119
decision_type=2 2 2 2 8 10 10 10 10 8 10 10 10 10
left_child=13 2 -2 12 7 -6 -7 -3 10 -5 -9 -11 -4 -1
right_child=1 4 3 9 5 6 -8 8 -10 11 -12 -13 -14 -15
leaf_value=-1.0528462073756117 -1.0477075171824164 -1.0500509514230887 -1.055328973022897 -1.0518252985729477 -1.0593532253050626 -1.0539347061825985 -1.0482919109765649 -1.0526377305389603 -1.0482010296030542 -1.0578118435200796 -1.0574065935102412 -1.0532592104567273 -1.0525470899688942 -1.0508754668543563
leaf_weight=579.58942849934101 133.18263181298971 784.72645650990307 397.03486558422446 104.34006543457508 172.83867670968175 754.93009469285607 138.19331061094999 941.98942873626947 148.30274314805865 1067.7505877912045 154.65996654704213 182.36490557901561 880.10287451930344 4038.3029347062111
leaf_count=6485 1733 9569 4923 1359 1970 9281 1619 11923 1963 12995 1752 2301 10830 50334
internal_value=-1.05255 -1.05358 -1.05476 -1.05514 -1.05254 -1.0541 -1.05299 -1.05169 -1.0527 -1.05674 -1.05338 -1.05719 -1.05339 -1.05113
internal_weight=0 5860.42 2764.78 2631.59 3095.64 1065.96 893.123 2029.68 1244.95 1354.46 1096.65 1250.12 1277.14 4617.89
internal_count=129037 72218 34141 32408 38077 12870 10900 25207 15638 16655 13675 15296 15753 56819
is_linear=0
shrinkage=1


Tree=1
num_leaves=15
num_cat=0
split_feature=28 2 15 29 27 27 30 5 17 5 3 20 3 3
split_gain=145.11 86.0516 74.2764 60.8227 56.4907 69.8032 44.3112 53.2652 40.0826 37.5546 36.6822 27.0908 23.5203 19.8435
threshold=-0.24825246632099149 0.51918441057205211 12.816139698028566 -0.60785761475563038 0.076279435306787505 -0.90159028768539418 0.81174489855766307 0.38916337490081793 18.500000000000004 -4.9191651344299308 0.21009274572134021 2.7684464454650883 0.38647076487541204 0.62276613712310802
decision_type=2 8 10 2 2 2 2 8 2 8 10 10 10 10
left_child=-1 2 -2 -3 5 -5 11 12 -7 -10 -4 13 -8 -6
right_child=1 3 10 4 6 8 7 -9 9 -11 -12 -13 -14 -15
leaf_value=0.0013203370794330851 0.0040666547827000995 0.005002730155449794 -0.0068901349568919606 -0.00091700770263993924 -0.0024959976807165758 0.00041126833585227677 0.0082718484516250412 -0.0015671193797302384 0.00043637234348628648 -0.005441689259109061 0.00072605160364824296 0.00085010756945765303 0.0019895200021608469 0.00080048580090342537
leaf_weight=4616.6035670321435 546.3840859811753 129.97560048103333 103.78369264304638 1171.6143594179302 1230.9503136351705 146.87324565090239 117.36894301511347 227.37393454276025 107.74155986495316 1143.5861446354538 131.41577211208642 413.65947458520532 177.35772948153317 195.29638186469674
leaf_count=56860 6840 1663 1140 14445 15373 2052 1298 2818 1425 13490 1780 4706 2447 2574
internal_value=0 -0.00107538 0.00200994 -0.00156207 -0.00175075 -0.00279019 -0.000597419 0.00195146 -0.0043175 -0.00490383 -0.00257881 -0.00134769 0.00477093 -0.00201451
internal_weight=0 5843.38 781.584 5061.8 4931.82 2569.82 2362.01 522.101 1398.2 1251.33 235.199 1839.91 294.727 1426.25
internal_count=128911 72051 9760 62291 60628 31412 29216 6563 16967 14915 2920 22653 3745 17947
is_linear=0
shrinkage=0.0101079


Tree=2
num_leaves=15
num_cat=0
split_feature=28 27 29 27 30 2 21 3 6 20 11 14 29 3
split_gain=130.903 75.9063 75.9092 72.267 48.4894 36.6946 78.6511 45.1772 33.4993 31.5326 33.3335 28.6702 26.4834 26.4127
threshold=-0.22706275433301923 -1.0000000180025095e-35 -0.60785761475563038 -0.88186877965927113 0.81174489855766307 0.51918441057205211 -0.56600385904312123 0.21009274572134021 2.9451642036437993 1.860141456127167 0.064080152660608306 -13.175926208496092 0.87837970256805431 0.25321374833583837
decision_type=2 2 2 2 2 8 10 10 8 10 10 10 2 10
left_child=-1 2 -2 11 5 6 12 -8 -6 13 -11 -4 -3 -7
right_child=1 4 3 -5 8 9 7 -9 -10 10 -12 -13 -14 -15
leaf_value=0.0012172896003949049 0.0048387267979242612 0.0023433820333879783 -0.0033345486844245384 -0.0044596729650904438 0.0040904421727750613 -0.0061608593097018521 -0.0067673706081463249 0.00070545861608126116 -0.00085714784813736042 -0.0015231664702198985 0.0030055269517502261 0 0.0094202594686421462 -0.0016285738640075759
leaf_weight=4704.9589341878891 132.29719700664282 151.09086490608752 356.5531111638993 1244.2169948816299 426.99605709314346 154.88459913805127 107.51740902662277 263.2461411934346 184.84454941190779 361.30112949199975 288.57319322042167 873.71540908515453 109.96569078974426 1115.6732045821846
leaf_count=57870 1706 1921 4456 15347 5308 2000 1149 3289 2279 4064 3294 10765 1350 14289
internal_value=0 -0.00105239 -0.00232686 -0.00273998 0 -0.000613402 0.00145763 -0.00144735 0.00253819 -0.00131885 0.000437727 -0.0009513 0.00565804 -0.00224625
internal_weight=0 5770.88 2606.78 2474.49 3164.09 2552.25 631.82 370.764 611.841 1920.43 649.874 1230.27 261.057 1270.56
internal_count=129087 71217 32274 30568 38943 31356 7709 4438 7587 23647 7358 15221 3271 16289
is_linear=0
shrinkage=0.0101079


Tree=3
num_leaves=15
num_cat=0
split_feature=28 27 27 30 15 2 30 8 5 20 18 22 20 16
split_gain=139.756 69.3272 46.1106 45.0964 48.3493 85.3105 43.2166 43.9117 37.5424 36.6483 17.7427 17.1833 16.07 17.9074
threshold=-0.2693240344524383 0.032717135734856136 -0.89194178581237782 0.81174489855766307 12.503796100616457 0.51918441057205211 1.0000000180025095e-35 0.79481631517410289 0.86683860421180736 3.2017439603805546 80.500000000000014 -1.0093861818313596 0.9043765962123872 0.15764021873474124
decision_type=2 2 2 2 10 10 2 10 8 10 2 10 10 10
left_child=-1 2 10 4 5 -3 -4 11 -5 -6 -2 -8 13 -7
right_child=1 3 6 8 9 12 7 -9 -10 -11 -12 -13 -14 -15
leaf_value=0.0013486063023279218 -0.0012434547374087646 0.00429110239510709 -0.0050722427677493877 0.004345358166205085 -0.0037810996886356546 0.00033424033144687415 -0.0053721039650126926 0.0025764354434628461 -0.00066827283321473736 0.00096593444431314162 0.0019708269515850405 -0.0013940663147232254 0.00042861152176184062 -0.0028141660106633672
leaf_weight=4545.3754208702594 1072.8355210758746 422.43479091487825 765.62642944976687 388.74968463927507 629.2651712987572 242.59889770485461 199.07586202584207 183.32900131121278 224.69993378594518 204.51008983515203 194.3497971072793 343.01101840101182 519.8381845895201 545.30360888503492
leaf_count=55875 13099 5311 9458 4883 7876 3385 2555 2328 2770 2432 2542 4165 5765 6686
internal_value=0 -0.00100473 -0.00217487 1.10769e-06 -0.000576546 0.000368064 -0.00338295 -0.00151051 0.00245807 -0.00257041 -0.00070986 -0.00298294 -0.000885938 -0.00179994
internal_weight=0 5935.63 2758.23 3177.4 2563.95 1730.18 1491.04 725.416 613.45 833.775 1267.19 542.087 1307.74 787.903
internal_count=129130 73255 34147 39108 31455 21147 18506 9048 7653 10308 15641 6720 15836 10071
is_linear=0
shrinkage=0.0101079


Tree=4
num_leaves=15
num_cat=0
split_feature=28 2 3 29 0 17 27 27 30 3 0 12 0 3
split_gain=137.274 76.5813 71.5507 61.3041 59.1141 38.5578 30.2029 48.0962 44.445 32.6985 28.9049 27.8058 21.2907 29.3902
threshold=-0.24825246632099149 0.51918441057205211 0.22518842667341235 -0.60785761475563038 0.55101242661476146 21.500000000000004 -0.076279435306787477 -0.88186877965927113 0.81174489855766307 0.3409543931484223 0.68024623394012462 -0.0013184681301936505 0.91317990422248851 0.67872509360313427
decision_type=2 8 10 2 10 2 2 2 2 10 10 10 10 10
left_child=-1 2 -2 -3 5 -5 7 -6 12 -10 -4 -12 13 -8
right_child=1 3 10 4 6 -7 8 -9 9 -11 11 -13 -14 -15
leaf_value=0.0013213997935373374 -0.0028009066916191453 0.0051252926583221598 0.0014470914217903361 0.0012819217578426102 -0.00078811234574075069 -0.0049391827862543206 -0.0021897532635798325 -0.0041218439597440473 0.0068664185947910376 0.00071618694812381725 0.0023228006008203265 0.0095422442054733485 0.0013184380490544082 0.0023655653110443938
leaf_weight=4631.1065725199878 221.5299634821713 130.06422036699951 300.60912281647325 103.38115521520376 1239.16444516927 731.19573709927499 1204.7568894475698 720.77847773395479 116.11942877806723 385.8116579670459 130.20146054401994 132.57813889160752 281.17701944708824 149.68461829982698
leaf_count=56871 2547 1647 4067 1328 15263 9201 14449 8968 1309 4846 1703 1472 3618 1797
internal_value=0 -0.00100634 0.00189612 -0.00146655 -0.00165624 -0.00411584 -0.00113868 -0.00204592 -0.000283615 0.00230003 0.00382672 0.00628146 -0.00110812 -0.00164616
internal_weight=0 5847.05 784.919 5062.13 4932.07 834.577 4097.49 1959.94 2137.55 501.931 563.389 262.78 1635.62 1354.44
internal_count=129086 72215 9789 62426 60779 10529 50250 24231 26019 6155 7242 3175 19864 16246
is_linear=0
shrinkage=0.0101079


Tree=5
num_leaves=15
num_cat=0
split_feature=22 23 30 29 3 15 3 14 17 20 7 11 3 14
split_gain=95.124 41.9165 42.7949 38.866 38.849 26.8561 32.0571 28.616 22.2596 23.655 20.1251 19.4365 34.8935 17.6771
threshold=-0.8509058654308318 1.0878710150718691 0.81174489855766307 -1.0000000180025095e-35 0.47212044894695288 13.483248710632326 0.44439411163330084 -7.2101607322692862 17.500000000000004 -0.15851397067308423 6.8961875438690194 0.067424122244119658 0.21498677879571917 -5.0473213195800772
decision_type=10 10 2 2 10 8 10 10 2 8 10 10 10 10
left_child=3 2 5 -1 13 6 -2 -7 -5 -10 -8 -9 -13 -4
right_child=1 -3 4 8 -6 7 10 11 9 -11 -12 12 -14 -15
leaf_value=0.0014441142293481518 0.0010561355023449679 0.0013148511659240786 0.0022213303369018286 0.00025085845982499217 -0.00041739868725424307 -0.0051706942025861596 -0.0012656001166795609 -0.0029424066318344193 -0.0021331256188917374 -0.0055991759880064723 0.0020379241070654316 -0.0048684261197055939 0.00063973863490866779 0.0067909177735057669
leaf_weight=186.62075032666326 1469.6443720571697 3065.2110649757087 594.43452900089324 130.17715555988252 556.33913346007466 206.95185700431466 1773.077146332711 386.54015656933188 472.6762224547565 459.81019512563944 195.30678577534854 131.04388895258307 740.0230927541852 114.65487391874194
leaf_count=2432 17294 38397 6621 1749 7009 2354 21734 4824 6465 5783 2243 1580 9050 1446
internal_value=0 0.000349175 -0.000125194 -0.00261454 0.00151794 -0.000559259 -5.77218e-05 -0.0017027 -0.00337036 -0.0039169 -0.000910718 -0.00107225 -0.000177914 0.00308116
internal_weight=0 9233.23 6168.02 1249.28 1265.43 4902.59 3438.03 1464.56 1062.66 932.486 1968.38 1257.61 871.067 709.089
internal_count=128981 112552 74155 16429 15076 59079 41271 17808 13997 12248 23977 15454 10630 8067
is_linear=0
shrinkage=0.0101079


Tree=6
num_leaves=15
num_cat=0
split_feature=28 2 3 22 13 15 3 15 2 3 14 3 2 27
split_gain=136.594 70.5528 64.0861 42.014 23.9494 21.3544 22.3751 22.7025 21.7224 31.5937 21.3931 26.9717 29.7737 18.657
threshold=-0.2693240344524383 0.52495768666267406 0.22518842667341235 -1.0383428335189817 0.015119070187211038 18.687375068664554 0.343172237277031 11.417904853820803 0.7682100534439088 0.88104850053787243 -9.4187359809875471 0.87640717625617992 1.1388224363327029 0.94331136345863353
decision_type=2 8 10 10 10 10 10 10 10 10 10 10 10 2
left_child=-1 2 4 -3 -2 6 -5 10 -7 -10 11 12 -8 -4
right_child=1 3 13 5 -6 8 7 -9 9 -11 -12 -13 -14 -15
leaf_value=0.0012739049410061642 0.00019519445440696121 -0.0042241177220355081 0.0045149144124226083 0.00036075229856091795 -0.0059461397021366982 -0.0034796005045336668 -0.0010362125405380617 -0.0031980252650549109 0.0024949129666554945 -0.0025802368661213748 0 0.00027987151348123193 -0.0043871581133844125 0.00022208077817203957
leaf_weight=4556.2712279558182 115.02160948514938 523.00766229256988 432.15468939766288 542.09222248382866 111.59446808695793 114.22373349033296 599.57755730114877 888.6000999007374 470.11623469553888 156.27301090210676 861.14194307848811 381.59502787142992 567.02142598852515 163.02133992128074
leaf_count=55930 1352 6973 5681 6714 1262 1535 7606 10773 5623 1701 10676 4227 7094 1926
internal_value=0 -0.00105178 0.0016626 -0.0014986 -0.00275135 -0.00117207 -0.00147682 -0.00179125 0.00035285 0.00114906 -0.0012472 -0.00195482 -0.00271735 0.00342397
internal_weight=0 5925.44 821.792 5103.65 226.616 4580.64 3840.03 3297.94 740.613 626.389 2409.34 1548.19 1166.6 595.176
internal_count=129073 73143 10221 62922 2614 55949 47090 40376 8859 7324 29603 18927 14700 7607
is_linear=0
shrinkage=0.0101079


Tree=7
num_leaves=15
num_cat=0
split_feature=28 2 15 22 30 20 15 28 7 28 5 23 2 21
split_gain=120.744 73.8706 71.652 47.0613 36.2117 44.0612 35.6519 29.208 33.6841 26.4784 19.7475 19.5248 31.6664 21.5501
threshold=-0.24825246632099149 0.51918441057205211 12.305102348327638 -0.8509058654308318 1.0000000180025095e-35 2.0257796049118046 18.687375068664554 0.69930991530418407 -10.699033260345457 0.5464349389076234 0.70291158556938182 1.1049788594245913 1.4885995388031008 -4.9903595447540274
decision_type=2 8 10 10 2 10 10 2 8 2 10 10 8 8
left_child=11 2 -2 6 5 -5 -3 10 -9 -7 -6 13 -13 -1
right_child=1 3 -4 4 7 9 -8 8 -10 -11 -12 12 -14 -15
leaf_value=0.003069158082858708 0.0039979518047905194 -0.0040072978505998873 -0.0023769883340395968 -0.0026476449304823147 0.00028648105307964799 0.002004873484953958 0.0018088531777411775 0.0063753240583629637 0.00061355530791056922 -0.0018079011892565664 -0.0025238397828041383 0.0028373291216515399 0.00036919846554781444 0.00012734316686962955
leaf_weight=289.6020741071552 530.20181529782712 930.67713502235711 256.29385221004486 1631.089395551011 584.52121131122112 413.23653441667557 107.02771181613207 129.1121689453721 526.99156993068755 320.6352398507297 416.9015213958919 1381.3816170115024 930.81971612013876 2031.7728975731879
leaf_count=3439 6603 12150 3157 20186 7218 5045 1425 1574 6306 3538 5063 17960 11810 23564
internal_value=0 -0.000980343 0.00186669 -0.00143299 -0.00092043 -0.00172319 -0.00335986 0.000203282 0.00186868 0.000282959 -0.000853587 0.00120249 0.00186568 0.000520592
internal_weight=0 5846.69 786.496 5060.19 4022.49 2364.96 1037.7 1657.53 656.104 733.872 1001.42 4633.58 2312.2 2321.37
internal_count=129038 72265 9760 62505 48930 28769 13575 20161 7880 8583 12281 56773 29770 27003
is_linear=0
shrinkage=0.0101079


Tree=8
num_leaves=15
num_cat=0
split_feature=22 1 2 15 14 3 3 13 30 15 31 11 3 10
split_gain=92.3926 43.3017 41.7719 32.1784 30.8739 38.0827 35.973 23.0743 21.3474 22.2253 20.0735 19.8602 19.7963 22.9259
threshold=-0.8509058654308318 1.0898997187614443 0.60190457105636608 18.687375068664554 -29.607819557189938 0.21009274572134021 0.44439411163330084 -0.048647539690136903 0.81174489855766307 2.691747903823853 1.0000000180025095e-35 0.03201399743556977 0.91645827889442455 0.14894056320190432
decision_type=10 10 8 10 8 10 10 10 2 8 2 10 10 10
left_child=2 4 -1 -4 -2 10 8 -8 9 -7 -6 -9 13 -13
right_child=1 -3 3 -5 5 6 7 11 -10 -11 -12 12 -14 -15
leaf_value=0.00080494967854273709 0.0047952532810281584 0.0012911541734127862 -0.0041838710397579301 0.0013730918813600313 -0.0054785994355263474 0.004094314584458413 -0.0034130750645601131 -0.0014049795120751887 0.0028441378102132412 0 0 -0.00025829278902116522 -0.0021006693621141125 0.002196280779907224
leaf_weight=270.89764102175832 117.46628534048796 3203.9314312599599 879.12812318466604 105.42041911743581 203.81600659526885 142.3879641611129 290.86093325540423 1285.1863534264266 475.82213207520545 1506.1233373731375 122.0309184230864 961.87011991254985 301.89593431353569 617.49087729305029
leaf_count=3651 1225 39588 11540 1371 2383 1925 3615 16016 5476 17860 1237 11900 3734 7569
internal_value=0 0.00034181 -0.00257281 -0.00354206 -0.000157311 -0.000268697 -6.29749e-05 -0.000705308 0.000962194 0.000383937 -0.0035891 -0.000436212 0.000207168 0.000681813
internal_weight=0 9228.88 1255.45 984.549 6024.95 5907.48 5581.64 3457.3 2124.33 1648.51 325.847 3166.44 1881.26 1579.36
internal_count=129090 112528 16562 12911 72940 71715 68095 42834 25261 19785 3620 39219 23203 19469
is_linear=0
shrinkage=0.0101079


Tree=9
num_leaves=15
num_cat=0
split_feature=28 2 3 0 21 2 21 21 28 3 2 3 2 0
split_gain=127.796 64.5615 59.9004 44.8927 27.5077 34.6855 25.9358 24.1985 77.617 27.8417 29.775 22.5902 22.0692 21.0221
threshold=-0.2693240344524383 0.51918441057205211 0.22518842667341235 0.65284880995750438 10.008263111114504 0.8676707148551942 6.3540153503417978 -1.0820205211639402 0.88186877965927135 0.87640717625617992 2.2923295497894292 0.43407626450061804 4.0283823013305673 0.61435031890869152
decision_type=2 8 10 10 10 8 10 10 2 10 10 10 10 10
left_child=-1 2 -2 6 5 -5 -3 8 9 11 -11 -7 -6 -4
right_child=1 3 13 4 12 7 -8 -9 -10 10 -12 -13 -14 -15
leaf_value=0.0012891995273171665 -0.0026325065321980319 -0.003248254146504273 0.00069063457318514819 0.00053908285806764924 0.0031130157243894115 0.00098424442845000161 0 -0.0029041644392513079 0.0066515007146886853 0.0031506496978575024 -0.0027263568653287883 -0.0040431610677756852 -0.0017967524111877787 0.0049572305819723245
leaf_weight=4575.7906151004136 218.71956414170563 1452.5609578639269 215.20600592158735 930.99793202988803 307.84039133600891 95.289898978546262 276.79923963919282 1004.0295565668494 121.32697419263422 190.71947519108653 147.05125612393022 457.12007757648826 115.83646096847951 353.93450917489827
leaf_count=55998 2537 17970 3010 11689 3850 1261 3526 12044 1603 2278 1558 6184 1203 4277
internal_value=0 -0.000960886 0.00169756 -0.00138146 -0.000683154 -0.00103847 -0.00271003 -0.00178646 -0.000623843 -0.00170866 0.00047109 -0.00310203 0.00166871 0.00344463
internal_weight=0 5887.43 787.86 5099.57 3370.21 2946.54 1729.36 2015.54 1011.51 890.181 337.771 552.41 423.677 569.141
internal_count=128988 72990 9824 63166 41670 36617 21496 24928 12884 11281 3836 7445 5053 7287
is_linear=0
shrinkage=0.0101079


Tree=10
num_leaves=15
num_cat=0
split_feature=28 2 15 0 17 27 12 28 14 8 0 16 2 28
split_gain=127.75 63.6804 55.752 50.7712 32.7368 21.2531 24.6319 19.6142 29.1285 18.4123 18.2985 23.8022 17.8212 33.3993
threshold=-0.3317298144102096 0.51918441057205211 12.816139698028566 0.65284880995750438 12.500000000000002 -0.50938662886619557 -0.0076493911910802117 0.87137606739997875 -12.325846195220945 -0.49044314026832575 0.68701317906379711 0.2617186307907105 0.8676707148551942 0.47136868536472326
decision_type=2 8 10 10 2 2 8 2 10 10 10 10 8 2
left_child=-1 2 10 4 -3 -6 -7 12 -9 -10 11 -2 -5 -14
right_child=1 3 -4 7 5 6 -8 8 9 -11 -12 -13 13 -15
leaf_value=0.0012996144233304947 0.0051701622716809528 0.00087916422077446207 -0.0022420856203910393 0.00025086501515367494 -0.0056465362059664528 -0.001002477934860332 -0.0040129071499335469 0.0045273432677997187 -0.0032607984972694791 0.0012066285651384143 0.0054707265561580436 -0.00038045313562025049 -0.00060363931492012882 -0.0033410334934798579
leaf_weight=4348.8956931699067 110.14133824966848 199.60231338441372 244.1939875241369 814.12004246562719 334.09750994853675 597.19626342318952 611.52354165911674 164.77298419550061 142.1535198353231 234.15875934436917 251.83583399280906 202.01628194004297 1556.1203008536249 670.70955394953489
leaf_count=53210 1383 2602 3028 10276 3724 7701 7568 2143 1732 2710 2936 2668 19140 8251
internal_value=0 -0.000963331 0.00164683 -0.00136891 -0.00278782 -0.00329036 -0.00257445 -0.000662955 0.00106406 -0.000406754 0.00340892 0.00152803 -0.000985428 -0.00145485
internal_weight=0 6132.64 808.187 5324.45 1742.42 1542.82 1208.72 3582.04 541.085 376.312 563.993 312.158 3040.95 2226.83
internal_count=129072 75862 10015 65847 21595 18993 15269 44252 6585 4442 6987 4051 37667 27391
is_linear=0
shrinkage=0.0101079


Tree=11
num_leaves=15
num_cat=0
split_feature=28 27 29 27 30 5 15 15 2 3 7 12 2 14
split_gain=122.177 60.1997 80.9706 77.2882 46.3383 33.3089 37.6991 32.9408 67.4983 35.2139 37.1459 31.8746 28.481 25.9516
threshold=-0.2693240344524383 -0.032717135734856122 -1.0000000180025095e-35 -0.91080963611602772 0.81174489855766307 -4.5266096591949454 18.888646125793461 12.305102348327638 0.51918441057205211 0.21009274572134021 13.009504795074465 0.044418124482035644 1.0227789282798769 -3.0591461658477779
decision_type=2 2 2 2 2 8 10 8 10 10 10 8 10 10
left_child=-1 2 12 -4 7 -5 -7 8 -3 -9 -11 -6 -2 -12
right_child=1 4 3 5 11 6 -8 9 -10 10 13 -13 -14 -15
leaf_value=0.001232628672683907 0.0055165437521406515 0.0036064674247791588 -0.00079604796869624727 0.00033658803533784688 0.0036653370926786589 -0.0060553419117290799 -0.00017711213857643981 -0.0066152808103254633 -0.00097243426483496222 -0.0030196319870284651 -0.0013564811661200453 -0.0013461898525116655 0 0.0045326550825939473
leaf_weight=4572.6130502987653 121.90900244377553 428.15167043171823 948.05259454064071 103.60228626057506 482.9998456761241 904.28240570425987 143.83447990007699 151.27756284549832 1324.5043890085071 449.92059601284564 134.93079174868762 157.77328279800713 396.40601936355233 142.99809053353965
leaf_count=55951 1815 5413 11787 1419 5925 11086 1873 1788 16150 5629 1698 2025 4614 1790
internal_value=0 -0.000967716 -0.00210809 -0.00299544 -4.02757e-05 -0.00475381 -0.00529414 -0.000647029 0.000133914 -0.00223736 -0.00121318 0.0023676 0.00140103 0.0015719
internal_weight=0 5890.64 2618.09 2099.77 3272.56 1151.72 1048.12 2631.78 1752.66 879.127 727.849 640.773 518.315 277.929
internal_count=128963 73012 32594 26165 40418 14378 12959 32468 21563 10905 9117 7950 6429 3488
is_linear=0
shrinkage=0.0101079


Tree=12
num_leaves=15
num_cat=0
split_feature=0 27 16 27 30 13 8 23 27 6 7 5 30 9
split_gain=107.406 61.231 45.4821 37.6734 36.0262 83.8023 34.0808 28.4283 45.2623 35.517 33.5128 19.4725 18.1375 19.9023
threshold=0.66334891319274913 -0.50938662886619557 0.15348171442747119 0.098011311143636717 1.0000000180025095e-35 0.037614194676280029 0.81384000182151806 1.0878710150718691 -0.58244305849075306 -10.065785884857176 -6.7398555278778067 2.8833646774291997 -0.56174489110708226 0.25356039404869085
decision_type=10 2 8 2 2 10 10 10 2 10 10 10 2 10
left_child=1 -1 3 -3 11 6 -6 8 9 -2 12 -4 -10 -14
right_child=7 2 4 -5 5 -7 -8 -9 10 -11 -12 -13 13 -15
leaf_value=-0.0056437962725264549 -0.0062679131180321396 -0.0011888754024353316 -0.0034626572209715423 0.006656020111038663 -0.0036647311423726376 0.0054253227426718491 0.0021493500527361435 0.0012906262815061901 0.00014559443679004698 -0.00095907250163109793 0 0.00026785747799299082 0.0043415161368988526 0.00043891190940091585
leaf_weight=376.28515374474227 150.10678901709616 102.90892279706895 909.42321075685322 122.18943685851991 385.46321364864707 201.46021688729525 124.4371887203306 3084.5043215379119 355.13994555361569 912.41359239816666 2915.4314650315791 144.69643231108785 442.21826424263418 227.41517856344581
leaf_count=4364 1815 1355 11155 1588 5126 2343 1555 38641 4588 12234 34352 1719 5543 2611
internal_value=0 -0.00191643 -0.0011727 0.00297416 -0.00173479 0 -0.00215682 0.000528152 4.87051e-05 -0.00178627 0.000556283 -0.00291419 0.00212127 0.00309583
internal_weight=0 2366.86 1990.58 225.098 1765.48 711.361 509.9 8087.23 5002.73 1062.52 3940.2 1054.12 1024.77 669.633
internal_count=128989 29205 24841 2943 21898 9024 6681 99784 61143 14049 47094 12874 12742 8154
is_linear=0
shrinkage=0.0101079


Tree=13
num_leaves=15
num_cat=0
split_feature=28 29 14 3 3 15 22 3 30 13 20 3 14 11
split_gain=117.798 51.0515 44.097 38.7586 65.5335 42.5856 30.1258 26.7494 22.8372 30.8839 23.2826 20.7323 27.5672 24.9591
threshold=-0.18436925113201139 -0.60785761475563038 -29.607819557189938 0.21009274572134021 0.42833244800567633 18.888646125793461 -0.84193721413612355 0.89520803093910228 0.81174489855766307 -0.0022972276201471682 -1.5519467592239378 0.2945638000965119 -6.3011543750762931 0.070891886949539198
decision_type=2 2 8 10 10 10 10 10 2 10 10 10 10 10
left_child=11 -2 -3 -4 8 6 -6 -7 10 -10 -5 12 -1 -13
right_child=1 2 3 4 5 7 -8 -9 9 -11 -12 13 -14 -15
leaf_value=-0.0023799094118255992 0.0049791353688109028 0.0050976745686450086 -0.0051290123537387471 -0.0028232529555438242 -0.0040580953597766705 0.0025932632819021971 -0.001654852987149134 -0.0026836046466339968 -0.00033567637918204734 0.0057116846547157285 0.00065811280922336147 0.00082447352625354784 0.0018658633473280963 0.0024748602966670639
leaf_weight=353.13151756860316 133.65467019565403 103.80657810904086 251.20306993462145 233.59864828549325 749.96157698519528 322.37514980509877 2315.1249187085778 126.63545316644013 137.11619275435805 178.75754375010729 1045.1104818806052 2749.6921041794121 260.89139354601502 1522.5565326325595
leaf_count=4002 1706 1133 3065 3398 9689 3905 28317 1409 1745 2131 12889 34236 2853 18658
internal_value=0 -0.000972521 -0.00113226 -0.00126754 -0.00106238 -0.00183524 -0.00226467 0.000996349 0.000616197 0.00301544 0 0.00117356 -0.000510023 0.00142547
internal_weight=0 5597.34 5463.69 5359.88 5108.68 3514.1 3065.09 449.011 1594.58 315.874 1278.71 4886.27 614.023 4272.25
internal_count=129136 69387 67681 66548 63483 43320 38006 5314 20163 3876 16287 59749 6855 52894
is_linear=0
shrinkage=0.0101079


Tree=14
num_leaves=15
num_cat=0
split_feature=28 27 29 27 30 3 13 6 21 20 27 3 14 14
split_gain=107.694 59.7036 72.9648 71.28 47.6555 32.818 33.4197 32.5552 24.0016 31.4213 26.3519 22.4982 30.2922 20.7939
threshold=-0.24825246632099149 -1.0000000180025095e-35 -0.60785761475563038 -0.88186877965927113 0.81174489855766307 0.21009274572134021 0.029130483046174053 2.8700575828552251 8.5882706642150897 -0.15851397067308423 -0.50938662886619557 0.2945638000965119 -6.3011543750762931 -12.325846195220945
decision_type=2 2 2 2 2 10 10 8 10 8 2 10 10 10
left_child=11 2 -2 13 5 6 -3 -6 9 10 -5 12 -1 -4
right_child=1 4 3 8 7 -7 -8 -9 -10 -11 -12 -13 -14 -15
leaf_value=-0.0026734440973482277 0.0048992688876338909 0 -0.0025820871556018949 -0.0047426572203550614 0.0040187697259140669 -0.00019143499821681767 -0.0071305710498437416 -0.00077854085360001921 -0.00039404060535010193 -0.0066436600220956864 -8.9016072195780769e-05 0.0014182322434996334 0.0019088849718420365 0.00013245602671508908
leaf_weight=332.64359471946955 135.92722893692553 111.86612994782627 407.43727330118418 318.12591167539358 436.16415804624557 2324.4434788040817 141.61316259019077 192.17089924775064 171.80816844105721 503.43046512082219 230.98359517194331 4078.357040990144 244.7207173705101 860.59917865134776
leaf_count=3767 1735 1298 5074 3780 5381 28828 1682 2388 2231 6069 3223 50433 2658 10602
internal_value=0 -0.000908918 -0.00203595 -0.00244417 4.99613e-06 -0.0005921 -0.00399816 0.00249614 -0.00418329 -0.00475633 -0.0028859 0.00115086 -0.000662392 -0.000718247
internal_weight=0 5834.57 2628.31 2492.38 3206.26 2577.92 253.479 628.335 1224.35 1052.54 549.11 4655.72 577.364 1268.04
internal_count=129149 72291 32714 30979 39577 31808 2980 7769 15303 13072 7003 56858 6425 15676
is_linear=0
shrinkage=0.0101079


Tree=15
num_leaves=15
num_cat=0
split_feature=0 27 16 13 3 1 3 3 23 29 12 16 0 12
split_gain=100.538 52.2452 37.4763 38.2251 32.299 28.2585 33.891 33.5389 19.9201 19.733 37.3798 35.6679 25.7882 18.8627
threshold=0.65284880995750438 -0.50938662886619557 0.15348171442747119 -0.030939107760787007 0.37609073519706732 1.0489583611488345 0.44439411163330084 0.2945638000965119 1.0878710150718691 1.0000000180025095e-35 0.039383450523018844 0.75356954336166393 0.58811047673225414 0.058613033965229995
decision_type=10 2 8 10 10 10 10 10 10 2 10 10 10 10
left_child=1 -1 4 -4 -3 6 7 -2 -8 10 11 12 -5 -11
right_child=5 2 3 9 -6 -7 8 -9 -10 13 -12 -13 -14 -15
leaf_value=-0.0054949407242400015 -0.00066019746810369714 0.0065883202167954045 -0.004763836783884927 -0.0020166902016511561 -0.0007636477724727893 0.0012183084389929574 -0.0011608164117899616 0.002144568503927202 0.00058378845078916317 -0.0026160285239524143 -0.0043816290210819857 0.0065029698167431271 0.0037563615382278509 0.0016207098198142036
leaf_weight=349.78135634027421 662.08959426544607 101.76196026615798 338.86713108047843 206.03747561015189 116.18172482401133 3306.087664635852 2185.4080670829862 1157.9463755786419 921.77789713069797 671.37260665558279 114.83887245133519 116.26336126215756 117.50633649714291 109.78913162276149
leaf_count=4047 7693 1223 4391 2262 1590 40842 27264 13768 11777 8651 1381 1373 1292 1518
internal_value=0 -0.00191407 -0.00121155 -0.00174072 0.00259636 0.000496486 2.81223e-06 0.0011036 -0.000630098 -0.000920967 0.00047615 0.00188819 0 -0.00195931
internal_weight=0 2242.4 1892.62 1674.67 217.944 8233.31 4927.22 1820.04 3107.19 1335.81 554.646 439.807 323.544 781.162
internal_count=129072 27728 23681 20868 2813 101344 60502 21461 39041 16477 6308 4927 3554 10169
is_linear=0
shrinkage=0.0101079


Tree=16
num_leaves=15
num_cat=0
split_feature=28 2 29 21 27 27 30 5 21 5 20 11 3 23
split_gain=114.76 59.1001 59.0496 51.7556 43.1991 64.2863 33.7853 37.8021 32.1442 35.4234 24.077 27.3744 24.9373 22.3957
threshold=-0.24825246632099149 0.53490236401557933 -0.60785761475563038 4.411201238632203 0.076279435306787505 -0.88186877965927113 0.81174489855766307 0.11527710780501367 8.2721261978149432 -4.7156891822814933 1.860141456127167 0.049484152346849448 0.25321374833583837 0.5771785080432893
decision_type=2 8 2 10 2 2 2 8 10 8 10 10 10 10
left_child=-1 3 -3 13 5 -4 10 -8 9 -7 12 -12 -6 -2
right_child=1 2 4 -5 6 8 7 -9 -10 -11 11 -13 -14 -15
leaf_value=0.001176415670115782 0.00013800573184209413 0.0050864152539372518 -0.00079249632501460579 -0.0036259346086983451 -0.0060311984077509682 0.00049070758091647416 0.004171195717116989 -0.0011494817995649561 -6.7147716482482352e-05 -0.005318336342062145 -0.0018674658826665629 0.0023303710969313899 -0.0014408670339114099 0.0040217884054705132
leaf_weight=4660.089390873909 262.71182223781943 130.20842657610774 1246.7980918996036 153.57775214314461 141.68126738443971 104.64760029874742 281.65048397146165 236.23173147067428 195.87747992761433 993.4840102866292 282.90181533806026 334.2528220154345 1016.323786392808 444.31780323199928
leaf_count=56896 3500 1638 15414 1966 1845 1375 3543 2936 2511 12075 3199 3822 13115 5276
internal_value=0 -0.000950117 -0.00137826 0.00146321 -0.00156851 -0.00247896 -0.000537203 0.00168566 -0.0040586 -0.00472857 -0.00121285 0.00034197 -0.00207305 0.00265224
internal_weight=0 5824.66 4964.06 860.607 4833.85 2540.81 2293.04 517.882 1294.01 1098.13 1775.16 617.155 1158.01 707.03
internal_count=129111 72215 61473 10742 59835 31375 28460 6479 15961 13450 21981 7021 14960 8776
is_linear=0
shrinkage=0.0101079


Tree=17
num_leaves=15
num_cat=0
split_feature=28 2 21 29 0 27 21 20 0 2 21 2 29 5
split_gain=103.846 65.0869 61.2075 45.9376 53.709 40.0209 31.4679 24.5991 22.8011 22.7852 36.887 29.9472 24.8928 20.2641
threshold=-0.24825246632099149 0.51918441057205211 4.411201238632203 -0.60785761475563038 0.65284880995750438 0.054511256515979774 7.9797415733337411 -0.31848652660846705 0.68024623394012462 0.85381531715393078 10.008263111114504 4.0283823013305673 1.0000000180025095e-35 -0.79349946975707997
decision_type=2 8 10 2 10 2 10 8 10 8 10 8 2 10
left_child=-1 2 8 -3 5 6 7 -5 -2 12 -11 -12 -6 -10
right_child=1 3 -4 4 9 -7 -8 -9 13 10 11 -13 -14 -15
leaf_value=0.0011230586730094166 0.0012858678466979318 0.0042879282706259876 -0.0039272918583343249 -0.0030449097505622015 0.002852243138304737 -0.0013148588354834853 0.00023920350859799199 -0.0071680739087675973 0.0013863059225563692 -0.0018078045696002618 0.0034121983320894327 -0.0025747702458606861 -0.0005971347768129121 0.0075815737281353362
leaf_weight=4664.1574003975838 360.75527227669954 133.86514453217387 143.12866172753274 348.09475562535226 323.49298035725951 827.23099500499666 105.33165149949491 378.62243595719337 110.53093316778541 1970.479705048725 269.85732997581363 109.34756061434746 563.50165781378746 166.2058638241142
leaf_count=56956 4638 1681 1839 4279 4175 10601 1327 4558 1338 24429 3280 1192 6922 1916
internal_value=0 -0.000900456 0.00178102 -0.00132672 -0.00149493 -0.0029774 -0.00455511 -0.00530042 0.00315671 -0.000717249 -0.0012431 0.00156437 0.000629209 0.00535317
internal_weight=0 5810.44 780.621 5029.82 4895.96 1659.28 832.049 726.717 637.492 3236.68 2349.68 379.205 886.995 276.737
internal_count=129131 72175 9731 62444 60763 20765 10164 8837 7892 39998 28901 4472 11097 3254
is_linear=0
shrinkage=0.0101079


Tree=18
num_leaves=15
num_cat=0
split_feature=28 2 15 29 27 27 21 20 21 11 3 3 4 21
split_gain=114.057 61.9684 64.0121 54.018 45.0294 72.2761 29.4724 28.0993 25.3314 25.9459 20.9852 20.3618 27.386 23.4877
threshold=-0.2693240344524383 0.51918441057205211 15.54233503341675 -0.60785761475563038 -1.0000000180025095e-35 -0.88186877965927113 8.5882706642150897 0.02897934336215258 -6.6068811416625968 0.12951032817363742 0.2945638000965119 0.77552473545074474 0.4180725514888764 3.495740652084351
decision_type=2 8 10 2 2 2 10 8 8 10 10 10 10 10
left_child=10 2 -2 -3 5 11 7 -7 -6 -10 -1 13 -13 -5
right_child=1 3 -4 4 8 6 -8 -9 9 -11 -12 12 -14 -15
leaf_value=-0.00052131216777145798 0.0030772571170617075 0.0048490112703342449 -0.0042296016199064807 -0.0036482997700705184 0.0019337553018668207 -0.0032510944476965326 -0.0001114158989949535 -0.0069859727768418157 -0.0012997869724377465 0.0024624283663748311 0.0014895196808561403 -0.0012783259811699251 0.0025820061212256835 0.00080545179402841203
leaf_weight=574.27811830863357 649.91340419650078 131.32026628963649 139.61273805610836 374.72761948406696 352.63165676221251 560.87597927078605 167.42925076559186 430.94180038198829 1970.8844930287451 193.2366236615926 4018.7351802363992 447.69520053267479 307.66633741371334 154.01033185049891
leaf_count=6371 7974 1643 1810 4787 4716 7077 2165 5212 24329 2248 49617 5359 3779 2012
internal_value=0 -0.000895004 0.00170625 -0.00130827 -0.00148664 -0.00246651 -0.00429577 -0.00495537 -0.000514725 -0.000937734 0.00122885 -0.000768135 0.000251047 -0.00228251
internal_weight=0 5880.95 789.526 5091.42 4960.1 2443.35 1159.25 991.818 2516.75 2164.12 4593.01 1284.1 755.362 528.738
internal_count=129099 73111 9784 63327 61684 30391 14454 12289 31293 26577 55988 15937 9138 6799
is_linear=0
shrinkage=0.0101079


Tree=19
num_leaves=15
num_cat=0
split_feature=28 27 29 27 30 7 3 12 13 17 20 27 21 14
split_gain=97.9598 62.3007 67.9853 63.5071 38.7314 29.1473 57.5532 27.1149 42.2562 22.8094 27.9972 32.9406 23.032 22.4503
threshold=-0.24825246632099149 -0.032717135734856122 -0.60785761475563038 -0.89194178581237782 0.81174489855766307 -8.5128211975097638 0.21009274572134021 0.033757524564862258 0.0027206838130950932 16.500000000000004 -0.15851397067308423 -0.50938662886619557 8.4293198585510272 -2.5480904579162593
decision_type=2 2 2 2 2 10 10 8 10 2 8 2 10 10
left_child=-1 2 -2 -4 5 -3 -7 8 -6 -5 11 -11 -12 -8
right_child=1 4 3 9 7 6 13 -9 -10 10 12 -13 -14 -15
leaf_value=0.0010571351072583733 0.0048169403850495968 0.001491890034532928 -0.00079976245673460779 2.1008776738935821e-05 0.00061339680435459822 -0.0065649350081011908 -0.0010111101441181889 -0.00078663993344326127 0.0070445724411257243 -0.004703505289717822 -0.0072692105210353641 0.00010659423123511477 -0.0014198897235852465 0.0020657255980948788
leaf_weight=4666.2827439010143 127.61765618808568 554.33508360572159 1225.8488466572016 105.06520214304328 248.83401417732239 172.6278831847012 1604.0308394245803 186.37113098427653 196.34259950742126 340.45436883345246 439.7200924269855 221.79504738934338 107.80481366626918 271.39069080352783
leaf_count=56876 1621 7277 15222 1561 3139 2018 19222 2388 2277 4123 5307 3109 1334 3563
internal_value=0 -0.00090833 -0.00208127 -0.00247239 1.33992e-05 -0.000520184 -0.001088 0.00225542 0.0036102 -0.00411152 -0.00453647 -0.00275895 -0.00622581 -0.000537789
internal_weight=0 5802.24 2568.31 2440.69 3233.93 2602.38 2048.05 631.548 445.177 1214.84 1109.77 562.249 547.525 1875.42
internal_count=129037 72161 32277 30656 39884 32080 24803 7804 5416 15434 13873 7232 6641 22785
is_linear=0
shrinkage=0.0101079


Tree=20
num_leaves=15
num_cat=0
split_feature=28 2 3 29 27 27 30 12 0 17 3 0 12 3
split_gain=104.621 70.9715 52.5592 51.9244 50.0521 59.0824 45.0244 34.7314 27.3629 25.8093 25.1901 28.4783 21.7654 19.7352
threshold=-0.18436925113201139 0.51918441057205211 0.22518842667341235 -0.60785761475563038 -1.0000000180025095e-35 -0.88186877965927113 0.81174489855766307 0.012642689980566503 0.68024623394012462 20.500000000000004 0.64333027601242077 0.91317990422248851 -0.0013184681301936505 0.2945638000965119
decision_type=2 8 10 2 2 2 2 8 10 2 10 10 10 10
left_child=13 2 -2 -3 5 -5 10 -8 -4 -7 11 -6 -10 -1
right_child=1 3 8 4 6 9 7 -9 12 -11 -12 -13 -14 -15
leaf_value=-0.00058241843537379932 -0.0022134658167323384 0.0045605266964207219 0.0012231225753553238 -0.00097895488279703597 -0.0023331027230005861 0 0.004153536250608097 -0.00086319993057078106 0.0022625306887615166 -0.0048178346603919781 0.0012038653464207358 0.0020248798064318881 0.0088976735208331145 0.0013131235382258383
leaf_weight=609.95639461278915 213.96236984245479 133.36084794998169 296.09463240019977 1126.0974481198937 1390.1068297270685 123.22338349930942 309.64523931778967 229.79601193033159 123.53471799567342 1027.1097351126373 310.81588869728148 156.19229653291404 129.61660317890346 4257.8103722780943
leaf_count=6806 2493 1673 4006 14035 17141 1816 3755 2966 1597 12549 3843 2057 1411 52602
internal_value=0 -0.000960214 0.0018674 -0.00141988 -0.00160636 -0.00268213 -0.000562394 0.00196021 0.0035384 -0.00429701 -0.00132188 -0.00185906 0.00597608 0.00106676
internal_weight=0 5569.56 763.208 4806.35 4672.99 2276.43 2396.56 539.441 549.246 1150.33 1857.12 1546.3 253.151 4867.77
internal_count=128750 69342 9507 59835 58162 28400 29762 6721 7014 14365 23041 19198 3008 59408
is_linear=0
shrinkage=0.0101079


Tree=21
num_leaves=15
num_cat=0
split_feature=0 3 16 15 14 29 22 2 3 10 7 2 31 0
split_gain=89.4667 29.422 35.6312 34.5402 27.6098 38.7981 23.9484 30.504 27.7678 22.2746 21.2596 29.7496 23.2191 20.3637
threshold=0.65284880995750438 0.34598754346370703 0.16908136010169986 17.94438457489014 -14.067060470581053 1.0000000180025095e-35 0.67895600199699413 0.90312743186950695 0.22872054576873782 0.13844665139913562 14.180299758911135 3.8470458984375004 1.0000000180025095e-35 1.0497757792472842
decision_type=10 8 10 10 10 2 10 8 10 10 10 10 2 10
left_child=1 2 -1 -3 -4 -6 7 8 -2 13 12 -12 -11 -9
right_child=6 3 4 -5 5 -7 -8 9 -10 10 11 -13 -14 -15
leaf_value=0.0049227515287632506 -0.0017880809524416319 -0.0032159069247559876 -0.0045640097301198465 0.0016539543966205886 0.003071389761043688 -0.0024606783806489425 0.0015276519801392266 -0.0019151124284341266 0.0013665139231675771 -0.0011241158396040356 0.0041757745890390703 -0.0015954265233169606 0.0017380151608374626 6.3210134507245809e-05
leaf_weight=108.9948171377182 305.8779068402946 1293.250254670158 168.08777988515794 151.72269330918789 232.29056255891919 273.24645532853901 1709.9735091030598 1255.4957198239863 2424.2593185473233 878.39655332267284 290.48874571919441 114.51220118068159 418.72807587124407 850.74692348018289
leaf_count=1311 3537 16407 2050 1870 2501 3626 21130 15882 29256 10985 3597 1257 4980 10666
internal_value=0 -0.00181707 -0.000179207 -0.00267069 -0.00111007 1.02226e-05 0.0004623 0.000176042 0.000994289 -0.000400744 0.000441312 0.00244652 -0.000164383 -0.00109953
internal_weight=0 2227.59 782.62 1444.97 673.625 505.537 8248.48 6538.51 2730.14 3808.37 1702.13 405.001 1297.12 2106.24
internal_count=129055 27765 9488 18277 8177 6127 101290 80160 32793 47367 20819 4854 15965 26548
is_linear=0
shrinkage=0.0101079


Tree=22
num_leaves=15
num_cat=0
split_feature=22 27 29 30 3 2 3 27 21 3 2 15 27 27
split_gain=70.764 39.2012 82.6467 26.8842 25.8542 37.1375 23.3954 21.7374 21.5552 37.8732 20.7586 17.6052 14.436 25.3031
threshold=-0.40062190592288965 1.0000000180025095e-35 -1.0000000180025095e-35 -0.56174489110708226 0.21009274572134021 0.51918441057205211 0.66875898838043224 0.91959547996521007 2.8799880743026738 0.72636839747428905 1.0227789282798769 14.062544822692873 -0.91080963611602772 -0.50938662886619557
decision_type=10 2 2 2 10 8 10 2 10 10 10 8 2 2
left_child=1 2 10 -4 11 7 -7 -6 12 -10 -1 -3 -5 -14
right_child=-2 4 3 8 5 6 -8 -9 9 -11 -12 -13 13 -15
leaf_value=0.0061268390031313739 0.00070306675826076095 0 -0.0056255979850299296 -0.00077007997900457382 0.0044747333068298079 -0.00084717703219811685 0.0027920940886044651 -0.00051969426910486297 0.0030304642046950227 -0.0037394893661388761 0.00037698285570441373 -0.0055746345002485537 -0.0063824491092624915 -0.0016747982239157921
leaf_weight=101.38323535956442 6393.1927296351641 110.29487162455916 359.03915551491082 222.09941154718399 282.60048151761293 1519.1031996104866 193.92961372993886 106.63235345482826 175.55295067094266 148.77286073751748 200.40295184217393 133.0952549148351 261.80765221267939 271.55611279048026
leaf_count=1456 77966 1277 4606 2853 3480 18712 2404 1269 2444 1977 2452 1565 3141 3571
internal_value=0 -0.000998203 -0.00214548 -0.00316508 -0.000125452 0.000221906 -0.000401087 0.00302076 -0.00227595 0 0.00254298 -0.00320259 -0.00320429 -0.0041179
internal_weight=0 4086.27 1740.61 1438.83 2345.66 2102.27 1713.03 389.233 1079.79 324.326 301.786 243.39 755.463 533.364
internal_count=129173 51207 22500 18592 28707 25865 21116 4749 13986 4421 3908 2842 9565 6712
is_linear=0
shrinkage=0.0101079


Tree=23
num_leaves=15
num_cat=0
split_feature=22 29 2 3 13 2 22 16 30 17 15 27 17 18
split_gain=83.2865 35.0424 36.2134 26.6588 32.8735 30.4663 30.5956 29.0005 28.1548 28.6936 26.3927 25.5548 37.5332 27.1563
threshold=-0.8509058654308318 -1.0000000180025095e-35 0.51918441057205211 0.23643351346254352 -0.058442892506718629 0.51918441057205211 0.090205043554306044 0.77750784158706676 1.0000000180025095e-35 20.500000000000004 18.312766075134281 -0.71473535895347584 61.500000000000007 79.500000000000014
decision_type=10 2 8 10 10 8 10 10 2 2 10 2 2 2
left_child=1 -1 -3 4 -2 -5 8 -6 9 -7 -4 13 -13 -10
right_child=3 2 10 5 7 6 -8 -9 11 -11 -12 12 -14 -15
leaf_value=0.0014272259594968269 0.0019475131970000184 0.0012913819189115194 -0.004521281046139785 0.0025908112300913689 -0.0053923951177302677 0.00077291818189833411 0.0010931631734454781 -0.00018540996142688525 -0.0022085246958847152 -0.0014771193539880874 0.0005962198687828633 0 0.0032661460712040337 0.003281071686417831
leaf_weight=185.1648036763072 173.71652076765895 143.93361246958375 807.59796945005655 657.43163513951004 243.68980077840388 778.13007578067482 3171.1657058112323 224.1905107665807 444.38527080789208 2024.2586281895638 100.30942512862384 775.29084505699575 637.1145011279732 103.85657330602407
leaf_count=2426 2057 1990 10788 7597 2599 9321 39254 2633 5409 25060 1341 9601 7515 1398
internal_value=0 -0.00243375 -0.00315704 0.000351244 -0.00160965 0.000503686 0.000323322 -0.0030256 -0.000181667 -0.000837544 -0.00391139 0.000734826 0.00146393 -0.00106497
internal_weight=0 1237.01 1051.84 9233.23 641.597 8591.63 7934.2 467.88 4763.04 2802.39 907.907 1960.65 1412.41 548.242
internal_count=128989 16545 14119 112444 7289 105155 97558 5232 58304 34381 12129 23923 17116 6807
is_linear=0
shrinkage=0.0101079


Tree=24
num_leaves=15
num_cat=0
split_feature=28 0 3 21 16 28 15 17 12 15 15 23 3 14
split_gain=88.6781 43.6876 44.3636 29.326 29.1656 26.1258 33.065 25.5509 23.5475 34.5685 23.1425 22.1963 17.3188 29.6499
threshold=-0.22706275433301923 0.68701317906379711 0.41069024801254278 10.008263111114504 0.092065718024969115 0.74455857276916515 10.475242614746096 13.500000000000002 -0.00065583153627812852 12.610247611999513 4.7798712253570566 0.91310882568359386 0.2945638000965119 -6.3011543750762931
decision_type=2 10 10 10 8 2 10 2 10 10 10 10 10 10
left_child=12 4 8 5 -2 -4 11 -6 9 10 -3 -7 13 -1
right_child=1 2 3 -5 7 6 -8 -9 -10 -11 -12 -13 -14 -15
leaf_value=-0.0025215694189564129 0.0022041159267906091 -0.00019752053585770941 -0.0017804537844191715 0.0020121772467771976 0.00044240172454302934 0.0043586832342806543 -0.0026630478249685921 -0.002572854346318001 0.0037279396089599163 -0.0041127069150038642 0.0058253064051063822 -0.00088933157704031412 0.0012510534261647873 0.0019783222656597076
leaf_weight=339.75808245129883 152.98655769042671 128.86721826903522 1666.7741035204381 329.18768396601081 306.57876008190215 234.83854418806732 170.56211705692112 2005.9695464894176 397.74705828167498 119.56475950963795 102.57512854225934 104.03224465623498 4155.7845567241311 248.40850150026381
leaf_count=3844 1932 1768 20757 3959 4025 3012 2040 24988 4587 1606 1383 1190 51209 2722
internal_value=0 -0.00084935 -6.66256e-05 -0.000724407 -0.00186266 -0.00116249 0.000777483 -0.00215552 0.00206593 3.04192e-05 0.00240315 0.00264658 0.00101844 -0.000552098
internal_weight=0 5719.68 3254.15 2505.39 2465.53 2176.21 509.433 2312.55 748.754 351.007 231.442 338.871 4743.95 588.167
internal_count=129022 71247 40302 30958 30945 26999 6242 29013 9344 4757 3151 4202 57775 6566
is_linear=0
shrinkage=0.0101079


Tree=25
num_leaves=15
num_cat=0
split_feature=28 2 15 29 27 27 17 20 13 27 3 3 11 16
split_gain=89.9865 66.2613 63.2486 48.8604 48.5213 50.9123 29.4466 30.2572 26.1365 22.5881 20.4758 22.6885 20.386 18.572
threshold=-0.18436925113201139 0.51918441057205211 15.54233503341675 -0.60785761475563038 -1.0000000180025095e-35 -0.88186877965927113 20.500000000000004 0.02897934336215258 -0.075801309198141084 -0.50938662886619557 0.2945638000965119 0.33469134569168096 0.075817029923200621 0.28569790720939642
decision_type=2 8 10 2 2 2 2 8 8 2 10 10 10 10
left_child=10 2 -2 -3 5 -5 -7 9 -6 -8 -1 -12 -13 -10
right_child=1 3 -4 4 8 6 7 -9 13 -11 11 12 -14 -15
leaf_value=-0.0006814025536177775 0.0032374761113611395 0.0044871382940908297 -0.0041160657331183693 -0.00096840230489765545 0.0030621926009107791 0.00024238332496369608 -0.0045737703888925228 -0.0066261344413680442 -0.0024822957474382287 -0.00030240321575269178 0.0039360959248026517 0.00052714234469826004 0.0021188506605245299 -0.00026057547720264733
leaf_weight=610.84158939681947 630.63450058549643 133.24082585051656 135.91984361596406 1122.5667094718665 184.53736008703709 126.23907019942999 328.5715450681746 457.38639513216913 510.51683056913316 239.18906931392848 302.45400049909949 2773.5326793510467 1233.1535349339247 1713.3768070507795
leaf_count=6801 7734 1654 1782 13981 2296 1838 3960 5436 6673 3244 3370 34469 15139 20805
internal_value=0 -0.000872166 0.00185356 -0.00131669 -0.00149751 -0.00255817 -0.00405661 -0.00462309 -0.000474405 -0.00287257 0.00100144 0.00125016 0.00103021 -0.000795488
internal_weight=0 5582.18 766.554 4815.62 4682.38 2273.95 1151.39 1025.15 2408.43 567.761 4919.98 4309.14 4006.69 2223.89
internal_count=129182 69403 9516 59887 58233 28459 14478 12640 29774 7204 59779 52978 49608 27478
is_linear=0
shrinkage=0.0101079


Tree=26
num_leaves=15
num_cat=0
split_feature=0 27 15 7 30 15 15 1 3 15 12 3 30 27
split_gain=77.4057 47.3228 29.2421 29.8356 47.894 45.5487 42.5724 25.2231 28.05 26.8051 25.0095 24.3703 19.95 21.8217
threshold=0.66334891319274913 -0.50938662886619557 3.7928503751754765 5.1407644748687753 1.0000000180025095e-35 12.503796100616457 18.312766075134281 1.0424152016639712 0.44439411163330084 15.149302005767824 -0.001960069988854229 0.33469134569168096 0.81174489855766307 0.43245348334312445
decision_type=10 2 8 10 2 10 10 10 10 10 10 10 2 2
left_child=1 -1 11 -4 5 -5 -6 8 9 12 -11 -3 -2 -14
right_child=7 2 3 4 6 -7 -8 -9 -10 10 -12 -13 13 -15
leaf_value=-0.0049483889684055621 0.0010528692423601481 0.0055806355419611448 -0.0026650034310328552 0.0032509022153589646 0 -0.0041943625760009103 0.0076880849758534783 0.0011286360915311632 -0.00060272744381661232 -0.0038744816903551996 0.00062309920179445919 -6.1969861651933901e-05 0.00061666497029349459 0.0066666413328103861
leaf_weight=367.12685904093087 918.73011387884617 104.15907884016633 966.02558298967779 103.25162266939878 172.69030372053385 298.71631822362542 116.47436791844666 3345.9159375112504 3028.9436570033431 176.65011421404779 364.36519041843712 215.05368204414845 124.76846973784268 157.43970738351345
leaf_count=4341 10820 1221 12195 1212 2128 3859 1270 41063 38164 2297 4257 2933 1254 1849
internal_value=0 -0.00162571 -0.000971421 -0.00152414 2.42323e-05 -0.00215812 0.00317185 0.000456765 -7.00582e-06 0.00100381 -0.000805088 0.00174263 0.00185215 0.00421826
internal_weight=0 2343.5 1976.37 1657.16 691.133 401.968 289.165 8116.81 4770.9 1741.95 541.015 319.213 1200.94 282.208
internal_count=128863 29159 24818 20664 8469 5071 3398 99704 58641 20477 6554 4154 13923 3103
is_linear=0
shrinkage=0.0101079


Tree=27
num_leaves=15
num_cat=0
split_feature=22 2 29 30 22 11 21 20 2 27 16 17 2 18
split_gain=70.9571 37.4916 35.7253 27.95 32.3832 32.1888 26.4238 24.5539 23.9592 23.0538 25.3034 38.6646 31.9531 25.0045
threshold=-0.8509058654308318 0.60190457105636608 -1.0000000180025095e-35 1.0000000180025095e-35 -0.20812962204217908 0.052020657807588584 6.6996576786041269 -0.31848652660846705 1.1993874907493594 -0.66746801137924183 0.20884755253791812 58.500000000000007 1.5675610303878786 80.500000000000014
decision_type=10 8 2 2 10 10 10 8 8 2 10 2 8 2
left_child=1 -1 -3 4 -2 8 7 -4 -5 13 11 -11 -13 -7
right_child=3 2 6 5 -6 9 -8 -9 -10 10 -12 12 -14 -15
leaf_value=0.00096865502124386486 -0.00097367950755418767 0.0012726240675865995 -0.0024332088140567301 0.00072138985428487842 0.00056648741449640059 -0.0010202058971178023 7.0615880903692236e-05 -0.0065603468389575908 -0.0019509311367823714 -0.00015535031858930227 0.0015530258820964935 0.0084259767446849959 0.0011497868089622241 0.0042127477073322928
leaf_weight=264.82944914326072 2553.3604372255504 139.15885005705059 328.90938398614526 1162.779718009755 3033.5144103933126 441.01482942514122 119.56389112770557 376.59814563393593 476.03341254591942 116.01550708711147 1053.9653876107186 223.41364334896207 106.74377999454737 110.0033657643944
leaf_count=3603 30981 1877 4613 14154 37098 5094 1635 4830 6437 1328 12301 2777 1281 1384
internal_value=0 -0.00226318 -0.00319312 0.000314077 -0.000130542 0.000997094 -0.00399972 -0.00473969 -3.56992e-05 0.00183901 0.00248597 0.00453738 0.00627253 0
internal_weight=0 1229.06 964.23 9276.84 5586.87 3689.97 825.071 705.508 1638.81 2051.16 1500.14 446.173 330.157 551.018
internal_count=129393 16558 12955 112835 68079 44756 11078 9443 20591 24165 17687 5386 4058 6478
is_linear=0
shrinkage=0.0101079


Tree=28
num_leaves=15
num_cat=0
split_feature=22 29 2 23 30 3 21 7 2 21 2 13 2 7
split_gain=73.3578 34.2993 32.7711 31.4845 42.0812 29.8564 29.0561 41.4788 29.7851 25.3235 22.5587 21.745 25.5521 27.2189
threshold=-0.8509058654308318 -1.0000000180025095e-35 0.60190457105636608 1.0878710150718691 0.81174489855766307 0.47212044894695288 1.0911191105842593 13.937415122985842 0.65417575836181652 6.6996576786041269 1.5396708250045779 0.052418868988752372 0.5079406499862672 10.685535430908205
decision_type=10 2 8 10 2 10 10 10 10 10 8 10 8 10
left_child=1 -1 -3 4 11 6 8 -8 -6 -4 -5 12 -2 -14
right_child=3 2 9 10 5 -7 7 -9 -10 -11 -12 -13 13 -15
leaf_value=0.0014117391682742046 0.001534606508940173 0.00017673279990898416 -0.0047602958342244867 0.0018288220829818715 -0.0020667052351546417 -0.00024918938119180027 0.0087012718493868855 0.00049120832235133739 0.0031543018337326189 0 5.8897503386974677e-05 -0.0022190105086818163 -0.00092355430636664911 0.0022168885455776453
leaf_weight=187.90677254088223 635.9334204569459 221.01849744468927 697.31426664069295 1770.9127784725279 170.33107924647629 546.31783994846046 156.56495273672044 121.37565373815596 271.89377590827644 118.47264670580626 1338.8335326667875 716.61145926080644 3232.2898228168488 295.21660763956606
leaf_count=2494 7064 3035 9367 22466 2015 6913 1823 1320 2941 1628 16128 8802 39415 3686
internal_value=0 -0.00237163 -0.00310139 0.000252654 -0.000161091 0.00146609 0.00281192 0.00536673 0.00105236 -0.00403212 0.00108182 -0.000593297 -0.000300221 -0.000645056
internal_weight=0 1224.71 1036.81 9256.28 6146.53 1266.48 720.165 277.941 442.225 815.787 3109.75 4880.05 4163.44 3527.51
internal_count=129097 16524 14030 112573 73979 15012 8099 3143 4956 10995 38594 58967 50165 43101
is_linear=0
shrinkage=0.0101079


Tree=29
num_leaves=15
num_cat=0
split_feature=28 2 29 0 17 3 21 7 3 3 18 0 12 2
split_gain=76.9816 51.4427 44.3845 49.7654 43.8617 42.8581 27.229 23.6921 21.9333 30.95 19.986 19.5867 19.4483 19.0255
threshold=-0.3317298144102096 0.52495768666267406 -0.60785761475563038 0.55101242661476146 20.500000000000004 0.23293963819742206 8.5882706642150897 -1.8245477080345152 0.343172237277031 0.2746973335742951 8.5000000000000018 0.68340927362442028 -0.018196559511125084 4.0283823013305673
decision_type=2 8 2 10 2 10 10 10 10 10 2 10 10 8
left_child=-1 5 -3 4 -4 7 8 -2 9 -5 -7 -12 -11 -8
right_child=1 2 3 6 -6 10 13 -9 -10 12 11 -13 -14 -15
leaf_value=0.0010042749999175865 0.0014762808797254316 0.0044095925163534361 0.0022671159895140728 -0.0022721937334175993 -0.0044843722251283113 -0.00055437466883980532 0.0019478333290255231 -0.0043760501005450864 -0.0015019381908621507 -0.00053467924570476549 0.0017751677538214116 0.0062363062600238458 0.0043332655561053582 -0.0022234681446937693
leaf_weight=4376.5195582769811 110.46805828996003 133.50162607803941 100.63019383884966 204.54572423733771 711.04133458435535 105.38790449500084 514.59806631691754 147.95123396813869 3146.9239789135754 109.12294234707952 259.81907827407122 217.18598969653249 219.00319433026016 127.33462486043572
leaf_count=53107 1276 1657 1300 2548 9181 1369 6296 1722 39088 1520 3479 2516 2547 1436
internal_value=0 -0.000750619 -0.00112589 -0.00128406 -0.00358458 0.00154124 -0.000837065 -0.00175152 -0.00117728 0.000659885 0.0030747 0.00395617 0.00261839 0.00104166
internal_weight=0 6107.51 5266.7 5133.2 811.672 840.812 4321.53 258.419 3679.6 532.672 582.393 477.005 328.126 641.933
internal_count=129042 75935 65573 63916 10481 10362 53435 2998 45703 6615 7364 5995 4067 7732
is_linear=0
shrinkage=0.0101079


Tree=30
num_leaves=15
num_cat=0
split_feature=28 2 15 29 27 27 30 5 17 5 20 16 3 15
split_gain=88.4003 55.9465 58.8559 43.1946 40.9813 64.8152 36.1097 36.5648 33.7104 31.3266 25.8191 21.0449 20.7558 22.3308
threshold=-0.22706275433301923 0.51918441057205211 15.149302005767824 -0.60785761475563038 0.032717135734856136 -0.89194178581237782 0.81174489855766307 0.78499993681907665 16.500000000000004 -4.8238728046417227 2.7134008407592778 0.16908136010169986 0.62858715653419506 5.1556086540222177
decision_type=2 8 10 2 2 2 2 8 2 10 10 10 10 10
left_child=-1 2 -2 -3 5 -5 10 -8 -7 -10 11 -6 13 -13
right_child=1 3 -4 4 6 8 7 -9 9 -11 -12 12 -14 -15
leaf_value=0.0010415074479566697 0.0030438952309619878 0.0042608629136160663 -0.0037760244618855344 -0.00055690703239676977 0.0006747940069215362 0.00094058115033910175 0.0039445416753622828 -0.0012647335702144886 0.00047935926442796141 -0.0049837346793265916 0.0010087263058994359 -0.0062576019976076803 0.0010140817821371784 -0.0020932646488465681
leaf_weight=4768.6827233117074 631.99663432687521 131.74630442075431 150.56610042415559 1165.1899485811591 262.88040570542216 116.03788063302636 327.27239432558417 213.26979939453304 103.2924299351871 1031.3954585622996 421.68586011230946 172.13434563577175 141.31253992952406 844.24148774892092
leaf_count=57851 7756 1649 1949 14511 3705 1668 4074 2637 1411 12686 4807 1993 1869 10535
internal_value=0 -0.000821011 0.00165668 -0.00122443 -0.00138997 -0.00231949 -0.000426199 0.00182636 -0.00391601 -0.00445109 -0.00111383 -0.00177428 -0.00236593 -0.00287947
internal_weight=0 5713.02 782.563 4930.46 4798.71 2415.92 2382.8 540.542 1250.73 1134.69 1842.25 1420.57 1157.69 1016.38
internal_count=129101 71250 9705 61545 59896 30276 29620 6711 15765 14097 22909 18102 14397 12528
is_linear=0
shrinkage=0.0101079


Tree=31
num_leaves=15
num_cat=0
split_feature=28 27 29 27 3 14 5 17 14 15 17 3 29 13
split_gain=87.5967 51.0434 61.5101 51.2268 36.5033 41.6201 26.9659 27.3454 23.5592 38.7518 27.9488 23.0322 30.76 44.6359
threshold=-0.24825246632099149 0.032717135734856136 -1.0000000180025095e-35 -0.91959547996520985 0.21009274572134021 -14.575867176055906 -4.7156891822814933 15.500000000000002 -14.319041728973387 12.305102348327638 70.500000000000014 0.36202344298362737 1.0000000180025095e-35 -0.0057406642008572808
decision_type=2 2 2 2 10 8 8 2 10 10 2 10 2 10
left_child=-1 2 8 -4 5 -3 -5 -8 -2 10 -10 12 -6 -14
right_child=1 4 3 6 11 -7 7 -9 9 -11 -12 -13 13 -15
leaf_value=0.0010137959542972389 -0.0024836325649018809 0.0012030612372912557 -0.00073224382091087805 0.00063783997464540048 0.0036922995821704161 -0.006331389047950723 0.0001433218933810006 -0.0049302931552707074 0.00077876957621193668 -0.00055419147435525526 0.0088062994265505762 -0.00030269528744900868 0.0027809252692664603 -0.002449261518448138
leaf_weight=4705.1630859375 123.56986475177109 109.50233129411936 890.04173227027059 101.18610387295485 414.13221445679665 176.68517537787557 103.56301539577544 1027.7065080702305 94.101244235411286 208.52129917405546 108.11507803201675 1763.0758631639183 326.24547609686852 323.63947171159089
leaf_count=57002 1485 1332 11119 1406 5141 2037 1511 12908 1380 2332 1416 21809 3938 4231
internal_value=0 -0.000843025 -0.00187023 -0.00264585 2.3022e-05 -0.00335433 -0.00398212 -0.00443242 0.00112999 0.00233942 0.00542788 0.000387309 0.00156245 0.000116528
internal_weight=0 5770.09 2656.8 2122.5 3113.28 286.188 1232.46 1131.27 534.307 410.738 202.216 2827.09 1064.02 649.885
internal_count=129047 72045 33557 26944 38488 3369 15825 14419 6613 5128 2796 35119 13310 8169
is_linear=0
shrinkage=0.0101079


Tree=32
num_leaves=15
num_cat=0
split_feature=0 27 15 30 15 8 23 27 14 7 2 14 3 30
split_gain=76.7151 43.9297 30.4268 28.3401 73.9921 26.3553 25.7012 37.6787 47.2469 33.6459 31.3777 30.0719 25.1122 24.6312
threshold=0.66334891319274913 -0.50938662886619557 3.6681276559829716 1.0000000180025095e-35 17.94438457489014 0.81384000182151806 1.0878710150718691 -0.50938662886619557 -9.7110323905944806 -6.5862324237823477 0.85381531715393078 -24.152421951293942 0.33469134569168096 -0.56174489110708226
decision_type=10 2 8 2 10 10 10 2 10 10 10 10 10 2
left_child=1 -1 12 -4 5 -5 7 8 -2 11 -10 -9 -3 -13
right_child=6 2 3 4 -6 -7 -8 9 10 -11 -12 13 -14 -15
leaf_value=-0.0048034600757976519 -0.0040633061436594698 0.005819369558227528 -0.0025927847065468647 -0.0028964644600860691 0.0065339134483694853 0.0021006632560518286 0.0011906846939716226 -0.0018510637927331775 0.0046999596410475884 -6.9755571191288006e-05 -0.00092899341349430772 0.00041825655136679536 -2.4835091923699459e-05 0.0040518333871395638
leaf_weight=367.89066652022302 462.30064038001001 100.77143150009215 1000.0226631555706 410.61796900443733 136.14514683932066 129.62236049585044 3103.5556003302336 155.55412759445608 118.2252617366612 2890.9501059297472 497.90439358726144 330.21190530620515 201.31033893488348 558.98031809553504
leaf_count=4383 6066 1168 12317 5529 1480 1598 38598 1889 1743 33901 6584 4159 2779 6811
internal_value=0 -0.00160342 -0.000971829 -0.00151767 2.38432e-05 -0.001611 0.000468808 1.27987e-05 -0.00164594 0.000479891 0.000130478 0.00202879 0.00188934 0.00276266
internal_weight=0 2346.38 1978.49 1676.41 676.385 540.24 8117.68 5014.13 1078.43 3935.7 616.13 1044.75 302.082 889.192
internal_count=129005 29254 24871 20924 8607 7127 99751 61153 14393 46760 8327 12859 3947 10970
is_linear=0
shrinkage=0.0101079


Tree=33
num_leaves=15
num_cat=0
split_feature=0 27 16 28 3 3 13 20 23 3 15 28 15 18
split_gain=79.4025 55.2378 32.6567 35.1753 29.8035 25.2257 22.3171 22.3786 20.2747 32.9313 30.5295 28.3965 27.4606 25.6972
threshold=0.66334891319274913 -0.49049438536167139 0.15348171442747119 -0.41268247365951533 0.35362634062767034 0.21009274572134021 -0.030939107760787007 1.4772071838378908 1.0878710150718691 0.44439411163330084 14.532048702239992 0.87137606739997875 10.475242614746096 46.500000000000007
decision_type=10 2 8 2 10 10 10 10 10 10 10 2 10 2
left_child=1 -1 4 -4 -3 -5 7 -7 9 10 -2 -11 -13 -12
right_child=8 2 3 5 -6 6 -8 -9 -10 11 13 12 -14 -15
leaf_value=-0.0051159649289845453 0.0018816053235826326 0.006466758152806608 0.0040425037360657086 -0.0054745730163035695 -0.00049713578307080774 -0.0059311280254321806 -0.00060730252629837803 0 0.0011480936743172216 -0.00098886886619444468 -0.0031392486675774624 0.0044069677619421816 -0.0013419050418313398 0.00074327805908183577
leaf_weight=379.16481929458678 1462.2125497423112 102.73511771671474 103.4933085180819 166.39118384197354 121.22243150137365 178.26342067122459 1177.2704709507525 111.85480121895671 3123.7054257914424 2498.2279810756445 260.22598775662482 202.24590202607214 123.40889848209918 464.89854305423796
leaf_count=4567 16915 1195 925 2010 1722 2364 15137 1346 38674 31395 3521 2505 1529 5226
internal_value=0 -0.00160074 -0.000883372 -0.00136907 0.00263035 -0.00175375 -0.00127823 -0.00377943 0.00050871 0.000100946 0.00103692 -0.000610587 0.00212604 -0.000612964
internal_weight=0 2340.4 1961.23 1737.27 223.958 1633.78 1467.39 290.118 8134.93 5011.22 2187.34 2823.88 325.655 725.125
internal_count=129031 29266 24699 21782 2917 20857 18847 3710 99765 61091 25662 35429 4034 8747
is_linear=0
shrinkage=0.0101079


Tree=34
num_leaves=15
num_cat=0
split_feature=28 27 29 27 30 6 15 2 20 3 15 20 27 13
split_gain=88.4068 57.8684 67.3446 51.23 35.6351 31.5697 30.845 68.0273 36.6415 26.6673 24.1089 27.2923 24.5927 22.7572
threshold=-0.24825246632099149 0.054511256515979774 -0.60785761475563038 -0.91080963611602772 0.81174489855766307 2.9451642036437993 12.503796100616457 0.51918441057205211 3.2607475519180302 0.67567589879035961 18.888646125793461 -0.31848652660846705 -0.50938662886619557 -0.0032093368936330076
decision_type=2 2 2 2 2 8 10 10 10 10 10 8 2 10
left_child=-1 2 -2 -4 6 13 7 -3 -8 -9 11 12 -5 -6
right_child=1 4 3 10 5 -7 8 9 -10 -11 -12 -13 -14 -15
leaf_value=0.0010001855858503856 0.0047589802540363175 0.0038160159193955344 -0.00068992405321294616 -0.0041440717914468655 0.0012371757440900167 -0.0010867585486257442 -0.0033110132137219648 -0.0014619147049300602 0.0015680933211838337 0.0027382741277413841 -0.000131854472735119 -0.0057045040700183835 0 0.0062036918585458862
leaf_weight=4699.7487261705101 134.21922935917974 417.59842445887625 1145.9691420998424 349.87623498402536 224.88627536036074 180.72780476696789 609.68161767348647 1080.7674077432603 193.19241618365049 167.4026251193136 198.47289747931063 613.14566048234701 248.10893050394952 202.97144234366715
leaf_count=56925 1688 5181 14292 4322 2812 2246 7797 13210 2313 2058 2493 7721 3493 2404
internal_value=0 -0.000865857 -0.00194716 -0.00232829 6.86566e-05 0.00225486 -0.000459235 0.000305267 -0.0020833 -0.000853124 -0.00362077 -0.00415488 -0.00244723 0.00375367
internal_weight=0 5767.02 2689.79 2555.57 3077.23 608.586 2468.64 1665.77 802.874 1248.17 1409.6 1211.13 597.985 427.858
internal_count=128955 72030 34009 32321 38021 7462 30559 20449 10110 15268 18029 15536 7815 5216
is_linear=0
shrinkage=0.0101079


Tree=35
num_leaves=15
num_cat=0
split_feature=28 27 15 21 21 0 20 27 13 14 13 20 14 6
split_gain=77.8385 45.274 34.3856 30.423 28.5086 25.8488 29.2011 24.88 20.496 24.5804 33.6788 23.1048 19.3057 18.0697
threshold=-0.18436925113201139 -0.032717135734856122 12.503796100616457 8.4293198585510272 6.3540153503417978 0.63225123286247265 0.02897934336215258 -0.50938662886619557 -0.075801309198141084 -10.49001884460449 0.017318096011877063 -0.67035675048828114 -8.1780223846435529 -0.29309076070785517
decision_type=2 2 8 10 10 10 8 2 10 10 10 10 10 10
left_child=-1 3 8 5 -4 6 7 -2 -3 -10 12 -12 13 -11
right_child=1 2 4 -5 -6 -7 -8 -9 9 10 11 -13 -14 -15
leaf_value=0.00090629670029266707 -0.0050184565260090923 0.0036765559873161613 -0.0031595508549123077 0.00061297464427268876 6.8311153102749503e-05 -0.0015063025325896316 -0.006368047525527722 8.553704503597597e-05 -0.00078117882731644408 0 0.0011180271833316378 0.008830942260905323 -0.0005823558358544731 0.0054711553135585542
leaf_weight=4922.2457646653056 146.97530490532517 210.44606763869524 526.79202307015657 394.09828199259937 535.76000314392149 1367.6524798553437 304.01463713869452 223.7322697378695 927.24985132366419 128.19903570599854 94.047486040741205 90.706462975591421 505.98993482068181 120.19875193201005
leaf_count=59705 1690 2589 6463 4961 6524 17337 3902 3029 11753 1588 1486 1149 5672 1530
internal_value=0 -0.000836384 -2.01508e-05 -0.00186818 -0.00150528 -0.0023672 -0.00401651 -0.00189143 0.00072297 0.000354709 0.00151625 0.00531537 0.000488751 0.00278111
internal_weight=0 5575.86 3139.39 2436.47 1062.55 2042.37 674.722 370.708 2076.84 1866.39 939.142 184.754 754.388 248.398
internal_count=129378 69673 38754 30919 12987 25958 8621 4719 25767 23178 11425 2635 8790 3118
is_linear=0
shrinkage=0.0101079


Tree=36
num_leaves=15
num_cat=0
split_feature=28 22 14 14 29 30 17 28 7 28 15 20 15 14
split_gain=77.6385 34.5005 30.9184 31.369 29.463 23.0259 38.1635 29.3946 33.8846 27.5458 27.3879 24.9375 24.3959 21.4352
threshold=-0.24825246632099149 -0.95688697695732106 -29.607819557189938 -22.955868721008297 -1.0000000180025095e-35 1.0000000180025095e-35 20.500000000000004 0.69930991530418407 -10.699033260345457 0.43245348334312445 7.972191810607911 1.7825385928153994 12.610247611999513 -10.082602500915526
decision_type=2 10 8 10 2 2 2 2 10 2 10 10 10 10
left_child=-1 4 -3 -4 -2 6 10 -7 -9 11 -5 -8 -11 -10
right_child=1 2 3 5 -6 7 9 8 13 12 -12 -13 -14 -15
leaf_value=0.00093504217373499229 0.001908416537724164 0.0046615657446451627 -0.0044738628335927576 0.00463741817627679 -0.0035327099621035823 -0.00060629410070351622 -0.0011570550985354896 0.007007967472359382 -0.001604740041934039 -0.0016693045156872942 -2.7772939353427936e-05 0.0032536474625726548 -0.005032619226773294 0.0022314748780541964
leaf_weight=4695.9627338163555 103.64916767925024 106.99682709388435 201.01047602109611 150.78130822442472 694.98872214369476 1100.6531998012215 807.27142696455121 110.02952390350401 203.18769160099328 744.32167658023536 594.97255402430892 145.93224535882473 357.16900093480945 445.49042982980609
leaf_count=56918 1408 1163 2675 1645 9606 13563 10119 1390 2402 9279 7230 1772 4415 5490
internal_value=0 -0.000814055 -0.000488526 -0.000617339 -0.00276494 -0.00043526 -0.00101742 0.000420434 0.00195395 -0.00173343 0.000899135 -0.000419161 -0.00282353 0.00096345
internal_weight=0 5766.45 4967.82 4860.82 798.638 4659.81 2800.45 1859.36 758.708 2054.69 745.754 953.204 1101.49 648.678
internal_count=129075 72157 61143 59980 11014 57305 34460 22845 9282 25585 8875 11891 13694 7892
is_linear=0
shrinkage=0.0101079


Tree=37
num_leaves=15
num_cat=0
split_feature=22 29 1 30 27 11 27 12 27 5 3 20 6 23
split_gain=58.9486 29.3444 28.5115 28.2845 26.3249 25.0446 26.0203 23.606 22.844 19.1255 19.9033 18.5838 18.5078 21.6791
threshold=-0.87004452943801869 -1.0000000180025095e-35 1.0828300118446352 1.0000000180025095e-35 -0.77296444773674 0.041610909625887878 0.81279832124710094 0.018589666113257412 -0.50938662886619557 -3.1314824819564815 0.5777900516986848 -0.22233910858631131 -1.9219154715538023 0.67085942625999462
decision_type=10 2 10 2 2 10 2 10 2 10 10 8 10 10
left_child=1 -1 3 12 -5 7 9 -6 -3 -7 -11 -10 -2 -14
right_child=2 8 -4 4 5 6 -8 -9 11 10 -12 -13 13 -15
leaf_value=0.0015734363057358634 -0.0017332087936339606 -0.0050515780547448052 0.0010590606299432169 -0.0011694863138988435 0.0012057734371938597 0 -8.8495775543466224e-05 -0.0025850497152775957 0.00030445865466853121 0.0048162172178621175 0.0004782298515376917 -0.0030296951006902758 -0.0016600373384565866 0.00041774789520532539
leaf_weight=167.25067045539618 1150.9148047305644 322.26920050941408 3289.7093146406114 548.96247164718807 434.81390245631337 169.49583193287253 334.09789103455842 259.97391833364964 268.34691511839628 525.69539636559784 164.81963482871652 377.71833582594991 707.50201852805912 1769.069692350924
leaf_count=2224 14969 4229 40173 6836 5220 1956 4064 3363 3929 5941 1978 5137 8454 20760
internal_value=0 -0.00212937 0.000301414 -0.000103663 0.000729056 0.00130466 0.00219067 -0.000167688 -0.00281771 0.00311575 0.00385534 -0.0015955 -0.00067479 -0.000162804
internal_weight=0 1135.59 9355.05 6065.35 2437.86 1888.9 1194.11 694.788 968.334 860.011 690.515 646.065 3627.49 2476.57
internal_count=129233 15519 113714 73541 29358 22522 13939 8583 13295 9875 7919 9066 44183 29214
is_linear=0
shrinkage=0.0101079


Tree=38
num_leaves=15
num_cat=0
split_feature=0 27 28 28 27 27 3 21 11 18 14 0 7 12
split_gain=73.2428 42.1831 28.8682 17.0316 33.6334 29.5028 26.6302 23.346 30.6935 19.78 19.6623 16.8995 15.1505 22.1328
threshold=0.66334891319274913 -0.50938662886619557 -0.43245348334312433 -0.35222910344600672 -0.49049438536167139 -0.88186877965927113 0.2945638000965119 3.4152215719223027 0.064080152660608306 49.500000000000007 -4.7281792163848868 0.56398928165435802 -7.5243120193481436 0.04719050973653794
decision_type=10 2 2 2 2 2 10 10 10 2 10 10 10 10
left_child=1 11 -3 6 5 -5 -2 10 -9 -10 12 -1 -6 -14
right_child=3 2 -4 4 7 -7 -8 8 9 -11 -12 -13 13 -15
leaf_value=-0.0074613044125520517 -0.0012734015860098704 0.0040469803318191879 -0.0012199853424224372 -0.00030318717841024151 0.0025056953079349688 -0.0035499397300752865 0.0012375731890977182 -0.0039082984374392057 -0.0028247642999266122 0.0017780302381109805 0.0057445644797862998 -0.002462697727397259 0.00096587053867206428 -0.0037799843636508652
leaf_weight=145.00597862713039 465.79538903012872 102.32664223387837 1867.2693765163422 1362.3969471659511 547.33304171450436 367.49029358662665 3744.8989851288497 201.14340340159833 113.1692571900785 395.46234622038901 104.9796177521348 214.53316456824541 733.57844453305006 107.06048320047557
leaf_count=1685 5262 904 23961 16934 7046 4844 45958 2591 1465 4424 1185 2632 8929 1195
internal_value=0 -0.00152726 -0.000911302 0.000502091 1.30303e-05 -0.00102879 0.000948402 0.000850259 -0.000613989 0.000648854 0.00157296 -0.00470218 0.00119873 0.000285142
internal_weight=0 2329.14 1969.6 8143.31 3932.61 1729.89 4210.69 2202.73 709.775 508.632 1492.95 359.539 1387.97 840.639
internal_count=129015 29182 24865 99833 48613 21778 51220 26835 8480 5889 18355 4317 17170 10124
is_linear=0
shrinkage=0.0101079


Tree=39
num_leaves=15
num_cat=0
split_feature=28 29 22 17 29 15 13 23 29 23 15 12 5 7
split_gain=72.9408 44.0923 34.7728 37.5862 24.026 33.8993 20.6015 18.347 18.1347 15.9223 14.8476 25.4652 22.8512 21.6098
threshold=-0.35222910344600672 -0.60785761475563038 -0.69801610708236683 17.500000000000004 1.0000000180025095e-35 3.2466465234756474 -0.025730678811669346 0.69498533010482799 0.6078576147556306 0.51586344838142406 11.417904853820803 -0.029467105865478512 0.6276339888572694 13.009504795074465
decision_type=2 2 10 2 2 8 10 8 2 10 8 10 10 10
left_child=7 -2 3 -3 5 -5 -7 -1 -6 -8 11 12 -4 -12
right_child=1 2 10 4 8 6 9 -9 -10 -11 13 -13 -14 -15
leaf_value=0.0043711711182333234 0.0048142869750409248 0.0013957646979138227 -0.00026478913161078182 0.0041474913386649664 -0.0056957993307643652 -0.0060024085603396773 -0.0038599102591001396 0.00085687608086167468 -0.0024888728104306853 0.00045015204720973351 -0.0021186568192916012 0.0010612576448602031 -0.0041173201889630759 0.00015450790241563112
leaf_weight=157.57356517575681 134.63987892493606 262.74945634789765 958.59990207105875 100.29211976751685 312.562579696998 100.96907271817327 114.32245091348886 4170.8140137009323 670.39260626584291 264.29038947820663 906.68480240926147 1413.0498370528221 188.23088886588812 742.3266595620662
leaf_count=1474 1687 3474 12240 1455 4147 1528 1420 50767 8779 3234 11167 16944 2201 8703
internal_value=0 -0.000708684 -0.00084454 -0.00201094 -0.00261348 -0.000871623 -0.00205289 0.00100162 -0.00358553 -0.00079698 -0.000326292 0.00014194 -0.000955231 -0.00107491
internal_weight=0 6169.11 6034.47 1825.58 1562.83 579.874 479.582 4328.39 982.955 378.613 4208.89 2559.88 1146.83 1649.01
internal_count=129220 76979 75292 24037 20563 7637 6182 52241 12926 4654 51255 31385 14441 19870
is_linear=0
shrinkage=0.0101079


Tree=40
num_leaves=15
num_cat=0
split_feature=28 2 3 0 17 21 12 27 27 27 3 2 3 14
split_gain=70.3024 50.969 52.5757 37.2742 36.6709 25.1949 26.0146 26.5829 28.8747 19.7641 19.7345 25.1425 19.0334 25.2358
threshold=-0.29026740789413447 0.51918441057205211 0.22518842667341235 0.55101242661476146 19.500000000000004 8.5882706642150897 0.061934761703014381 -0.49049438536167139 -0.89194178581237782 0.95032352209091198 0.87640717625617992 0.84899932146072399 0.2945638000965119 -6.3011543750762931
decision_type=2 8 10 10 2 10 10 2 2 2 10 8 10 10
left_child=12 2 -2 4 -3 6 7 8 10 -4 11 -5 13 -1
right_child=1 3 9 5 -6 -7 -8 -9 -10 -11 -12 -13 -14 -15
leaf_value=-0.0026339269553068666 -0.0024338613050836036 0.0022757098536871473 0.0042803548367953189 0.0022549171739212346 -0.0038770219788966409 0.0010517704517140393 -0.0031517297100668645 7.848691874446311e-05 -0.0040287963438144087 0 0.0010396664798080929 -0.0030474401896857127 0.0011643404934391307 0.0015932011917562873
leaf_weight=323.75705589354038 222.45694591850042 100.2667308729142 432.53545070998371 100.34409563988447 739.49867582879961 656.68275138735771 525.52381632290781 1809.3425918594003 405.0087951105088 147.70180349051952 358.53306272253394 433.01888864673674 3999.5891139246523 237.53068761341274
leaf_count=3635 2590 1303 5597 1367 9670 7918 6459 22771 5131 1748 4079 5613 48875 2594
internal_value=0 -0.00075189 0.00158535 -0.00112742 -0.00308072 -0.000730709 -0.00106567 -0.000692876 -0.00179423 0.00320676 -0.00070892 -0.00195728 0.000915727 -0.000776494
internal_weight=0 5930.91 802.694 5128.22 839.765 4288.45 3631.77 3106.25 1296.9 580.237 891.896 533.363 4560.88 561.288
internal_count=129350 74246 9935 64311 10973 53338 45420 38961 16190 7345 11059 6980 55104 6229
is_linear=0
shrinkage=0.0101079


Tree=41
num_leaves=15
num_cat=0
split_feature=28 2 29 15 0 17 29 12 21 0 0 10 2 15
split_gain=76.3265 50.3873 48.3722 45.4528 42.2297 38.5901 23.3519 30.0698 56.1937 21.7306 21.3135 20.182 19.9711 17.9819
threshold=-0.18436925113201139 0.51918441057205211 -0.60785761475563038 15.54233503341675 0.55101242661476146 20.500000000000004 1.0000000180025095e-35 0.066726703196764006 8.5882706642150897 0.61074715852737438 0.9028800129890443 0.16312821209430697 1.6705821156501772 18.126183509826664
decision_type=2 8 2 10 10 2 2 10 10 10 10 10 8 10
left_child=-1 3 -3 9 5 -4 7 12 -9 -2 11 -8 -6 -7
right_child=1 2 4 -5 6 13 10 8 -10 -11 -12 -13 -14 -15
leaf_value=0.00090867222303022939 0.00029511151461023195 0.0045070865037172897 0.0020412607312374699 -0.0035343329063952139 0.0014594887081234023 -0.00499182058837137 -0.0029179166657246876 -0.0066898605240334917 0.0013497897741487053 0.0042770946214987487 -0.00017323559777418374 -0.00011735937039861267 -0.0019310090674391188 -2.7082882227467691e-05
leaf_weight=4944.6953379865736 260.39613344892859 136.28347801044583 98.368300039321184 133.70982727408409 959.64974297583103 607.56789794936776 1157.3512654006481 164.39590248465538 165.73916711844504 372.20976957678795 811.06123141571879 380.03793389722705 201.62072033248842 103.71187855489552
leaf_count=59709 3355 1680 1288 1780 11986 8074 14572 2004 1849 4363 9835 4834 2649 1239
internal_value=0 -0.000816785 -0.00120702 0.00155588 -0.00139032 -0.00349649 -0.000929648 3.35806e-05 -0.00259448 0.00272433 -0.00155667 -0.00225584 0.000827416 -0.00433222
internal_weight=0 5552.1 4785.79 766.316 4649.5 809.648 3839.86 1491.41 330.135 632.606 2348.45 1537.39 1161.27 711.28
internal_count=129217 69508 60010 9498 58330 10601 47729 18488 3853 7718 29241 19406 14635 9313
is_linear=0
shrinkage=0.0101079


Tree=42
num_leaves=15
num_cat=0
split_feature=28 27 29 27 30 15 2 3 11 14 12 13 14 15
split_gain=67.6616 51.4219 63.1465 51.2014 35.9354 29.6148 59.1621 35.0835 31.9752 31.8886 27.3168 35.4937 27.1805 33.2103
threshold=-0.24825246632099149 -1.0000000180025095e-35 -1.0000000180025095e-35 -0.91080963611602772 0.81174489855766307 12.503796100616457 0.51918441057205211 0.21009274572134021 0.06517795100808145 -3.8339762687683101 0.033757524564862258 -0.0032093368936330076 -14.185142993927 12.305102348327638
decision_type=2 2 2 2 2 8 10 10 10 10 8 10 10 10
left_child=-1 2 12 -4 5 6 -3 -7 -9 -10 11 -6 -2 -14
right_child=1 4 3 -5 10 7 -8 8 9 -11 -12 -13 13 -15
leaf_value=0.00093467130347686309 -0.002536989770657977 0.0035477264218278137 -0.00072385931375223522 -0.0040028564225719609 0.0005911347016750567 -0.0063825065732663108 -0.00070416131752610331 -0.0035085011475589054 -0.00225525543089486 0.0033234006733987389 -0.00077686976823874965 0.0064754173128571393 0.0055314759984349607 -5.9761196344035159e-05
leaf_weight=4719.4336180686951 125.04609721340239 439.15437026135623 916.42055246047676 1132.3357520103455 226.90213582850993 144.56948683224618 1295.9947818666697 277.33937033079565 171.84276245161891 231.68462776206434 184.43115826696157 221.50609407946467 195.85598152317107 202.43519229628146
leaf_count=56911 1518 5400 11462 14785 2861 1778 15951 3557 2105 3001 2353 2545 2708 2263
internal_value=0 -0.000695882 -0.00175855 -0.00256397 0.000149528 -0.000371485 0.000359549 -0.00194602 -0.000884881 0.000851459 0.00230018 0.0036464 0.00130975 0.00264222
internal_weight=0 5765.52 2572.09 2048.76 3193.42 2560.59 1735.15 825.436 680.867 403.527 632.839 448.408 523.337 398.291
internal_count=129198 72287 32736 26247 39551 31792 21351 10441 8663 5106 7759 5406 6489 4971
is_linear=0
shrinkage=0.0101079


Tree=43
num_leaves=15
num_cat=0
split_feature=28 2 3 0 3 27 3 21 15 28 2 13 23 3
split_gain=67.6931 48.9102 38.1816 31.8056 25.1244 23.7656 22.4705 21.7675 23.6573 36.1588 18.2643 18.0124 16.9673 23.5547
threshold=-0.2693240344524383 0.53490236401557933 0.22518842667341235 0.65284880995750438 0.343172237277031 -0.50938662886619557 0.25321374833583837 10.008263111114504 10.658668518066408 0.8491516411304475 4.0283823013305673 0.0092509626410901564 0.69498533010482799 0.2945638000965119
decision_type=2 8 8 10 10 2 10 10 10 2 10 10 8 10
left_child=12 2 11 5 6 -3 -5 8 9 -6 -9 -2 -1 -14
right_child=1 3 -4 4 7 -7 -8 10 -10 -11 -12 -13 13 -15
leaf_value=0.0039924962959531907 0.00067007409124001489 -0.0047378497360249933 0.0027509233713723176 -0.0016613314966893349 -0.0011212798147977854 -0.0015717516441759133 0.0033956938499311181 0.0029699193768861929 -0.0025708575682854133 0.0027917201338253897 -0.0016269809135104024 -0.0046795889276406927 -0.0012669957753156898 0.0010670484250160101
leaf_weight=178.95434850268066 108.99246624857187 321.80637855827808 648.78422848321497 112.48412526398897 1452.5103915333748 1318.9766345713288 281.62601312249899 250.8224878963083 831.03075751289725 277.99659391306341 115.76214034482837 114.61206197738647 474.96177703514695 3989.4166625048965
leaf_count=1728 1270 3844 8173 1292 18398 17188 3452 3255 10196 3480 1203 1361 5424 49025
internal_value=0 -0.000688168 0.0014907 -0.00108101 -0.000494436 -0.00223635 0.0018474 -0.000827415 -0.0011661 -0.000459879 0.00140649 -0.00196079 0.000945728 0.000807937
internal_weight=0 5835.4 872.389 4963.02 3322.23 1640.78 394.11 2928.12 2561.54 1730.51 366.585 223.605 4643.33 4464.38
internal_count=129289 73112 10804 62308 41276 21032 4744 36532 32074 21878 4458 2631 56177 54449
is_linear=0
shrinkage=0.0101079


Tree=44
num_leaves=15
num_cat=0
split_feature=28 27 29 27 30 15 3 7 14 15 29 20 21 7
split_gain=63.9241 48.4759 66.4809 51.5447 42.2114 32.576 35.1551 31.4466 24.6547 31.9236 21.9554 47.1358 21.0593 23.0477
threshold=-0.18436925113201139 -0.032717135734856122 -1.0000000180025095e-35 -0.91080963611602772 0.81174489855766307 12.305102348327638 0.21009274572134021 12.195179939270021 -14.185142993927 12.305102348327638 0.87837970256805431 -1.0008339285850523 0.79093492031097423 -8.5128211975097638
decision_type=2 2 2 2 2 8 10 10 10 10 2 10 10 10
left_child=-1 2 8 -4 5 10 -7 -8 -2 -10 12 -12 13 -3
right_child=1 4 3 -5 -6 6 7 -9 9 -11 11 -13 -14 -15
leaf_value=0.00082398359220206769 -0.0023463477980187565 0.00070793306825024215 -0.00070471447673689524 -0.0041272794238944805 0.0024248794222953159 -0.0066771612066564099 -0.0030114224244133896 0.0012439230168529063 0.0057060210848868653 0 -0.0018235670302263077 0.004885480337503063 0.001774410534109363 -0.0024592029242875529
leaf_weight=4957.3667756225914 116.31859029456973 368.04238682426512 821.26365826278925 1092.3899155445397 617.21743849478662 140.38533592037857 386.57648174278438 300.47564565576613 179.95214275456965 191.19083453342319 160.59218213520944 263.14374856837094 324.82173689454794 561.29165833629668
leaf_count=59873 1408 4918 10364 14321 7592 1722 4914 3770 2490 2151 2135 3090 3698 6808
internal_value=0 -0.000755876 -0.00183386 -0.00268816 6.2567e-05 -0.000508898 -0.00214617 -0.00109887 0.00142785 0.00274107 0.000280545 0.00226165 -0.000366337 -0.00116616
internal_weight=0 5523.66 2401.12 1913.65 3122.55 2505.33 827.437 687.052 487.462 371.143 1677.89 423.736 1254.16 929.334
internal_count=129254 69381 30734 24685 38647 31055 10406 8684 6049 4641 20649 5225 15424 11726
is_linear=0
shrinkage=0.0101079


Tree=45
num_leaves=15
num_cat=0
split_feature=23 27 16 30 15 3 29 17 2 8 17 3 2 23
split_gain=52.1922 43.191 33.4687 37.4976 57.4666 25.8464 24.2487 24.1811 22.7157 20.9822 21.6286 20.8174 23.8417 31.0047
threshold=0.74127396941185009 -0.50938662886619557 0.16537290811538699 1.0000000180025095e-35 17.94438457489014 0.4367151558399201 -1.0000000180025095e-35 32.500000000000007 4.2643871307373056 0.79481631517410289 57.500000000000007 0.23643351346254352 0.91365516185760509 1.0878710150718691
decision_type=10 2 8 2 10 10 2 2 10 10 2 10 8 10
left_child=1 6 5 7 9 -3 -1 -4 11 -5 -11 -2 -13 -14
right_child=8 2 3 4 -6 -7 -8 -9 -10 10 -12 12 13 -15
leaf_value=9.1196797980853093e-05 -0.0019417115221957619 0.00470831981749977 -0.00011164133685004845 -0.0015386941154772382 0.0055055724844335673 -0.0003368899141614142 -0.0045637186301899025 -0.0028943179734261981 -0.002678160357315679 -0.00092536964007960379 0.0050778078520143568 0.0015785449564051544 -0.00065810812794618752 0.0010748579640265979
leaf_weight=128.84264154173434 292.80976468324661 200.83947968296707 526.13497236743569 616.76275866664946 187.9367713984102 177.29400328174233 458.5610003490001 949.9747585747391 208.00190545618534 104.83008480444551 110.19737953320146 2300.7323694899678 1900.0573498290032 2314.0691815465689
leaf_count=1684 3339 2511 6307 8009 2110 2392 5803 11938 2309 1270 1412 27832 23456 28602
internal_value=0 -0.000996646 -0.000465797 -0.000903344 0.000554545 0.00227795 -0.00348656 -0.00193545 0.000518562 -0.000555745 0.00203786 0.000625067 0.000748777 0.000284132
internal_weight=0 3461.37 2873.97 2495.84 1019.73 378.133 587.404 1476.11 7015.67 831.79 215.027 6807.67 6514.86 4214.13
internal_count=128974 43436 35949 31046 12801 4903 7487 18245 85538 10691 2682 83229 79890 52058
is_linear=0
shrinkage=0.0101079


Tree=46
num_leaves=15
num_cat=0
split_feature=28 27 29 27 13 7 13 20 27 11 17 23 0 0
split_gain=61.6778 40.2726 47.7315 61.3137 36.6427 31.887 29.2766 26.1231 30.2588 21.7699 28.7139 19.2891 17.1675 16.4484
threshold=-0.35222910344600672 -0.05451125651597976 -1.0000000180025095e-35 -0.91959547996520985 -0.075801309198141084 -21.268518447875973 0.040162706747651107 -0.31848652660846705 -0.50938662886619557 0.055647952482104308 67.500000000000014 0.69498533010482799 0.98267069458961498 0.65648335218429577
decision_type=2 2 2 2 8 10 10 8 2 8 2 8 10 10
left_child=11 2 9 -4 5 -3 7 8 -5 10 -2 -1 -13 -6
right_child=1 4 3 6 13 -7 -8 -9 -10 -11 -12 12 -14 -15
leaf_value=0.0044426808651077581 0 0 -0.00041276393119439434 -0.0048074200178963118 -0.0010978134752876046 0.0074150717712060015 -0.00045296832020521579 -0.0065244955786739247 0.0005011629526542788 -0.00045898676843631776 0.0071146347559248729 -6.6111414327158185e-05 0.0012784687267566824 0.00037620707816664144
leaf_weight=154.75232110917568 107.67984114028513 118.91273357905447 1030.2397116720676 259.7636976391077 1236.1845127325505 118.45194783806801 228.00093748606741 443.16852931492031 162.2521804869175 328.86011619120836 105.33161046355963 1405.4712802376598 2766.8884570877999 1991.4235818404704
leaf_count=1446 1566 1521 12866 3348 15838 1365 2990 5652 2365 3788 1356 15636 35167 24115
internal_value=0 -0.000611357 -0.00154451 -0.00223256 9.65885e-05 0.00387284 -0.00389604 -0.00474509 -0.00269953 0.00107162 0.00355235 0.00096318 0.000816561 -0.000177088
internal_weight=0 6130.27 2665.3 2123.43 3464.97 237.365 1093.19 865.184 422.016 541.872 213.011 4327.11 4172.36 3227.61
internal_count=129019 76770 33931 27221 42839 2886 14355 11365 5713 6710 2922 52249 50803 39953
is_linear=0
shrinkage=0.0101079


Tree=47
num_leaves=15
num_cat=0
split_feature=28 29 0 17 15 3 30 15 12 29 12 15 15 3
split_gain=60.9673 35.9137 36.0694 31.6779 31.4653 30.2762 34.8462 27.8597 31.4885 25.3345 27.0397 23.9799 26.1237 24.9423
threshold=-0.22706275433301923 -0.60785761475563038 0.55101242661476146 14.500000000000002 4.2756865024566659 0.42833244800567633 0.81174489855766307 12.305102348327638 -0.0031618971843272443 0.87837970256805431 -0.0049886745400726787 18.687375068664554 10.563488960266115 0.84870928525924694
decision_type=2 2 10 2 8 10 2 10 10 2 10 10 10 10
left_child=-1 -2 3 -3 -5 6 7 9 -9 -4 -11 12 -7 -13
right_child=1 2 5 4 -6 11 -8 8 -10 10 -12 13 -14 -15
leaf_value=0.0008198437750116691 0.0042121155566707822 0.0025414938791909797 -3.4017524344035856e-06 0.00014531532186976337 -0.004157802407962089 -0.0007278870290837689 0.003847328278302471 -0.0052386168516208968 3.727225964740467e-05 0 0.0074670970465265975 0.0031225850829689613 -0.0029890144666457588 -0.0016565921639213753
leaf_weight=4801.0032079182565 136.54622786492109 97.209322821348906 495.51677059940994 203.74516713060439 721.43987143039703 1908.4265204071999 285.27266512066126 176.72736052796245 269.94423012249172 106.63427752815187 106.34902727231383 258.69158619828522 757.52245272323489 173.85075037367642
leaf_count=57962 1701 1264 6156 2635 9570 23720 3332 2447 3315 1407 1166 3249 9621 1881
internal_value=0 -0.000725018 -0.000859118 -0.00257583 -0.00317331 -0.000459847 0.000732028 -2.2679e-05 -0.00201395 0.00118424 0.00403546 -0.00102741 -0.00139223 0.00111428
internal_weight=0 5697.88 5561.33 1022.39 925.185 4538.94 1440.44 1155.17 446.672 708.5 212.983 3098.49 2665.95 432.542
internal_count=129426 71464 69763 13469 12205 56294 17823 14491 5762 8729 2573 38471 33341 5130
is_linear=0
shrinkage=0.0101079


end of trees

feature_importances:
Column_3=80
Column_27=72
Column_15=53
Column_2=52
Column_28=46
Column_29=41
Column_0=33
Column_30=32
Column_14=29
Column_21=28
Column_20=24
Column_17=23
Column_12=20
Column_13=20
Column_7=19
Column_22=16
Column_23=16
Column_5=15
Column_16=13
Column_11=12
Column_6=6
Column_18=6
Column_8=5
Column_1=4
Column_10=3
Column_31=2
Column_4=1
Column_9=1

parameters:
[boosting: gbdt]
[objective: binary]
[metric: auc]
[tree_learner: serial]
[device_type: cpu]
[data_sample_strategy: bagging]
[data: ]
[valid: ]
[num_iterations: 600]
[learning_rate: 0.0101079]
[num_leaves: 15]
[num_threads: 2]
[seed: 2024]
[deterministic: 0]
[force_col_wise: 0]
[force_row_wise: 0]
[histogram_pool_size: -1]
[max_depth: -1]
[min_data_in_leaf: 1280]
[min_sum_hessian_in_leaf: 0.001]
[bagging_fraction: 0.829452]
[pos_bagging_fraction: 1]
[neg_bagging_fraction: 1]
[bagging_freq: 1]
[bagging_seed: 2024]
[feature_fraction: 0.727545]
[feature_fraction_bynode: 1]
[feature_fraction_seed: 2024]
[extra_trees: 0]
[extra_seed: 29642]
[early_stopping_round: 0]
[early_stopping_min_delta: 0]
[first_metric_only: 0]
[max_delta_step: 0]
[lambda_l1: 4.00664]
[lambda_l2: 7.63247]
[linear_lambda: 0]
[min_gain_to_split: 0]
[drop_rate: 0.1]
[max_drop: 50]
[skip_drop: 0.5]
[xgboost_dart_mode: 0]
[uniform_drop: 0]
[drop_seed: 2449]
[top_rate: 0.2]
[other_rate: 0.1]
[min_data_per_group: 100]
[max_cat_threshold: 32]
[cat_l2: 10]
[cat_smooth: 10]
[max_cat_to_onehot: 4]
[top_k: 20]
[monotone_constraints: ]
[monotone_constraints_method: basic]
[monotone_penalty: 0]
[feature_contri: ]
[forcedsplits_filename: ]
[refit_decay_rate: 0.9]
[cegb_tradeoff: 1]
[cegb_penalty_split: 0]
[cegb_penalty_feature_lazy: ]
[cegb_penalty_feature_coupled: ]
[path_smooth: 0]
[interaction_constraints: ]
[verbosity: -1]
[saved_feature_importance_type: 0]
[use_quantized_grad: 0]
[num_grad_quant_bins: 4]
[quant_train_renew_leaf: 0]
[stochastic_rounding: 1]
[linear_tree: 0]
[max_bin: 255]
[max_bin_by_feature: ]
[min_data_in_bin: 3]
[bin_construct_sample_cnt: 200000]
[data_random_seed: 6648]
[is_enable_sparse: 1]
[enable_bundle: 1]
[use_missing: 1]
[zero_as_missing: 0]
[feature_pre_filter: 1]
[pre_partition: 0]
[two_round: 0]
[header: 0]
[label_column: ]
[weight_column: ]
[group_column: ]
[ignore_column: ]
[categorical_feature: ]
[forcedbins_filename: ]
[precise_float_parser: 0]
[parser_config_file: ]
[objective_seed: 12337]
[num_class: 1]
[is_unbalance: 0]
[scale_pos_weight: 1]
[sigmoid: 1]
[boost_from_average: 1]
[reg_sqrt: 0]
[alpha: 0.9]
[fair_c: 1]
[poisson_max_delta_step: 0.7]
[tweedie_variance_power: 1.5]
[lambdarank_truncation_level: 30]
[lambdarank_norm: 1]
[label_gain: ]
[lambdarank_position_bias_regularization: 0]
[eval_at: ]
[multi_error_top_k: 1]
[auc_mu_weights: ]
[num_machines: 1]
[local_listen_port: 12400]
[time_out: 120]
[machine_list_filename: ]
[machines: ]
[gpu_platform_id: -1]
[gpu_device_id: -1]
[gpu_use_dp: 0]
[num_gpu: 1]

end of parameters

pandas_categorical:null
