tree
version=v4
num_class=1
num_tree_per_iteration=1
label_index=0
max_feature_idx=33
objective=binary sigmoid:1
feature_names=Column_0 Column_1 Column_2 Column_3 Column_4 Column_5 Column_6 Column_7 Column_8 Column_9 Column_10 Column_11 Column_12 Column_13 Column_14 Column_15 Column_16 Column_17 Column_18 Column_19 Column_20 Column_21 Column_22 Column_23 Column_24 Column_25 Column_26 Column_27 Column_28 Column_29 Column_30 Column_31 Column_32 Column_33
feature_infos=[0.22403052449226379:4.806818962097168] [0.027025075629353523:26.170040130615234] [0.17134076356887817:8.6935958862304688] [0.087584272027015686:1] [-28.67047119140625:41.262332916259766] [-36.190670013427734:42.326030731201172] [-36.841156005859375:62.500308990478516] [-45.158794403076172:63.120437622070312] [-22.455821990966797:30.680826187133789] [0:0.95389312505722046] [0:0.64536702632904053] [0:0.40022626519203186] [-0.51016271114349365:0.5480339527130127] [-0.15783818066120148:0.22172828018665314] [-46.22015380859375:17.161741256713867] [-8.3726015090942383:64.2962646484375] [0:1] [0:95] [0:95] [-1:1] [-29.775985717773438:44.984848022460938] [-30.712318420410156:55.0223388671875] [-2.5033562183380127:15.253066062927246] [0.049656935036182404:4.2456021308898926] [-1:1] [0:1] [0:1] [-1:1] [-1:1] [-0.78183150291442871:0.97492790222167969] [-0.90096884965896606:1] [0:1] [0:1] [0.99500000476837158:4.5999999046325684]
tree_sizes=8574 8758 8669

Tree=0
num_leaves=79
num_cat=0
split_feature=30 18 11 12 27 27 0 30 0 16 11 2 0 20 11 2 16 0 18 0 16 11 27 15 2 0 31 12 0 15 16 11 12 2 2 20 15 12 30 10 16 16 11 4 2 16 27 0 9 2 2 31 16 10 27 30 4 18 16 15 2 2 18 10 2 4 15 10 11 12 16 2 30 12 20 31 10 0
split_gain=77.7725 59.5073 32.8669 31.4756 30.1112 27.8158 24.4592 30.3198 24.1653 25.1962 21.3134 32.9277 38.1307 23.1834 21.5594 24.7979 21.364 21.9117 20.9459 20.1356 20.9714 18.8134 18.5041 18.1115 16.897 23.3423 21.4116 16.2229 16.0136 18.2298 38.8486 35.9627 30.0929 35.5179 27.6863 21.1895 20.2799 18.2874 15.7003 18.3659 22.3901 15.6197 15.4135 17.1522 15.7048 15.3614 14.0345 13.9911 13.9369 15.5411 19.5649 13.0143 22.4198 15.9079 12.9312 12.9032 12.6904 12.6222 15.5059 12.4801 12.8801 12.3543 11.7854 11.4564 11.4459 11.0996 17.0604 11.0506 10.6941 10.3939 10.2141 11.7737 10.1123 19.2266 11.5761 10.0892 29.3913 10.0609
threshold=1.0000000180025095e-35 85.500000000000014 0.03463310934603215 0.014298472553491594 -0.58244305849075306 -0.95688340067863453 0.95152482390403759 -0.56174489110708226 1.1236733794212344 0.43306839466094976 0.094863016158342375 1.1046353578567507 0.70575961470603954 0.40925495326519018 0.14644917845726016 0.99742037057876598 0.77961117029190075 0.5348944664001466 56.500000000000007 0.85936501622200023 0.47601206600666052 0.0678054913878441 0.63435554504394542 14.952855587005617 1.8830347657203677 1.472405791282654 1.0000000180025095e-35 -0.073397699743509279 0.70575961470603954 8.1206312179565447 0.23484572768211368 0.12915086746215823 0.034649109467864043 1.0021356344223025 0.72170859575271618 -0.9958716332912444 2.7978855371475224 0.02151176426559687 0.81174489855766307 0.16920348256826404 0.53654330968856823 0.8018271028995515 0.022152105346322063 1.7858233451843264 2.8329989910125737 0.21212760359048846 0.18436925113201144 1.0006521344184878 0.20754896104335788 0.42712301015853887 0.38476364314556127 1.0000000180025095e-35 0.67590686678886425 0.06581477448344232 -0.50938662886619557 -0.56174489110708226 2.1415257453918461 72.500000000000014 0.14789924770593646 6.755218744277955 0.87473341822624218 1.551469147205353 43.500000000000007 0.071863118559122099 1.2954684495925906 2.7637004852294926 10.102898120880129 0.16345624625682834 0.070111233741045012 0.10513433441519739 0.12935643643140796 1.2706135511398318 -0.56174489110708226 -0.023721150122582909 0.83354473114013683 1.0000000180025095e-35 0.12607982754707339 1.0432618260383608
decision_type=2 2 2 2 2 2 2 2 2 2 2 2 2 2 2 2 2 2 2 2 2 2 2 2 2 2 2 2 2 2 2 2 2 2 2 2 2 2 2 2 2 2 2 2 2 2 2 2 2 2 2 2 2 2 2 2 2 2 2 2 2 2 2 2 2 2 2 2 2 2 2 2 2 2 2 2 2 2
left_child=5 10 3 -3 -5 6 -1 18 9 -4 11 13 27 19 57 -16 17 -15 -8 20 21 54 47 -22 28 26 42 -13 29 30 34 35 33 72 55 -31 -36 41 65 40 -40 68 -26 44 45 -44 -39 -18 49 50 -30 52 -19 -53 -2 -7 69 58 -12 -60 -61 -41 -27 -42 -6 66 70 -17 -37 -51 -14 -72 73 -32 -75 -21 -77 -62
right_child=1 2 8 4 64 24 7 -9 -10 -11 14 12 38 16 15 67 22 51 -20 75 23 -23 -24 -25 25 62 -28 -29 48 31 32 -33 -34 -35 36 37 -38 46 39 61 63 -43 43 -45 -46 -47 -48 -49 -50 56 -52 53 -54 -55 -56 -57 -58 -59 59 60 77 -63 -64 -65 -66 -67 -68 -69 -70 -71 71 -73 -74 74 -76 76 -78 -79
leaf_value=-0.94096056421883845 -0.91079217901958176 -0.94932254593016385 -0.9256227486759302 -0.94121491947000269 -0.89920394908135426 -0.92104438945817624 -0.92104438945817624 -0.93656918772710818 -0.9243419989052335 -0.95015162165503686 -0.94160388394671279 -0.91454879042952542 -0.91077839270568894 -0.8853413747445974 -0.89897557921077431 -0.93853212908421069 -0.95365780585891502 -0.92907024646683511 -0.89557650071495876 -0.92722643075764166 -0.95342191768741236 -0.90635412933600246 -0.90901403976794914 -0.9212953427866527 -0.92429031453461719 -0.92910622930445075 -0.92531911866482519 -0.8836168430511907 -0.92104438945817624 -0.90488007743095378 -0.91088193496874104 -0.89274893966937086 -0.92836489494956576 -0.92698522582405374 -0.89026751684322503 -0.94472557464437767 -0.92440390850566412 -0.92892665627600357 -0.89412803360111204 -0.94512561159660458 -0.93866589348382845 -0.91548743650498321 -0.90708551604254561 -0.92087171529212553 -0.90737353909035179 -0.87537357670283167 -0.91053813815430906 -0.92110635429932763 -0.91612044294635497 -0.9240622811449386 -0.88839984492753621 -0.89426730291977874 -0.89706367997940406 -0.92638848788741879 -0.93723322109585039 -0.94833260104919237 -0.91315665263088375 -0.95163037921514404 -0.90986305092736008 -0.94531897676319687 -0.90940012249079105 -0.91522315224823803 -0.91155316851741663 -0.90923963446093492 -0.92401555289116777 -0.94215259208137103 -0.9067499900951721 -0.91902263481013191 -0.92122948765829249 -0.94556318342675472 -0.91637128550905467 -0.94017220489864251 -0.90179676573692058 -0.8642273921702609 -0.89660201373939397 -0.9033102181838597 -0.94528666921187532 -0.93555216247699613
leaf_weight=177.07966156303883 40.734305631369352 68.370685052126646 116.01483429223299 63.156017722561955 134.79921153001487 66.660399552434683 184.8532044403255 162.38014425709844 154.36799352057278 436.12384696863592 179.77260033227503 61.160528760403395 49.676031576469541 50.458516811951995 83.217569189146161 99.000531645491719 69.000728908926249 209.89894660376012 97.437230221927166 282.1447160448879 159.18743873946369 64.780697198584676 48.3436608184129 50.678409609943628 43.137709641829133 153.79141421988606 77.659712608903646 103.81092751771212 95.451001074165106 122.97729450464249 44.277394691482186 95.173438372090459 60.899684185162187 55.986888976767659 66.974626488983631 170.58727400004864 66.797836478799582 139.51185704022646 153.85787593759596 41.871224787086248 41.960832200944424 71.063585240393877 54.391550725325942 55.386441240087152 110.46373369917274 127.73813515715301 204.49919386580586 48.435950074344873 1370.2252207640558 1519.313375107944 57.335476238280535 88.751310745254159 53.108042106032372 43.295660972595215 221.83461841009557 73.559925036504865 215.93234476260841 76.984320240095258 81.050864070653915 71.173540450632572 63.807860977947712 68.147518459707499 153.52417139522731 63.249365760013461 47.388893803581595 57.596351822838187 110.37013656646013 132.91579431854188 57.511007282882929 44.814685676246881 56.228101065382361 133.52234370075166 109.51046255417168 96.37043821439147 50.661569645628333 137.1961774751544 41.027869181707501 50.985630117356777
leaf_count=2609 614 860 1490 644 1590 879 2114 1931 1870 5026 2407 769 675 632 786 1096 724 2691 1102 3499 1857 832 656 554 585 1941 1021 1246 1024 1714 554 1166 710 671 961 1959 863 1796 2006 470 576 861 721 687 1272 1521 2446 568 16779 19372 654 1078 654 557 2795 840 2823 957 1082 802 822 977 1744 800 651 732 1378 1515 599 558 735 1515 1305 1160 591 1933 515 649
internal_value=-0.921044 -0.925693 -0.935303 -0.922849 -0.915325 -0.917812 -0.926878 -0.921044 -0.940723 -0.945157 -0.922772 -0.92072 -0.913966 -0.924649 -0.929042 -0.919788 -0.917747 -0.912516 -0.91217 -0.928924 -0.934875 -0.927346 -0.931383 -0.946045 -0.916799 -0.910557 -0.904213 -0.894362 -0.917815 -0.914005 -0.908512 -0.918512 -0.899849 -0.89482 -0.92166 -0.921782 -0.907261 -0.925171 -0.918312 -0.911535 -0.904952 -0.933345 -0.899898 -0.896733 -0.892393 -0.884068 -0.918141 -0.941087 -0.919627 -0.922093 -0.908417 -0.916439 -0.922157 -0.905002 -0.932854 -0.935736 -0.923321 -0.934669 -0.931387 -0.924123 -0.930701 -0.926631 -0.920485 -0.921044 -0.905843 -0.924366 -0.921089 -0.927303 -0.939119 -0.924772 -0.928029 -0.932918 -0.888674 -0.881971 -0.874097 -0.921814 -0.913568 -0.921044
internal_weight=0 4409.46 1020.22 313.715 245.344 6253.94 621.75 444.671 706.507 552.139 3389.24 2550.33 941.451 1608.88 838.909 315.134 611.293 445.512 282.29 997.584 537.215 327.35 165.78 209.866 5632.19 776.093 468.777 164.971 4856.09 1553.02 691.699 861.324 417.706 356.807 273.993 766.15 133.772 643.173 776.48 369.087 259.068 299.162 391.118 347.98 292.593 182.13 344.011 117.437 3303.07 1932.85 152.786 395.054 263.007 132.047 262.569 140.22 1780.06 523.775 446.79 267.018 185.967 110.019 307.316 105.21 182.188 407.393 349.797 231.916 228.098 1564.13 239.426 189.75 300.82 191.309 147.032 460.369 178.224 114.793
internal_count=131818 54285 12131 3745 2885 77533 7756 5147 8386 6516 42154 32038 11879 20159 10116 3397 7560 5612 3216 12599 6652 4241 1948 2411 69777 9492 5807 2015 60285 19075 8534 10541 4991 4281 3543 9375 1824 7661 9864 4829 3382 3419 4786 4201 3514 2242 4242 1292 41210 24431 1678 4980 3345 1635 3409 1719 22753 6719 5762 3355 2273 1447 3685 1376 2241 5035 4303 2611 2558 19930 2925 2250 3610 2305 1751 5947 2448 1471
is_linear=0
shrinkage=1


Tree=1
num_leaves=79
num_cat=0
split_feature=13 14 22 13 22 12 33 6 13 13 20 20 13 15 15 15 12 22 27 20 14 14 4 27 11 15 12 15 15 20 14 27 14 27 13 11 15 14 14 27 27 15 11 10 15 14 15 6 11 14 20 12 15 22 22 27 27 6 10 6 13 10 11 14 27 15 15 15 14 11 27 13 15 22 15 20 6 6
split_gain=26.5811 32.4123 48.1808 38.6066 44.6256 38.1183 30.5115 28.609 26.7911 24.0422 23.9286 23.8827 22.6914 53.1348 46.2784 36.5629 36.924 21.1008 20.5351 17.2001 16.1733 16.0708 18.8528 30.7811 24.0145 19.7109 16.0219 16.2824 15.6587 17.5167 14.9583 26.6934 14.946 14.439 19.5839 17.0335 16.0338 20.2608 40.153 51.6805 16.127 27.8263 16.0086 15.1541 14.409 14.1229 14.0655 13.7382 13.4811 17.8046 17.8346 17.6046 13.4169 13.2839 12.8243 12.5103 11.4466 11.3254 11.2119 11.7072 10.6454 10.5625 10.4326 9.76253 17.7216 8.97649 8.7396 8.72491 8.99898 8.31927 8.06167 7.71233 9.33994 8.49815 7.63373 7.44296 7.95708 7.42172
threshold=-0.087880596518516527 -7.6862671375274649 -0.50665599107742298 0.068104181438684477 -0.65709230303764332 -0.029985810630023476 0.9962500035762788 -0.65859600901603688 0.015403420198708774 -0.022497119382023808 1.0953425765037539 2.1802078485488896 0.077254511415958418 24.387256622314457 20.072154045104984 29.525219917297367 0.053269585594534881 -0.54703906178474415 0.010907442308962408 6.226227045059205 -15.792455673217772 -5.2290039062499991 2.1851090192794804 0.7298206388950349 0.050425846129655845 11.589590072631838 -0.033887470141053193 7.7959666252136239 8.4616122245788592 4.7832903861999521 -14.541664123535154 0.45201864838600164 -6.8778564929962149 -0.91959547996520985 0.011304016690701248 0.0077972090803086766 2.0007698535919194 -13.146674156188963 -15.485370635986326 -0.56457334756851185 0.39271505177021032 4.0140779018402108 0.057538744062185294 0.11903639882802965 3.8364557027816777 -18.346342086791989 2.9858627319335942 5.8373713493347177 0.069525394588708891 -10.469310283660887 -0.28431831300258631 -0.033887470141053193 8.6109118461608904 -0.25188036262989039 -0.34052672982215876 -0.09801131114363669 0.91080963611602794 1.2421990036964419 0.11801419779658319 0.29265636205673223 0.028889033012092117 0.228741429746151 0.063902355730533614 -3.9963240623474117 0.81279832124710094 1.3157757520675661 4.8808040618896493 19.672369956970218 -2.2512972354888912 0.010631712619215252 0.41268247365951544 0.016729535534977916 16.290295600891117 -0.21423152089118955 16.567149162292484 -0.060852788388729089 -2.3028689622879024 8.8189692497253436
decision_type=2 2 2 2 2 2 10 2 2 2 2 2 2 2 2 2 2 2 2 2 2 2 2 2 2 2 2 2 2 2 2 2 2 2 2 2 2 2 2 2 2 2 2 2 2 2 2 2 2 2 2 2 2 2 2 2 2 2 2 2 2 2 2 2 2 2 2 2 2 2 2 2 2 2 2 2 2 2
left_child=6 2 33 4 8 -5 10 26 32 -9 17 56 14 -14 -7 16 -15 -1 -16 70 53 69 23 28 25 -25 -6 55 -23 54 31 -22 -3 34 62 -35 43 38 39 -38 48 -42 52 -37 -40 -45 -41 74 49 -39 51 -51 -43 75 -30 -28 -10 -46 59 -48 -13 -32 66 64 -34 -55 -2 68 -31 -11 -17 -29 73 -73 -26 76 -4 -62
right_child=1 3 20 5 7 12 -8 9 11 21 -12 60 13 15 18 19 -18 -19 -20 -21 30 22 -24 24 47 -27 27 71 29 67 61 -33 63 35 -36 36 37 40 44 46 41 42 -44 45 57 -47 58 -49 -50 50 -52 -53 -54 65 -56 -57 -58 -59 -60 -61 77 -63 -64 -65 -66 -67 -68 -69 -70 -71 -72 72 -74 -75 -76 -77 -78 -79
leaf_value=0.025979354983104268 -0.0032038779750646266 0.015463888418438128 0.0035593856027577499 0.042481589709989533 -0.020456424998474252 0.045069650513175297 -0.032671920905867916 -0.020619401848730096 -0.028339868904681275 -0.003426763094043282 -0.02884366966217547 -0.019782412861540775 -0.024708726520491501 -0.00023418001753954779 0.019676239425355065 -0.029630554819175609 0.041444350467863982 -0.0066537566046755963 -0.014961450135782864 0.01230264536350102 0.00061364203236824986 0.014278042893374815 0.0058687125578726221 0.0035101528480120238 0.017644048333611377 0.035908521231255069 -0.006397424885673012 -0.022293638520909768 -0.020745026267236229 -0.00088112246161954969 0.0016051410142448031 0.031540180139717211 -0.019881306169386985 -0.0063028344605578508 0.023108558851999757 -0.019236557031567333 0.050154029602299713 -0.014174794481457602 0.012103090808726343 0.021212684204613648 -0.015982831538798564 0.017148988830791662 0.0040954609051142166 0.024450588447685689 0.056799135908488341 -0.0084609198309107993 0.015054807261004983 -0.02006281963761581 0.02167180716943308 0.012123338747410005 0.022435134921723509 -0.020705203435866192 0.044215649146618644 0.00056378934159588968 -0.0077081458884870196 0.024583276069628693 -0.0051109435994035595 0.024435838705029238 -0.019254219035370036 -0.01034691671631253 0.017306944303374237 -0.018168687414389265 0.0031758987468308302 0.0044324656256140814 0.0060368129229775936 -0.0095559089744465062 -0.034457550050138404 -0.0074357365637053576 0.021578723138953412 0.0096819669593405759 -0.0047458578766503027 0.011249397570373588 -0.022131468973376988 -0.0098812582025512071 -0.0060038942063575301 -0.0080272153424578926 0.025292104068578264 -0.0062535570770662335
leaf_weight=62.106524391099811 38.554769050329924 66.477921413257718 173.27123467624187 55.459131307899952 207.00971722230315 72.510168364271522 102.14983235299587 100.92063561826944 326.76366402953863 112.37470787763596 50.148850532248616 48.9164385702461 136.08099675923586 74.456736709922552 60.525035182014108 47.656406685709953 95.449292529374361 100.59266461059451 73.897200444713235 66.260235302150249 151.28037088736892 59.562508879229426 641.6077370531857 79.046442933380604 54.267898257821798 82.170852338895202 43.155443007126451 76.719652537256479 252.22632003575563 75.536412227898836 2157.6330146230757 92.797518273815513 175.51664361543953 101.89460542798042 42.423634653910995 56.539137536659837 53.465419648215175 124.27497593685985 42.166703213006258 58.499999171122909 40.755232913419604 102.45096362940967 76.301822306588292 54.064655285328627 83.704305555671453 44.39227956160903 78.575098933652043 61.040629552677274 62.260099655017257 64.976603968068957 88.065570510923862 60.916463807225227 78.776958450675011 235.31653993949294 472.77141769975424 55.454342747107148 59.020134694874287 52.50163889490068 59.884185563772917 63.051543269306421 49.059711782261729 52.962445063516498 58.007460564374924 96.043058400973678 72.448659172281623 667.94342761673033 42.360967844724655 117.68498725816607 60.90453146584332 581.97906225174665 72.267882242798805 74.759909944608808 44.984207205474377 73.938137726858258 47.556559586897492 69.563173616304994 42.88067994825542 50.458653280511498
leaf_count=988 576 891 2282 749 2511 669 542 1352 4097 1396 721 615 1740 907 741 545 1028 1395 960 747 1989 754 7829 821 576 982 569 812 2924 894 27006 1203 2007 1384 527 813 696 1362 592 771 571 1447 998 704 997 691 1019 741 655 857 1110 737 994 3074 5715 639 740 660 755 817 616 616 776 1282 744 8721 535 1512 789 6816 793 914 504 856 583 870 499 619
internal_value=0 0.000594133 0.00309306 -0.00199288 -0.00365859 0.00744852 -0.0127267 -0.00119251 -0.012376 0.000694282 -0.00249474 -0.0190712 0.00436936 -0.000877405 0.0168549 0.00827132 0.0233228 0.0058419 0.000402696 -0.00541368 0.000170809 0.00153933 -0.000506402 -0.00355214 0.0085385 0.0207977 -0.0103874 -0.00444588 -0.00739002 -0.0088116 0.00229108 0.012894 -0.00344298 0.00958326 -0.00224504 0.0111009 0.01247 0.014258 0.0213886 0.0111226 0.00907437 0.0170391 0.0226194 -0.000971639 0.0385101 0.00938984 0.00226022 -0.00351647 0.00290956 -0.000619003 0.00714903 -0.00353777 0.0298931 -0.00415851 -0.0124014 0.0108348 -0.025002 0.045747 -0.00331672 0.00343827 -0.00308037 0.00107672 -0.0107675 -0.00737538 -0.0121401 -0.0068751 -0.0210094 0.00127503 0.00913324 0.00748296 -0.0156784 -0.0102745 -0.00490469 0.000439909 0.00633326 0.00423725 0.00848144 0.00511472
internal_weight=0 10347.5 5272.51 5074.94 4320.38 754.563 314.998 3375.67 944.705 2799.65 212.848 534.219 699.104 492.172 206.932 356.091 169.906 162.699 134.422 186.185 3643.65 2698.73 2004.38 1362.77 324.082 161.217 576.021 369.012 1038.69 979.124 2454.67 244.078 410.486 1628.87 181.347 1447.52 1345.62 1190.63 491.849 313.476 698.779 298.285 257.53 154.996 178.373 98.4569 260.011 162.865 400.494 338.234 213.959 125.893 181.228 1188.98 724.998 98.6098 385.784 136.206 201.511 141.627 148.435 2210.6 138.923 344.008 247.965 903.26 80.9157 254.126 136.441 694.354 119.924 270.402 193.682 148.698 101.824 285.715 216.152 99.5184
internal_count=131929 128283 67304 60979 52100 8879 3646 40489 11611 33684 3104 6687 8130 5760 2370 4020 1935 2383 1701 2085 46260 32332 24120 16291 3703 1803 6805 4294 12588 11834 30814 3192 4924 21044 2414 18630 17246 15038 6307 4058 8731 4010 3439 2208 2249 1395 3362 1900 4721 4066 2704 1594 2441 15446 8639 1208 4837 1657 2591 1836 1850 27622 1887 4033 2751 11795 1111 3195 1683 8212 1338 3086 2274 1770 1159 3651 2781 1235
is_linear=0
shrinkage=0.0454652


Tree=2
num_leaves=79
num_cat=0
split_feature=30 13 16 7 15 22 28 13 16 7 13 13 3 3 16 3 3 22 28 15 13 15 3 15 7 23 13 33 15 3 28 3 3 23 4 10 3 7 15 10 15 3 7 28 28 33 4 10 3 3 3 30 3 15 31 10 16 23 23 16 15 15 23 16 23 3 15 7 10 13 3 15 23 13 23 23 22 7
split_gain=59.5796 46.2322 36.5026 41.2872 39.7102 34.9774 27.1325 55.5495 35.8491 39.0514 34.1593 33.7798 36.0168 27.8831 22.6506 21.8862 36.5433 21.6643 20.1647 26.8153 28.5809 19.1702 20.5384 19.0285 20.8685 25.1373 18.1779 17.7961 17.6909 26.1218 24.3175 24.3773 21.481 25.1349 19.2521 17.5648 16.9241 16.4243 15.9321 15.8522 16.691 29.7626 19.1715 15.5392 15.3946 15.1219 13.7696 13.7563 13.4854 14.3524 14.3089 13.227 12.9214 13.7174 13.7411 24.0554 12.7189 12.5093 14.1629 13.5771 23.2003 15.5453 20.2184 13.2933 39.1346 27.2927 12.6871 15.0054 19.9723 12.164 12.2563 11.9642 11.9483 11.3786 11.2579 11.2548 10.9305 10.7112
threshold=1.0000000180025095e-35 0.022057591006159786 0.6797766685485841 22.423028945922855 29.525219917297367 -0.15313466638326642 0.35222910344600683 0.062266586348414428 0.58333125710487377 0.3722082525491715 0.077254511415958418 -0.056740179657936089 0.5107063651084901 0.87376022338867199 0.85950538516044628 0.23684436827898028 0.18800485134124759 -0.65709230303764332 0.6835516393184663 13.55095958709717 0.010848211590200664 4.3163216114044198 0.27160377800464636 10.656574726104738 -3.613934993743896 0.4888319075107575 -0.041333796456456177 1.0000000180025095e-35 3.9558806419372563 0.73307731747627269 -0.37256073951721186 0.93056210875511181 0.36280964314937597 1.1227637529373171 -0.93902170658111561 0.072652544826269164 0.23335075378417972 6.9910762310028085 20.072154045104984 0.082971438765525832 14.952855587005617 0.5294703245162965 5.91268014907837 0.56457334756851207 0.75894212722778331 1.0000000180025095e-35 1.4728337526321413 0.19115735590457919 0.44389714300632482 0.38715900480747228 0.73307731747627269 -0.56174489110708226 0.61830967664718639 10.942623615264894 1.0000000180025095e-35 0.051927827298641212 0.21588692069053653 0.57379862666130077 0.4888319075107575 0.90619981288909923 19.672369956970218 30.486603736877445 1.5209367275238039 0.64473754167556774 0.88931295275688182 0.80602988600730907 12.174021720886232 2.0141540765762334 0.088648676872253432 -0.010817050933837889 0.57300707697868358 5.4417648315429696 0.8387373983860017 1.0000000180025095e-35 0.52035787701606762 0.84236332774162304 -0.4067597091197967 -1.0000000180025095e-35
decision_type=2 2 2 2 2 2 2 2 2 2 2 2 2 2 2 2 2 2 2 2 2 2 2 2 2 2 2 10 2 2 2 2 2 2 2 2 2 2 2 2 2 2 2 2 2 10 2 2 2 2 2 2 2 2 2 2 2 2 2 2 2 2 2 2 2 2 2 2 2 2 2 2 2 2 2 2 2 2
left_child=6 18 39 5 -5 27 15 8 11 -10 44 12 21 17 -12 16 51 74 28 20 45 22 -8 24 25 -13 -27 38 43 32 71 -32 35 34 -34 36 -30 -18 -4 -3 41 -41 -43 48 -9 -20 52 -16 49 -2 -50 -1 53 54 55 -36 -26 58 -17 63 -61 62 -62 65 -65 66 67 77 73 -35 -71 -31 -15 -69 -11 -67 -38 -59
right_child=1 2 3 4 -6 -7 7 10 9 13 14 23 -14 72 47 57 37 -19 19 -21 -22 -23 -24 -25 56 26 -28 -29 29 30 31 -33 33 69 46 -37 76 -39 -40 40 -42 42 -44 -45 -46 -47 -48 -49 50 -51 -52 -53 -54 -55 -56 -57 -58 59 -60 60 61 -63 -64 64 -66 75 -68 68 -70 70 -72 -73 -74 -75 -76 -77 -78 -79
leaf_value=-0.022612955422703331 -0.0054364760823283897 -0.0093761938328693374 -0.016208657918128214 0.025865470388131633 -0.014884590819942055 -0.0082302934307088432 0.020504106552116989 0.059820194485030669 -0.028413035567505757 -0.031925972917093155 0.030795143403907495 0.040994269646979359 0.02207466250752569 0.041784166606208185 -0.016913635179443835 -0.0097966614272343103 0.044392945881816158 0.0039934244570068557 -0.0031454155392921829 0.019822450133197837 -0.036057040502934644 -0.029868362057049382 -0.017117458973534713 0.040877137833221215 -0.016677655070207638 -0.0040721098819445599 0.019028161893505223 -0.04502085351525064 -0.013491894305001454 0.02483371594715917 -0.026623353183076473 0.0047728979235330763 -0.00074582522761776793 -0.013577642628662552 -0.012657611088646891 -0.01929340748353546 0.033461789093888181 0.010827542631613993 -0.038366700499678517 -0.017087855974231698 0.030838341599498779 0 0.040360827753289676 0.018618793773300227 0.023980958390696749 -0.021048024664748158 0.0080297191504884839 0.015230164442016367 -0.015886512582075192 0.02239256971356272 0 0.0080204595290909193 0.0072334009483401426 0.048446337668294523 0.036509753155798068 0.02802440596543929 0.0067866777201161356 0.0029549860859231294 0.019966923155245321 0.020571338040282189 -0.016516640925653876 0.019503317479170456 0.0140010442399252 -0.01800181509740794 0 -0.029896192230562967 -0.013707293452825961 0.0012495554292457284 -0.0014762092003798861 -0.0077734227487043029 0.023570184457047991 -0.00025073596652213086 0.0056258524370093391 0.027795344132715585 -0.007620307044290303 -0.0065279445697992338 0.0025432269830144788 -0.011300031557723578
leaf_weight=49.379607766866684 100.0021254029125 208.51801689527929 258.45955644361675 81.366121558472514 112.51054166257381 290.01351155713201 45.393471576273441 58.802201872691512 114.17652957513928 56.679861376062036 64.40838241763413 79.692359989508986 69.238546509295702 37.997061461210251 58.26740013435483 40.500837210565805 67.480072295293212 290.49638555385172 483.87202987261117 61.374604415148497 76.842790719121695 91.911568131297827 71.262490289285779 44.830096181482077 49.663487743586302 93.816488018259406 233.41162959672511 112.66779291629791 58.112423665821552 43.046937923878431 147.99642327055335 71.754483297467232 116.65357349440455 103.20901647396386 47.262170664966106 93.211766229942441 40.511394781991839 66.346810273826122 102.75475807487965 88.413966501131654 46.85488242469728 48.958586301654577 41.539456462487578 48.211961537599564 67.301775179803371 122.05265657603741 169.45581231079996 44.467747142538428 340.2597910836339 55.37026802264154 177.44296531565487 57.709776889532804 78.851033946499228 64.023326797410846 80.77890557795763 66.337194399908185 381.70624300464988 1107.9722991008312 114.32642168924212 149.73460697755218 146.15002121590078 51.820699233561754 58.814646726474166 378.16577800549567 734.47443941608071 44.749528400599957 84.804300179705024 48.51636353880167 120.77525490522385 44.068706594407558 48.965262558311224 214.53388096019626 43.566184928640723 145.70830268412828 147.3495941311121 522.23110311664641 60.036846783012152 115.85405343584716
leaf_count=569 1132 2671 3639 1050 1088 3679 550 627 1488 808 920 1006 854 577 820 625 872 3357 7159 798 808 1182 854 591 602 1241 3019 612 595 524 1687 916 1464 1406 580 1153 531 871 1488 1043 513 635 505 630 651 664 2012 432 4221 742 2466 723 855 653 978 806 4497 14630 1481 1843 1907 633 716 3986 8939 628 1091 634 1372 569 661 2618 587 1755 1886 6283 797 1408
internal_value=0 -0.00453999 -0.0113847 -0.0163257 0.00215182 -0.0210653 0.00235915 0.00649941 0.00353036 -0.00461225 0.0247721 0.00841287 -0.00523299 0.000187666 0.010478 0.000180381 0.0133673 -0.00384584 -0.00135162 -0.00783053 -0.0104904 -0.0147777 -0.00187562 0.0127648 0.0110126 0.0183814 0.0122895 -0.0286808 0.000760981 0.00351648 -0.00523977 -0.0162537 0.00746773 0.0110394 0.0154953 -0.00395461 0.00501516 0.0289197 -0.0230041 -0.000325896 0.0078388 0.000994962 0.0191521 -0.00507509 0.0424202 -0.00694835 0.0193059 -0.00249352 -0.00694639 0.00449469 -0.0104819 -0.00597792 0.0246649 0.0296029 0.0222811 0.0108326 0.00384209 -0.000642321 0.0118225 -0.00118811 0.00658222 -0.00158241 -0.00742376 -0.00216607 -0.00620382 -8.52903e-05 0.00289274 0.00387305 0.0126768 -0.00289881 0.00851849 0.00407723 0.0242297 0.0215727 -0.015101 -0.0086584 0.0162868 0.0015327
internal_weight=0 4406.3 1392.06 957.772 193.877 763.896 6249.95 2144.44 1851.19 690.266 293.248 1160.93 277.806 576.089 167.144 4105.51 240.916 494.526 3014.24 744.142 682.767 208.568 116.656 883.12 838.29 406.92 327.228 473.882 2270.1 1548.81 477.332 219.751 1071.48 819.605 623.362 251.872 158.661 133.827 361.214 434.285 225.767 178.912 90.498 721.287 126.104 605.925 506.708 102.735 673.075 155.372 517.703 107.089 337.253 258.402 194.378 113.599 431.37 3864.6 154.827 3709.77 406.52 256.785 204.965 3303.25 1112.64 2190.61 1623.63 1538.83 315 196.243 93.034 257.581 81.5632 194.225 204.029 566.981 100.548 1223.83
internal_count=131863 54348 16923 11556 2138 9418 77515 26549 23099 8703 3450 14396 3440 7215 2172 50966 3035 6051 37425 9429 8631 2586 1404 10956 10365 5266 4260 5739 27996 18805 5745 2603 13060 9984 7348 3076 1923 1743 5127 5367 2696 2183 1140 9191 1278 7823 5884 1252 8561 1874 6687 1292 3872 3017 2364 1386 5099 47931 2106 45825 5099 3256 2623 40726 12925 27801 20890 19799 3761 2636 1230 3142 1164 2389 2694 6911 1328 16038
is_linear=0
shrinkage=0.0454652


end of trees

feature_importances:
Column_15=33
Column_3=16
Column_13=16
Column_16=16
Column_27=15
Column_10=13
Column_11=13
Column_2=12
Column_14=11
Column_12=10
Column_0=9
Column_20=9
Column_22=9
Column_23=9
Column_7=7
Column_30=7
Column_4=6
Column_6=6
Column_28=5
Column_18=4
Column_31=4
Column_33=3
Column_9=1

parameters:
[boosting: gbdt]
[objective: binary]
[metric: auc]
[tree_learner: serial]
[device_type: cpu]
[data_sample_strategy: bagging]
[data: ]
[valid: ]
[num_iterations: 600]
[learning_rate: 0.0454652]
[num_leaves: 79]
[num_threads: 2]
[seed: 42]
[deterministic: 0]
[force_col_wise: 0]
[force_row_wise: 0]
[histogram_pool_size: -1]
[max_depth: -1]
[min_data_in_leaf: 525]
[min_sum_hessian_in_leaf: 0.001]
[bagging_fraction: 0.774687]
[pos_bagging_fraction: 1]
[neg_bagging_fraction: 1]
[bagging_freq: 1]
[bagging_seed: 42]
[feature_fraction: 0.515409]
[feature_fraction_bynode: 1]
[feature_fraction_seed: 42]
[extra_trees: 0]
[extra_seed: 12879]
[early_stopping_round: 0]
[early_stopping_min_delta: 0]
[first_metric_only: 0]
[max_delta_step: 0]
[lambda_l1: 1.07292]
[lambda_l2: 4.08529]
[linear_lambda: 0]
[min_gain_to_split: 0]
[drop_rate: 0.1]
[max_drop: 50]
[skip_drop: 0.5]
[xgboost_dart_mode: 0]
[uniform_drop: 0]
[drop_seed: 17869]
[top_rate: 0.2]
[other_rate: 0.1]
[min_data_per_group: 100]
[max_cat_threshold: 32]
[cat_l2: 10]
[cat_smooth: 10]
[max_cat_to_onehot: 4]
[top_k: 20]
[monotone_constraints: ]
[monotone_constraints_method: basic]
[monotone_penalty: 0]
[feature_contri: ]
[forcedsplits_filename: ]
[refit_decay_rate: 0.9]
[cegb_tradeoff: 1]
[cegb_penalty_split: 0]
[cegb_penalty_feature_lazy: ]
[cegb_penalty_feature_coupled: ]
[path_smooth: 0]
[interaction_constraints: ]
[verbosity: -1]
[saved_feature_importance_type: 0]
[use_quantized_grad: 0]
[num_grad_quant_bins: 4]
[quant_train_renew_leaf: 0]
[stochastic_rounding: 1]
[linear_tree: 0]
[max_bin: 255]
[max_bin_by_feature: ]
[min_data_in_bin: 3]
[bin_construct_sample_cnt: 200000]
[data_random_seed: 175]
[is_enable_sparse: 1]
[enable_bundle: 1]
[use_missing: 1]
[zero_as_missing: 0]
[feature_pre_filter: 1]
[pre_partition: 0]
[two_round: 0]
[header: 0]
[label_column: ]
[weight_column: ]
[group_column: ]
[ignore_column: ]
[categorical_feature: ]
[forcedbins_filename: ]
[precise_float_parser: 0]
[parser_config_file: ]
[objective_seed: 16083]
[num_class: 1]
[is_unbalance: 0]
[scale_pos_weight: 1]
[sigmoid: 1]
[boost_from_average: 1]
[reg_sqrt: 0]
[alpha: 0.9]
[fair_c: 1]
[poisson_max_delta_step: 0.7]
[tweedie_variance_power: 1.5]
[lambdarank_truncation_level: 30]
[lambdarank_norm: 1]
[label_gain: ]
[lambdarank_position_bias_regularization: 0]
[eval_at: ]
[multi_error_top_k: 1]
[auc_mu_weights: ]
[num_machines: 1]
[local_listen_port: 12400]
[time_out: 120]
[machine_list_filename: ]
[machines: ]
[gpu_platform_id: -1]
[gpu_device_id: -1]
[gpu_use_dp: 0]
[num_gpu: 1]

end of parameters

pandas_categorical:null
