tree
version=v4
num_class=1
num_tree_per_iteration=1
label_index=0
max_feature_idx=33
objective=binary sigmoid:1
feature_names=Column_0 Column_1 Column_2 Column_3 Column_4 Column_5 Column_6 Column_7 Column_8 Column_9 Column_10 Column_11 Column_12 Column_13 Column_14 Column_15 Column_16 Column_17 Column_18 Column_19 Column_20 Column_21 Column_22 Column_23 Column_24 Column_25 Column_26 Column_27 Column_28 Column_29 Column_30 Column_31 Column_32 Column_33
feature_infos=[0.22403052449226379:4.806818962097168] [0.027025075629353523:26.170040130615234] [0.17134076356887817:8.6935958862304688] [0.087584272027015686:1] [-28.67047119140625:41.262332916259766] [-36.190670013427734:42.326030731201172] [-36.841156005859375:62.500308990478516] [-45.158794403076172:63.120437622070312] [-22.455821990966797:30.680826187133789] [0:0.95389312505722046] [0:0.64536702632904053] [0:0.40022626519203186] [-0.51016271114349365:0.5480339527130127] [-0.15783818066120148:0.22172828018665314] [-46.22015380859375:17.161741256713867] [-8.3726015090942383:64.2962646484375] [0:1] [0:95] [0:95] [-1:1] [-29.775985717773438:44.984848022460938] [-30.712318420410156:55.0223388671875] [-2.5033562183380127:15.253066062927246] [0.049656935036182404:4.2456021308898926] [-1:1] [0:1] [0:1] [-1:1] [-1:1] [-0.78183150291442871:0.97492790222167969] [-0.90096884965896606:1] [0:1] [0:1] [0.99500000476837158:4.5999999046325684]
tree_sizes=1728 1799 1813 1772 1806 1820 1788 1771 1807 1808 1813 1811 1788 1790 1780 1782 1789 1772 1782 1796 1813

Tree=0
num_leaves=15
num_cat=0
split_feature=28 27 29 2 29 29 6 2 5 7 5 27 13 3
split_gain=76.2645 126.785 125.557 79.7428 40.3287 45.0721 59.6215 35.6169 35.6148 32.9065 32.1969 37.7886 31.4317 36.3005
threshold=0.1413247883319855 -0.032717135734856122 -1.0000000180025095e-35 1.1114063262939455 -1.0000000180025095e-35 1.0000000180025095e-35 2.285798311233521 0.60414072871208202 0.30693747103214269 10.723388195037844 -5.4537122249603263 -0.91959547996520985 -0.077709939330816255 0.25258539617061621
decision_type=2 2 2 2 2 2 2 2 2 2 2 2 2 2
left_child=9 2 3 -2 8 6 -6 -4 -3 -1 -9 -12 -7 -14
right_child=1 4 7 -5 5 12 -8 10 -10 -11 11 -13 13 -15
leaf_value=-1.0490498681073956 -1.0409913840948957 -1.0543858235413439 -1.0484412037863866 -1.0503663843260365 -1.0432216626337227 -1.0439453631446023 -1.0502271209869025 -1.0492451973600823 -1.0492239893930893 -1.0472021645838694 -1.0510756609109513 -1.0553381984563521 -1.0535118354703428 -1.0489354152983896
leaf_weight=4870.8845016397536 129.46627217903733 224.2284338735044 113.34198112227023 264.2304318100214 333.90552384220064 102.45505978539586 177.75013957172632 118.03458105958998 296.17125285044312 1254.0718033481389 311.12587913870811 1059.9291241802275 196.25446848571301 1302.1707262080163
leaf_count=64233 1872 3190 1683 3253 4435 1326 2288 1729 3671 16116 4027 13569 2590 17092
internal_value=-1.04937 -1.05038 -1.0523 -1.04728 -1.04894 -1.0483 -1.04571 -1.05356 -1.05141 -1.04866 -1.05398 -1.05442 -1.04917 -1.04953
internal_weight=0 4629.06 1996.13 393.697 2632.94 2112.54 511.656 1602.43 520.4 6124.96 1489.09 1371.06 1600.88 1498.43
internal_count=141074 60725 26133 5125 34592 27731 6723 21008 6861 80349 19325 17596 21008 19682
is_linear=0
shrinkage=1


Tree=1
num_leaves=15
num_cat=0
split_feature=28 2 30 13 22 7 23 17 33 16 13 18 18 21
split_gain=84.1876 93.6891 77.1672 53.7606 51.6958 33.1503 37.7304 33.0121 29.3564 27.7962 31.263 25.2372 35.7271 23.2906
threshold=0.1413247883319855 0.92700520157814037 1.0000000180025095e-35 -0.0069479250814765683 -0.79916688799858082 8.9459223747253436 0.89585822820663463 15.500000000000002 1.497500002384186 0.18268929421901706 -0.030093451961874958 44.500000000000007 70.500000000000014 -5.0105507373809806
decision_type=2 2 2 2 2 2 2 2 8 2 2 2 2 2
left_child=5 2 7 -4 -3 13 -7 -2 -5 -9 -11 -12 -13 -1
right_child=1 4 3 8 -6 6 -8 9 -10 10 11 12 -14 -15
leaf_value=0.0015824865099427553 0.0018576061036600709 -0.0050037262541975207 -5.2176999580736173e-05 0.0084820843033563791 -0.0015067451359184211 0.0043642099765069985 0.00091330179443021241 0.0016689931106875062 0.0029257224225660403 -0.0068068591225389254 -0.003959499322159752 0.0038737179568535656 -0.001994312718430116 -6.1091756105128203e-05
leaf_weight=1157.5264360681176 287.77495404146612 610.0853968039155 401.91085930168629 156.41375933587551 1676.5812858678401 497.73742241971195 1035.2505930103362 169.74260495044291 374.41663207113743 149.88306732475758 300.03135632164776 142.74215255118906 346.25337592512369 3438.1371329948306
leaf_count=15881 3575 8389 5910 891 21312 5985 13597 2439 5613 1855 4328 1772 4384 44928
internal_value=0 -0.00101862 0.000393278 0.0026456 -0.00247094 0.000787422 0.00207612 -0.00108852 0.00473519 -0.001897 -0.00259273 -0.00168384 -0.000166627 0.000346022
internal_weight=0 4615.84 2329.17 932.741 2286.67 6128.65 1532.99 1396.43 530.83 1108.65 938.91 789.027 488.996 4595.66
internal_count=140859 60468 30767 12414 29701 80391 19582 18353 6504 14778 12339 10484 6156 60809
is_linear=0
shrinkage=0.0101079


Tree=2
num_leaves=15
num_cat=0
split_feature=0 2 28 16 2 3 3 28 14 13 23 10 2 29
split_gain=85.254 48.2991 36.4332 32.5683 32.4875 32.7374 46.4991 30.8856 28.2426 27.5254 23.6395 30.9163 45.5838 34.3459
threshold=0.57943093776702892 0.60414072871208202 0.39271505177021032 0.76825937628746044 1.6535314917564394 0.23335075378417972 0.36066049337387091 0.1413247883319855 -20.458136558532711 -0.0008470616303384303 1.0921499729156496 0.14002272486686709 0.93204462528228771 -1.0000000180025095e-35
decision_type=2 2 2 2 2 2 2 2 2 2 2 2 2 2
left_child=1 3 -3 -1 5 -2 -7 8 -6 -9 11 12 -8 -14
right_child=4 2 -4 -5 7 6 10 9 -10 -11 -12 -13 13 -15
leaf_value=-0.0010464412805800548 -0.0019042577859437674 0.00034536466203126387 -0.0045189155404142889 0.0052794445081829223 0.0032169427257513704 0.0024895393254500083 0.00048479978292408364 -0.0046126441891993532 -0.00047250801398988711 -0.00069917489398535167 0.0013813366734776137 0.0015279413908231587 0.0014947137363680893 -0.0030548386707829425
leaf_weight=328.03396140225232 444.47115010395646 176.83573341742158 772.60280103050172 101.32525442913175 255.80922560021281 1448.8618976529688 1549.4514632541686 307.56725750491023 1039.9931047763675 522.11852183565497 1791.3077719863504 936.09002370946109 191.38534674420953 883.30971086770296
leaf_count=4571 5776 2471 10080 1303 3302 18598 20077 4053 13956 6351 24691 11868 2617 11439
internal_value=0 -0.00230638 -0.00357508 0.000419876 0.000378632 0.000703706 0.000882054 -0.000708973 0.000239342 -0.0022271 0.000436365 -2.96781e-05 -0.000603523 -0.00220239
internal_weight=0 1378.8 949.439 429.359 9370.37 7244.88 6800.41 2125.49 1295.8 829.686 5351.54 3560.24 2624.15 1074.7
internal_count=141153 18425 12551 5874 122728 95066 89290 27662 17258 10404 70692 46001 34133 14056
is_linear=0
shrinkage=0.0101079


Tree=3
num_leaves=15
num_cat=0
split_feature=0 27 28 30 17 29 3 2 10 28 33 2 13 2
split_gain=86.444 58.7174 139.764 61.038 62.2112 50.916 43.8835 37.2351 46.6334 45.64 45.3491 32.2104 31.6447 29.3111
threshold=0.46373105049133306 -0.50938662886619557 0.39271505177021032 1.0000000180025095e-35 56.500000000000007 -1.0000000180025095e-35 0.21468505263328555 1.4874799251556399 0.16345624625682834 0.16288578510284427 2.996249914169312 0.59973612427711498 0.022057591006159786 0.60414072871208202
decision_type=2 2 2 2 2 2 2 2 2 2 8 2 2 2
left_child=11 2 -2 6 12 -4 -3 8 9 -6 -11 -1 -5 -14
right_child=1 3 5 4 7 -7 -8 -9 -10 10 -12 -13 13 -15
leaf_value=-4.3194909114855513e-05 0.00020288566653504328 -0.0039363624542477311 0.00021998838980729312 -0.0007220931013836076 0.00077861975404049219 -0.0059526098748426629 0.00018291268064154207 0 0.0084117896314567769 0.011284069185136031 0.0033036622140951311 -0.0061938269074937949 0.0070094189609929405 0.0010154275767282725
leaf_weight=140.08767317421734 2560.2202705573291 275.86992927454412 157.8935329336673 962.67713050916791 490.7821442913264 619.86105396039784 3779.7340397331864 263.55000538006425 214.73439837992191 100.61098028719425 344.24578266777098 300.5516770966351 103.05261821113527 457.22036598064005
leaf_count=2013 33621 3707 2074 12835 6331 8175 49297 3436 2412 572 5333 4110 1206 6133
internal_value=0 0.000170787 -0.000925641 0.00070041 0.00180885 -0.00465797 -9.4189e-05 0.00333328 0.00411396 0.00302457 0.00535794 -0.0043628 0.000357517 0.00226862
internal_weight=0 10330.5 3337.97 6992.48 2936.87 777.755 4055.6 1413.92 1150.37 935.639 444.857 440.639 1522.95 560.273
internal_count=141255 135132 43870 91262 38258 10249 53004 18084 14648 12236 5905 6123 20174 7339
is_linear=0
shrinkage=0.0101079


Tree=4
num_leaves=15
num_cat=0
split_feature=0 27 2 27 23 29 2 3 13 15 16 13 20 14
split_gain=80.3981 61.7148 57.5309 37.4254 51.637 65.6393 39.7327 38.8942 31.6154 31.5303 30.4608 30.144 22.8947 24.6617
threshold=0.5751931667327882 0.11969653144478799 0.60414072871208202 -0.50938662886619557 1.163310766220093 -1.0000000180025095e-35 0.85112312436103832 0.23684436827898028 -0.075757112354040132 4.444059133529664 0.76445564627647411 -0.014749154914170502 0.40925495326519018 -10.631318569183348
decision_type=2 2 2 2 2 2 2 2 2 2 2 2 2 2
left_child=1 2 -1 4 5 11 -7 -5 -9 -3 -11 -2 -10 -14
right_child=3 9 -4 7 -6 6 -8 8 12 10 -12 -13 13 -15
leaf_value=0.0012394714956377325 -0.0019300571403208745 0.0053977063837104136 -0.0054587872436815139 -0.0018952786563539764 0.00066609183238581018 0.00097220982748179969 -0.0037659852370229979 0.0048600406977956983 0.0015346400269860623 -0.0025020118264017757 0.0031898177172901875 0.004677421777863333 -0.0019805298983141401 0.0006448027438367977
leaf_weight=150.40083773620427 94.061101349070668 94.115112904459238 625.31570672057569 478.80155218578875 1706.4051029440016 201.34684557281435 1001.9230318292975 212.53005996532738 2841.3072861190885 322.53272830881178 124.02469518780708 189.65253718942404 423.00996709056199 2302.6169195976108
leaf_count=2171 1406 1306 8059 6201 21830 2828 13518 2586 38103 4417 1712 2496 5368 29160
internal_value=0 -0.00229238 -0.00410896 0.000366501 -0.000515331 -0.00189466 -0.00293855 0.000823014 0.00105741 0.000260966 -0.000804986 0.00235463 0.000898519 0.000218148
internal_weight=0 1316.39 775.717 9451.65 3193.39 1486.98 1203.27 6258.27 5779.46 540.673 446.557 283.714 5566.93 2725.63
internal_count=141161 17665 10230 123496 42078 20248 16346 81418 75217 7435 6129 3902 72631 34528
is_linear=0
shrinkage=0.0101079


Tree=5
num_leaves=15
num_cat=0
split_feature=23 27 23 29 23 2 13 11 29 27 27 23 13 14
split_gain=64.1111 49.7105 92.2067 65.6728 51.4952 45.2675 30.3762 22.4646 31.1441 32.6382 31.2031 26.1918 25.7741 49.651
threshold=0.38891999423503881 -0.50938662886619557 1.1420460343360903 -1.0000000180025095e-35 0.67827022075653087 0.86519044637680065 -0.016189647838473317 0.041076177731156356 -1.0000000180025095e-35 0.010907442308962408 -0.032717135734856122 0.99400219321250927 -0.075757112354040132 -24.991320610046383
decision_type=2 2 2 2 2 2 2 2 2 2 2 2 2 2
left_child=-1 2 3 6 -5 -6 -2 -3 9 -9 11 -10 13 -12
right_child=1 7 -4 4 5 -7 -8 8 10 -11 12 -13 -14 -15
leaf_value=-0.0045370721656118277 -0.0030366138703411772 -0.0001304741142097861 0.00066817371944690742 -0.0071082952799425584 0.0022901053562632361 -0.0034005314425188558 0.0035373915504893199 0.0025850130348079666 -0.0021770404858325629 -0.001782190752135978 0.00074357472972961483 0.0016841132675202404 0.0015890604677343027 0.0097394593051912011
leaf_weight=306.81858703307807 93.499803125858307 2737.1464890968055 1739.3069789297879 337.79442887939513 159.91311264783144 780.88466374389827 214.42679831385612 223.74225888028741 388.18303041905165 666.58259275183082 151.61514195799828 313.50905204378068 2513.3366285376251 116.30613794364035
leaf_count=3918 1450 35608 22286 4275 2293 10739 2810 2929 4815 9016 1698 4286 33346 1530
internal_value=0 9.40367e-05 -0.000920038 -0.00268147 -0.00369537 -0.00237991 0.00138774 0.000574527 0.00102448 -0.00062695 0.00145867 -0.000395262 0.00194073 0.00495731
internal_weight=0 10436.2 3325.83 1586.52 1278.59 940.798 307.927 7110.42 4373.27 890.325 3482.95 701.692 2781.26 267.921
internal_count=140999 137081 43853 21567 17307 13032 4260 93228 57620 11945 45675 9101 36574 3228
is_linear=0
shrinkage=0.0101079


Tree=6
num_leaves=15
num_cat=0
split_feature=28 27 29 2 30 6 2 13 14 13 14 14 13 22
split_gain=77.5148 121.129 115.201 74.2567 46.4311 47.9653 37.9972 36.873 39.3235 35.3647 28.0002 32.1001 25.5058 24.9785
threshold=0.20576497167348864 -0.032717135734856122 -1.0000000180025095e-35 1.1114063262939455 0.81174489855766307 1.5378066301345827 0.60414072871208202 0.086809929460287108 -2.5025671720504756 0.042166233062744148 -6.5132648944854727 -20.232173919677731 -0.077709939330816255 0.48291333019733435
decision_type=2 2 2 2 2 2 2 2 2 2 2 2 2 2
left_child=10 2 3 -2 7 -6 -4 8 12 -10 11 -1 -3 -13
right_child=1 4 6 -5 5 -7 -8 -9 9 -11 -12 13 -14 -15
leaf_value=0.0021986724740399532 0.0080705093695730892 0.0036509591431074348 0.0010380676054495845 -0.0012164887346776255 0.0056244576031609017 -0.00059933970712001993 -0.0047115857174029286 -0.0059355072309711576 0 0.0082624465968351643 0.0014978918770218507 -0.00086843586309348186 -0.00084124802425282507 0.0010930548465533335
leaf_weight=629.55184895545244 125.8789469897747 130.71393807791173 113.17777068540454 237.41676669195294 300.690045658499 193.92975368537009 1388.4671995937824 104.1220056861639 102.39101642183959 98.751486597582698 2582.1371886301786 2243.6876718718559 1589.9171719681472 920.84782396070659
leaf_count=8067 1822 1705 1660 2926 3946 2472 18170 1438 1361 1269 32591 29981 20819 12847
internal_value=0 -0.00105813 -0.00300791 0.00199205 0.000373223 0.00313158 -0.00424835 -0.000289537 1.76421e-05 0.00418095 0.000686169 0.000121185 -0.000461932 -0.000283638
internal_weight=0 4385.46 1864.94 363.296 2520.52 494.62 1501.64 2025.9 1921.77 201.143 6376.22 3794.09 1720.63 3164.54
internal_count=141074 57588 24578 4748 33010 6418 19830 26592 25154 2630 83486 50895 22524 42828
is_linear=0
shrinkage=0.0101079


Tree=7
num_leaves=15
num_cat=0
split_feature=0 27 27 0 29 23 2 2 13 18 15 13 29 13
split_gain=77.9978 66.9263 39.2796 34.4547 32.8219 43.6415 31.1196 28.2148 22.0261 15.7904 15.6694 29.6278 19.0612 14.8352
threshold=0.59139052033424389 -0.50938662886619557 -0.71473535895347584 0.46373105049133306 -1.0000000180025095e-35 1.1420460343360903 0.72170859575271618 0.60414072871208202 -0.075757112354040132 89.500000000000014 3.7754191160202031 0.00089245592243969451 0.87837970256805431 0.11404655501246454
decision_type=2 2 2 2 2 2 2 2 2 2 2 2 2 2
left_child=1 -1 4 7 -2 6 -6 -3 -4 -8 -5 -12 -13 -10
right_child=2 3 8 10 5 -7 9 -9 13 -11 11 12 -14 -15
leaf_value=-0.0074103133831471685 0.0015308902730663675 0 0.0034285846334721733 0.0028056459683506582 0.0022104817016942659 0.00018446390996546244 -0.0038293427064681686 -0.0054917894903453238 0.00055408256251677113 0 -0.0032484208625437353 0.0020524003674538228 -0.0027307771484658895 0.0042459758040014339
leaf_weight=206.1470531001687 515.68088799528778 141.23203781805933 302.2018805872649 150.75476138480008 102.63040291890502 1007.6573275513947 814.90996058471501 267.78474830649793 6277.0690253507346 129.13353348150849 281.23635713383555 343.93896270729601 99.673851184546947 109.6529650464654
leaf_count=2485 6719 2029 3744 2080 1415 12921 11233 3763 82104 1637 3847 4502 1284 1222
internal_value=0 -0.00213121 0.000354322 -0.00121395 -0.000698186 -0.00128097 -0.00272131 -0.00360801 0.000765098 -0.00331344 -2.82538e-05 -0.000696034 0.000859925 0.000628794
internal_weight=0 1490.77 9258.94 1284.62 2570.01 2054.33 1046.67 409.017 6688.92 944.043 875.604 724.849 443.613 6386.72
internal_count=140985 19990 120995 17505 33925 27206 14285 5792 87070 12870 11713 9633 5786 83326
is_linear=0
shrinkage=0.0101079


Tree=8
num_leaves=15
num_cat=0
split_feature=0 16 15 30 6 28 32 30 12 29 33 0 14 15
split_gain=78.233 33.6101 44.7623 40.7492 34.8504 26.4154 38.4941 49.235 59.4752 34.8194 33.4721 32.7113 29.2456 23.7735
threshold=0.57943093776702892 0.7606322467327119 4.1323823928833017 1.0000000180025095e-35 -5.5828926563262931 -0.3317298144102096 1.0000000180025095e-35 1.0000000180025095e-35 0.019472806714475158 -1.0000000180025095e-35 1.497500002384186 1.0569927096366885 -10.137608051300047 10.656574726104738
decision_type=2 2 2 2 2 2 2 2 2 2 8 2 2 2
left_child=1 2 4 -3 -1 13 7 -7 10 -8 -9 12 -11 -2
right_child=5 3 -4 -5 -6 6 9 8 -10 11 -12 -13 -14 -15
leaf_value=-0.0041406486369488212 0.00022981292071196454 -0.0025977477376735083 -0.0043312001839090107 0.0045534249015550966 0.00320996821447994 -0.00061915308486089988 0.0013587324883944909 0.0072919527807360565 -0.00063469876018002716 -0.005691016203421711 0.0023366638774071444 -0.00010516754369035927 -0.0017066370207276893 0.0017488633243144258
leaf_weight=96.65240303426981 2544.149022269994 169.51182352751493 788.00794111005962 139.98210646398365 167.23763244412839 1770.8103674910963 361.20604771189392 194.34440678358078 545.37996910512447 330.30881493166089 655.21298015490174 569.13382440805435 546.36209647543728 1883.3732082173228
leaf_count=1321 33937 2373 10586 1764 2280 22917 4703 1106 7036 4874 9795 6977 7450 24023
internal_value=0 -0.00226773 -0.00313021 0.000540722 0.000327862 0.000318282 -0.000180542 0.00048183 0.00190412 -0.00136043 0.00357231 -0.00207119 -0.00328982 0.000887013
internal_weight=0 1361.39 1051.9 309.494 263.89 9400.28 4972.76 3165.75 1394.94 1807.01 849.557 1445.8 876.671 4427.52
internal_count=141142 18324 14187 4137 3601 122818 64858 40854 17937 24004 10901 19301 12324 57960
is_linear=0
shrinkage=0.0101079


Tree=9
num_leaves=15
num_cat=0
split_feature=0 27 27 3 3 30 13 0 27 2 13 30 22 2
split_gain=70.4564 63.0857 42.333 36.3865 37.9528 33.4655 53.8044 26.9261 25.5073 25.0467 31.3351 21.9191 40.6242 25.8378
threshold=0.58340415358543407 -0.49049438536167139 -0.71473535895347584 0.23684436827898028 0.36066049337387091 1.0000000180025095e-35 0.040236681699752815 1.0569927096366885 0.69930991530418407 1.8244321942329409 0.02835969161242247 -0.56174489110708226 0.10939113423228265 0.52200946211814891
decision_type=2 2 2 2 2 2 2 2 2 2 2 2 2 2
left_child=1 -1 7 -4 -5 8 -7 9 -3 10 -2 12 -6 -13
right_child=2 5 3 4 11 6 -8 -9 -10 -11 -12 13 -14 -15
leaf_value=-0.0073284221915586789 -0.0019793937138164624 -0.0041333661107200775 -0.0018770430034099487 0.0024420712571846001 -0.0016261879458549613 -0.00094054396189476876 0.006693955426110623 0.00014598867093089464 -1.6831178160742583e-05 -0.0040684822650115804 0.0026803697459010989 0.0046162238217565084 0.0014454828839134115 0.0008051174102425133
leaf_weight=195.08712085522711 572.06346245855093 420.25669739022851 471.97220756672323 1426.4256480038166 1040.1872708257288 396.93846454285085 113.6347081605345 1465.5657372400165 271.44397302530706 367.97879352979362 185.20567920058966 193.7210701610893 742.36743728071451 2886.5743686165661
leaf_count=2377 8154 5835 6118 18193 13193 5466 1445 18387 3720 5090 2628 2203 10199 37983
internal_value=0 -0.00207025 0.000356688 0.00078036 0.000988247 -0.00114271 0.000754028 -0.000732425 -0.00259364 -0.00190553 -0.000771433 0.000550321 -0.00032362 0.00106873
internal_weight=0 1397.36 9352.06 6761.25 6289.28 1202.27 510.573 2590.81 691.701 1125.25 757.269 4862.85 1782.55 3080.3
internal_count=140991 18843 122148 87889 81771 16466 6911 34259 9555 15872 10782 63578 23392 40186
is_linear=0
shrinkage=0.0101079


Tree=10
num_leaves=15
num_cat=0
split_feature=0 27 27 28 3 30 13 13 29 27 7 5 30 17
split_gain=73.276 58.5403 37.5336 81.531 39.031 36.4371 54.5806 34.985 28.5472 25.9758 25.7976 29.5384 28.5941 28.8529
threshold=0.57943093776702892 -0.49049438536167139 -0.50938662886619557 0.41268247365951544 0.23335075378417972 1.0000000180025095e-35 0.040875736624002464 -0.075757112354040132 -1.0000000180025095e-35 0.39271505177021032 9.0946249961853045 0.65924131870269786 1.0000000180025095e-35 58.500000000000007
decision_type=2 2 2 2 2 2 2 2 2 2 2 2 2 2
left_child=1 -1 3 -2 -4 9 -7 -6 -5 -3 11 12 -9 -14
right_child=2 5 4 8 7 6 -8 10 -10 -11 -12 -13 13 -15
leaf_value=-0.0072715407218873285 0.00016415344372783518 -0.0044136574284709606 -0.0020821929784532863 1.8011355707320889e-05 0.0049902501489920018 -0.0010232618531462469 0.0067238779417526321 0.00011244056132497266 -0.0051162359601140163 -0.00021246671051199036 0.0020068382475952303 -0.00059768942197142903 4.3361095937866396e-05 0.0035692835955257467
leaf_weight=195.1458483543247 2561.53629809618 407.21250947937369 446.59094271622598 124.20148621685803 209.75729971006513 387.85869031026959 112.21902521513402 1376.2539972402155 463.25057157687843 270.25565272755921 1386.2215380016714 1727.7505396362394 394.58847821876407 692.29156738892198
leaf_count=2349 33666 5634 5807 1624 2573 5351 1425 18686 6403 3721 17523 21816 5444 9062
internal_value=0 -0.00220554 0.000288262 -0.000603189 0.000745277 -0.0012904 0.0007104 0.000972926 -0.00397637 -0.00281787 0.000807968 0.000398844 0.00111393 0.00233544
internal_weight=0 1372.69 9382.44 3148.99 6233.45 1177.55 500.078 5786.86 587.452 677.468 5577.11 4190.88 2463.13 1086.88
internal_count=141084 18480 122604 41693 80911 16131 6776 75104 8027 9355 72531 55008 33192 14506
is_linear=0
shrinkage=0.0101079


Tree=11
num_leaves=15
num_cat=0
split_feature=0 2 30 28 2 28 13 14 21 15 4 12 14 21
split_gain=79.2466 36.1548 40.9096 31.7819 25.3885 26.4529 27.4132 27.3353 23.2972 23.9567 19.6021 17.6167 16.9498 36.4991
threshold=0.57943093776702892 0.59143278002738964 1.0000000180025095e-35 0.43245348334312445 1.6535314917564394 0.1413247883319855 -0.0013004831853322683 -18.721389770507809 4.5778779983520517 20.494710922241214 0.87952628731727611 -0.091029364615678773 -9.7611274719238263 -4.9216146469116202
decision_type=2 2 2 2 2 2 2 2 2 2 2 2 2 2
left_child=1 2 -1 -3 11 7 -7 -6 -8 -10 -5 -2 13 -13
right_child=4 3 -4 10 5 6 8 -9 9 -11 -12 12 -14 -15
leaf_value=-0.0020035307934457816 0.0032611703634687736 2.9693504356416554e-05 0.0047277255129774109 -0.005141941727844105 0.0028442083048731653 -0.0044095194479504447 0.003448582240505137 -0.00055092693021960152 -0.0045170636068136592 0.0002059976419558404 -0.00075539215249210479 0.001328851658983336 0.00088743012558846501 -0.0011129386839199039
leaf_weight=262.89369063451886 245.4589079413563 200.54229246079922 131.40511080436409 595.64320919476449 309.21514257229865 308.76282482035458 105.52677126601338 991.46076240204275 169.57575951144099 247.3103686273098 156.68278372846544 1026.6215802431107 4445.0528206359595 1563.0314409006387
leaf_count=3485 3271 2798 1916 8024 4056 4069 1398 13209 2006 3006 2023 14341 56719 20731
internal_value=0 -0.00229158 0.000186165 -0.00335237 0.000322893 -0.000636417 -0.00204142 0.000237142 -0.000522044 -0.00166646 -0.00429843 0.000609737 0.000508036 -0.000128282
internal_weight=0 1347.17 394.299 952.868 9412.02 2131.85 831.176 1300.68 522.413 416.886 752.326 7280.16 7034.71 2589.65
internal_count=141052 18246 5401 12845 122806 27744 10479 17265 6410 5012 10047 95062 91791 35072
is_linear=0
shrinkage=0.0101079


Tree=12
num_leaves=15
num_cat=0
split_feature=0 27 0 30 3 29 12 0 14 33 2 23 2 29
split_gain=72.4249 52.0211 76.4352 48.5509 46.1228 42.3733 37.1892 30.3138 45.9536 35.6958 30.2755 27.5815 37.2058 34.969
threshold=0.46373105049133306 -0.50938662886619557 0.70901092886924755 1.0000000180025095e-35 0.21468505263328555 -1.0000000180025095e-35 0.020835488103330139 0.77227705717086803 -6.0816020965576163 0.9962500035762788 0.59973612427711498 1.163310766220093 0.86044639348983776 -1.0000000180025095e-35
decision_type=2 2 2 2 2 2 2 2 2 10 2 2 2 2
left_child=10 2 5 4 -3 -2 7 8 9 -5 -1 12 -4 -14
right_child=1 3 11 6 -6 -7 -8 -9 -10 -11 -12 -13 13 -15
leaf_value=0 0.00079303346971460722 -0.003965742411019429 0.0027290969634373827 0.0012288810475441334 0.00026070469764579758 -0.0061291578523533031 0.0001601952680556344 0.0014190051815012271 0.0092586885643374823 0.0072484336229902881 -0.0058174777758765815 0.00059086360993627744 0.0015189654136513082 -0.0031747665234258529
leaf_weight=139.83592446893454 103.25889859907329 275.75000227242708 171.04209443554282 453.83095940947533 3784.2901693880558 374.53475334309042 1097.3668452501297 1097.6645640637726 144.98398770019412 133.68867789208889 292.05652073584497 1712.6400852520019 186.45973777025938 779.08651041425765
leaf_count=2003 1369 3719 2400 6794 49319 4741 14340 14355 1767 768 4087 21912 2651 10714
internal_value=0 0.000184501 -0.00084917 0.000682846 -2.32937e-05 -0.00456078 0.00167347 0.00255435 0.00416878 0.00274205 -0.00400477 -0.000202064 -0.00142823 -0.00222193
internal_weight=0 10314.6 3327.02 6987.58 4060.04 477.794 2927.54 1830.17 732.504 587.52 431.892 2849.23 1136.59 965.546
internal_count=140939 134849 43787 91062 53038 6110 38024 23684 9329 7562 6090 37677 15765 13365
is_linear=0
shrinkage=0.0101079


Tree=13
num_leaves=15
num_cat=0
split_feature=0 27 2 27 28 3 3 29 16 16 29 13 29 3
split_gain=72.7732 55.9639 47.9326 33.9515 39.9971 32.6227 37.7237 29.7165 29.2025 23.0637 21.758 28.609 23.619 24.1939
threshold=0.58340415358543407 0.076279435306787505 0.60414072871208202 -0.71473535895347584 0.41268247365951544 0.23684436827898028 0.36066049337387091 -1.0000000180025095e-35 0.20416181534528735 0.7606322467327119 -1.0000000180025095e-35 -0.015195104759186505 0.6078576147556306 0.28707900643348699
decision_type=2 2 2 2 2 2 2 2 2 2 2 2 2 2
left_child=1 2 -1 4 -2 -5 10 -6 -3 -10 11 -7 -12 -14
right_child=3 8 -4 5 7 6 -8 -9 9 -11 12 -13 13 -15
leaf_value=0.0011895939892835365 -4.8509722399810746e-06 0.0049026870976481918 -0.0051613165747564508 -0.001795064988001246 0.0012823577003767744 -0.0036418346781499442 0.00048828596621098143 -0.0045511804716987193 -0.0022056761723903266 0.0022680033767937136 0.0043852563218920379 0.0024316928996840903 -0.00152287875891191 0.002937922483974341
leaf_weight=135.32415176741779 2098.5112545192242 99.555072758346796 619.63275671005249 469.1245360262692 99.577055286616087 123.53956412523985 4870.3966026380658 376.964425412938 390.68470842950046 152.9374711047858 611.27306325361133 192.46726482734084 179.81621180102229 322.77672314830124
leaf_count=1973 27579 1317 8105 6113 1296 1697 63549 5257 5387 2108 7577 2361 2235 4346
internal_value=0 -0.00211652 -0.00396931 0.000349724 -0.000628457 0.000728085 0.000924326 -0.00324757 1.70886e-05 -0.000859652 0.00237091 0 0.00303105 0.00126367
internal_weight=0 1398.13 754.957 9344.45 2575.05 6769.39 6300.27 476.541 643.177 543.622 1429.87 316.007 1113.87 502.593
internal_count=140900 18890 10078 122010 34132 87878 81765 6553 8812 7495 18216 4058 14158 6581
is_linear=0
shrinkage=0.0101079


Tree=14
num_leaves=15
num_cat=0
split_feature=0 27 0 30 14 27 28 30 17 2 10 28 29 29
split_gain=72.4022 60.8462 31.7038 29.7419 29.6721 28.0467 81.2065 30.1501 54.7665 35.9319 39.7184 42.3985 28.5817 25.1745
threshold=0.58340415358543407 -0.49049438536167139 0.46373105049133306 1.0000000180025095e-35 -6.6929190158843985 -0.50938662886619557 0.39271505177021032 1.0000000180025095e-35 57.500000000000007 1.4874799251556399 0.15798211842775348 0.1413247883319855 -1.0000000180025095e-35 0.87837970256805431
decision_type=2 2 2 2 2 2 2 2 2 2 2 2 2 2
left_child=1 -1 -3 -4 -5 6 13 -7 -9 10 11 -10 -8 -2
right_child=5 2 3 4 -6 7 12 8 9 -11 -12 -13 -14 -15
leaf_value=-0.0072113988423977661 -0.00011915891366966251 -0.003447731200266185 -0.0015930320766986703 0 0.0063967038057591739 0.00013845041157315214 0.00027890910592277683 0.00019801111150835761 0.00061765513430570018 -0.00021019191557116268 0.0078531278618786445 0.0056035718219918026 -0.0048311509978707897 0.0023603944641915264
leaf_weight=198.82674987800419 2023.653137197718 407.0198302064091 477.50184256397188 210.34113446064293 110.63137428089976 3594.0299826003611 125.05861012078822 1419.6752339191735 438.01140195503831 236.50993851944804 219.17346239462495 309.99228917993605 480.4092844221741 511.6147987768054
leaf_count=2433 26510 5801 6348 2908 1459 46762 1628 18663 5703 3020 2414 4004 6703 6787
internal_value=0 -0.00209717 -0.00118022 0 0.00234534 0.000357735 -0.000411868 0.000753037 0.00157679 0.00315805 0.00401845 0.00277327 -0.00371929 0.000370869
internal_weight=0 1404.32 1205.49 798.474 320.973 9358.13 3140.74 6217.39 2623.36 1203.69 967.177 748.004 605.468 2535.27
internal_count=141143 18949 16516 10715 4367 122194 41628 80566 33804 15141 12121 9707 8331 33297
is_linear=0
shrinkage=0.0101079


Tree=15
num_leaves=15
num_cat=0
split_feature=0 27 28 30 12 2 2 10 28 15 27 23 0 28
split_gain=74.3111 43.5219 117.553 48.2104 34.411 25.8353 24.9211 47.0869 40.103 26.6936 22.2993 21.0539 18.2537 16.0564
threshold=0.46373105049133306 -0.50938662886619557 0.39271505177021032 1.0000000180025095e-35 0.017511862330138687 0.60414072871208202 1.4232577681541445 0.16627705097198489 -0.05451125651597976 14.952855587005617 0.91080963611602794 1.1042167544364931 1.7651359438896181 0.1413247883319855
decision_type=2 2 2 2 2 2 2 2 2 2 2 2 2 2
left_child=5 2 -2 12 6 -1 7 8 9 11 -6 -5 13 -3
right_child=1 3 -4 4 10 -7 -8 -9 -10 -11 -12 -13 -14 -15
leaf_value=-0.00016800186805688978 0.00025937803717515932 0.00034030502821455651 -0.0042571291211771752 -0.001683280836428856 0.00096091148828257741 -0.0057544281469934571 0 0.0077082606729008095 0.0040103988263352694 0.0050693752020521052 -0.0024833265622373874 0.0028040836655159255 0.0038518956967146935 -0.00095857522636142063
leaf_weight=140.1635041423142 2560.2451493665576 2311.413606710732 751.54819742403924 401.55737044289708 922.78796824812889 290.32449857890606 306.89791950769722 192.62284929305315 658.98051353171468 97.393173631280661 231.84444249235094 133.44819944165647 109.59678656980395 1639.8457971904427
leaf_count=2025 33630 30231 10103 4949 12001 4078 3913 2152 8695 1190 3104 2176 1494 21333
internal_value=0 0.000187363 -0.000760788 0.000641651 0.00162488 -0.00406258 0.00250159 0.00304179 0.00227336 0.000373786 0.000222715 -0.000465653 -6.32905e-05 -0.000189333
internal_weight=0 10318.2 3311.79 7006.39 2945.53 430.488 1790.9 1484 1291.38 632.399 1154.63 535.006 4060.86 3951.26
internal_count=141074 134971 43733 91238 38180 6103 23075 19162 17010 8315 15105 7125 53058 51564
is_linear=0
shrinkage=0.0101079


Tree=16
num_leaves=15
num_cat=0
split_feature=0 27 27 28 15 7 27 29 6 7 28 29 29 27
split_gain=69.4349 54.3139 35.6725 76.1328 30.3104 53.1855 32.8885 24.4181 23.4112 21.9129 22.5892 20.1455 19.802 21.7284
threshold=0.57943093776702892 -0.50938662886619557 -0.49049438536167139 0.41268247365951544 4.1943123340606698 3.749431967735291 0.076279435306787505 -1.0000000180025095e-35 -0.71575179696083058 9.0946249961853045 0.098011311143636717 -1.0000000180025095e-35 0.87837970256805431 -0.8253108263015746
decision_type=2 2 2 2 2 2 2 2 2 2 2 2 2 2
left_child=1 -1 3 12 6 -6 -3 -5 -4 -10 11 -11 13 -2
right_child=2 4 8 7 5 -7 -8 -9 9 10 -12 -13 -14 -15
leaf_value=-0.0073663978709833109 -0.0010275417289121558 -0.0014925482599675627 0.0014260250725673198 0 -0.0044919164947690654 0.00021156802913432601 0.0058462976199468945 -0.0048994867720336815 -0.00041039892702948309 -0.00012779911281045176 -0.00027853835751008035 0.0034471365570720816 0.0018605898462941677 0.0011652407850213705
leaf_weight=176.84099571406841 1435.1514475364238 120.74105493351817 2570.5319508612156 122.90209173597395 482.24176917970181 460.11786205135286 105.21849225275218 470.57832171209157 2359.0518210250884 200.791459094733 529.96551707200706 517.70119100064039 525.22989295236766 659.91967537999153
leaf_count=2174 18766 1714 34545 1600 6826 6087 1437 6582 29940 2399 6312 6906 6966 8618
internal_value=0 -0.00221191 0.000236352 -0.000619817 -0.00135453 -0.00216951 0.00183079 -0.0038661 0.000688488 0.000149853 0.00123679 0.00240146 0.000109126 -0.000315862
internal_weight=0 1345.16 9391.82 3213.78 1168.32 942.36 225.96 593.48 6178.04 3607.51 1248.46 718.493 2620.3 2095.07
internal_count=140872 18238 122634 42532 16064 12913 3151 8182 80102 45557 15617 9305 34350 27384
is_linear=0
shrinkage=0.0101079


Tree=17
num_leaves=15
num_cat=0
split_feature=0 27 23 29 30 17 23 3 2 2 2 21 3 2
split_gain=66.5126 46.2456 71.0012 64.8242 43.708 49.8971 42.1371 41.2123 37.6865 35.2811 29.3495 29.3207 28.9188 27.7582
threshold=0.46373105049133306 -0.50938662886619557 1.1420460343360903 -1.0000000180025095e-35 1.0000000180025095e-35 57.500000000000007 0.67827022075653087 0.23684436827898028 0.86044639348983776 1.4649477601051333 1.6693575978279116 -7.3108861446380606 0.3347510844469071 0.60414072871208202
decision_type=2 2 2 2 2 2 2 2 2 2 2 2 2 2
left_child=13 2 3 10 7 -6 -5 -3 -8 11 -2 -7 -9 -1
right_child=1 4 -4 6 5 9 8 12 -10 -11 -12 -13 -14 -15
leaf_value=0 0.0046968557299984191 -0.0030990028513234007 0.00060566952900976989 -0.0065013714133631923 0.00032650129856075303 0.0075919583886016042 0.002103454532971033 0.0019672207511672256 -0.0030968615252442563 -0.00011379703549949639 -0.0013127769015782575 0.0029476950540213605 -0.00015104889604138286 -0.0055881131244899171
leaf_weight=142.37891163304448 158.7914772592485 390.40518831834197 1752.1353809051216 327.85333298146725 1552.8478290457278 181.99980247765779 158.63214072212577 839.29832532443106 777.18518573604524 274.61357380822301 145.35361331142485 938.41293733008206 2838.4978642202914 287.66962561756372
leaf_count=2062 2376 5241 22427 4145 20492 2351 2260 10620 10818 3539 1823 11785 37238 4052
internal_value=0 0.000202366 -0.000773742 -0.00233649 0.000670357 0.00160589 -0.00335235 0 -0.00216253 0.00299161 0.00173308 0.00378427 0.000324439 -0.00381957
internal_weight=0 10336 3319.95 1567.82 7016.08 2947.87 1263.67 4068.2 935.817 1395.03 304.145 1120.41 3677.8 430.049
internal_count=141229 135115 43849 21422 91266 38167 17223 53099 13078 17675 4199 14136 47858 6114
is_linear=0
shrinkage=0.0101079


Tree=18
num_leaves=15
num_cat=0
split_feature=0 27 15 2 7 27 28 29 13 7 16 29 29 28
split_gain=64.7057 58.8397 53.7342 44.4795 29.3408 29.2874 34.2712 31.5872 19.6317 29.3684 18.1688 17.1515 20.4695 19.8672
threshold=0.58340415358543407 0.054511256515979774 3.7754191160202031 0.60414072871208202 4.362006902694703 -0.71473535895347584 0.41268247365951544 -1.0000000180025095e-35 -0.075757112354040132 -22.976366996765133 0.7979414463043214 0.87837970256805431 -1.0000000180025095e-35 -0.14132478833198545
decision_type=2 2 2 2 2 2 2 2 2 2 2 2 2 2
left_child=1 3 -3 -1 -4 6 11 -8 9 -7 -5 12 -2 -14
right_child=5 2 4 10 -6 8 7 -9 -10 -11 -12 -13 13 -15
leaf_value=0.0011881249496621582 0.0014373085243431058 0.0069133247035188233 -0.0030590265670172047 -0.0058976705307744008 0.0014269771776685394 0 0.0017207054744673848 -0.0043456010532623218 0.00059760840506144631 0.0060747342988244904 -0.00070559924193361074 0.0018034430676583727 7.2985315468302138e-06 -0.0024617246781384956
leaf_weight=127.21374229714274 420.54788949713111 95.919003726914525 314.7767892125994 495.42948229052126 256.81760005839169 147.10776362940669 98.646284751594067 370.53271889314055 6454.4592646248639 162.4148520976305 103.5961694624275 430.60861426964402 693.44097951427102 580.40714063681662
leaf_count=1865 5506 1336 4456 6483 3374 1724 1291 5225 83929 2105 1353 5720 9036 7642
internal_value=0 -0.00195355 0.00015847 -0.00393143 -0.000981301 0.000374256 -0.000528742 -0.00297808 0.000726769 0.00321325 -0.00508668 1.77895e-06 -0.00043833 -0.00109403
internal_weight=0 1393.75 667.513 726.239 571.594 9358.17 2594.18 469.179 6763.98 309.523 599.026 2125 1694.4 1273.85
internal_count=141045 18867 9166 9701 7830 122178 34420 6516 87758 3829 7836 27904 22184 16678
is_linear=0
shrinkage=0.0101079


Tree=19
num_leaves=15
num_cat=0
split_feature=0 3 16 16 11 3 3 22 20 5 15 14 13 16
split_gain=70.6879 39.6407 33.5511 41.7789 30.9215 26.3771 36.9193 30.1814 24.1336 34.6921 21.8414 19.9098 19.7142 27.8745
threshold=0.6321602761745454 0.52682453393936168 0.77210006117820751 0.15581813454627993 0.11319339647889139 0.46382746100425726 0.23684436827898028 -0.057105515152215951 0.60231077671051036 -4.2781050205230704 8.255826950073244 -15.34349489212036 -0.031170705333352085 0.64473754167556774
decision_type=2 2 2 2 2 2 2 2 2 2 2 2 2 2
left_child=1 2 3 -1 -4 6 -2 -7 9 -8 11 -10 -5 -14
right_child=5 -3 4 12 -6 7 8 -9 10 -11 -12 -13 13 -15
leaf_value=0.0032262974972441668 -0.0016265704513788082 -0.0035735240198994309 0.0050327982815562 -0.0048151828753019614 -0.0016976445828270534 -0.00075940748336798326 -0.0010433647369917775 0.00070700140105257653 0.0015586520860135379 0.0030509216308734679 0.0013144050523430425 -0.0035605501897204525 0.00050781610466105068 -0.004089109447903823
leaf_weight=147.08192995376885 403.77848360128701 736.91845971345901 172.97345802746713 248.75550852529705 97.126221515238285 2789.3779823668301 231.2959256619215 2934.3739467654377 101.84568191319704 1317.1207917146385 815.62032499723136 211.23188923671842 329.18197640217841 205.55829401127994
leaf_count=1959 5279 9859 2350 3468 1264 36549 3064 38993 1298 16931 10143 2652 4695 2462
internal_value=0 -0.00173022 -0.000549952 -0.00148754 0.00248661 0.000398549 0.00115142 -6.22794e-07 0.00158893 0.00241119 0.000416647 -0.00177151 -0.00244622 -0.00121728
internal_weight=0 1937.6 1200.68 930.578 270.1 8804.65 3080.89 5723.75 2677.11 1548.42 1128.7 313.078 783.496 534.74
internal_count=140966 26057 16198 12584 3614 114909 39367 75542 34088 19995 14093 3950 10625 7157
is_linear=0
shrinkage=0.0101079


Tree=20
num_leaves=15
num_cat=0
split_feature=0 27 30 15 8 2 27 3 3 22 30 27 33 2
split_gain=61.8966 56.5282 30.8816 42.8911 37.1505 28.2115 27.3886 25.8448 46.7246 27.7476 25.2984 44.9997 45.393 27.9792
threshold=0.6321602761745454 -0.49049438536167139 1.0000000180025095e-35 18.342541694641117 0.79405871033668529 0.60414072871208202 0.054511256515979774 0.22890956699848178 0.36066049337387091 0.50024211406707775 -0.56174489110708226 0.098011311143636717 1.0000000180025095e-35 0.52200946211814891
decision_type=2 2 2 2 2 2 2 2 2 2 2 2 10 2
left_child=1 -1 6 4 5 -4 -3 -2 -9 10 -10 -12 13 -13
right_child=7 2 3 -5 -6 -7 -8 8 9 -11 11 12 -14 -15
leaf_value=-0.0056027273119746831 -0.002270554217856287 -0.0047461657714448083 0.0019325858966704845 0.006676343909880921 0.0042923334081513935 -0.0033438581536896885 -0.00085810886812097658 0.0021866751058352337 -0.0011449509690537435 0.0011887875812027725 -0.00084718261715789763 0.0057304716003941745 0.0045240802496199694 2.0743157714810553e-05
leaf_weight=302.8765381090343 351.44300999492407 268.11449719406664 135.08936016075313 98.682798255234957 129.47307128831744 319.32812374643981 691.40406272560358 1372.4635813441128 1945.7172852754593 1906.7396591752768 1647.0711668431759 88.992971584200859 385.00433796644211 1114.1683320179582
leaf_count=3839 4663 3769 2020 1224 1762 4255 9291 17404 25478 25545 21862 1238 2201 16585
internal_value=0 -0.00162218 -0.000840916 0.000755298 -0.000250181 -0.00168161 -0.00201529 0.000366673 0.000482957 0.000145343 -0.000232053 0.00030589 0.00152544 0.000509977
internal_weight=0 1944.97 1642.09 682.573 583.891 454.417 959.519 8811.6 8460.16 7087.69 5180.95 3235.24 1588.17 1203.16
internal_count=141136 26160 22321 9261 8037 6275 13060 114976 110313 92909 67364 41886 20024 17823
is_linear=0
shrinkage=0.0101079


end of trees

feature_importances:
Column_27=34
Column_2=33
Column_29=27
Column_0=24
Column_13=23
Column_28=21
Column_3=19
Column_30=17
Column_14=12
Column_23=12
Column_15=10
Column_16=10
Column_7=7
Column_17=5
Column_22=5
Column_33=5
Column_5=4
Column_6=4
Column_10=4
Column_12=4
Column_21=4
Column_18=3
Column_11=2
Column_20=2
Column_4=1
Column_8=1
Column_32=1

parameters:
[boosting: gbdt]
[objective: binary]
[metric: auc]
[tree_learner: serial]
[device_type: cpu]
[data_sample_strategy: bagging]
[data: ]
[valid: ]
[num_iterations: 600]
[learning_rate: 0.0101079]
[num_leaves: 15]
[num_threads: 2]
[seed: 1337]
[deterministic: 0]
[force_col_wise: 0]
[force_row_wise: 0]
[histogram_pool_size: -1]
[max_depth: -1]
[min_data_in_leaf: 1280]
[min_sum_hessian_in_leaf: 0.001]
[bagging_fraction: 0.829452]
[pos_bagging_fraction: 1]
[neg_bagging_fraction: 1]
[bagging_freq: 1]
[bagging_seed: 1337]
[feature_fraction: 0.727545]
[feature_fraction_bynode: 1]
[feature_fraction_seed: 1337]
[extra_trees: 0]
[extra_seed: 18955]
[early_stopping_round: 0]
[early_stopping_min_delta: 0]
[first_metric_only: 0]
[max_delta_step: 0]
[lambda_l1: 4.00664]
[lambda_l2: 7.63247]
[linear_lambda: 0]
[min_gain_to_split: 0]
[drop_rate: 0.1]
[max_drop: 50]
[skip_drop: 0.5]
[xgboost_dart_mode: 0]
[uniform_drop: 0]
[drop_seed: 17763]
[top_rate: 0.2]
[other_rate: 0.1]
[min_data_per_group: 100]
[max_cat_threshold: 32]
[cat_l2: 10]
[cat_smooth: 10]
[max_cat_to_onehot: 4]
[top_k: 20]
[monotone_constraints: ]
[monotone_constraints_method: basic]
[monotone_penalty: 0]
[feature_contri: ]
[forcedsplits_filename: ]
[refit_decay_rate: 0.9]
[cegb_tradeoff: 1]
[cegb_penalty_split: 0]
[cegb_penalty_feature_lazy: ]
[cegb_penalty_feature_coupled: ]
[path_smooth: 0]
[interaction_constraints: ]
[verbosity: -1]
[saved_feature_importance_type: 0]
[use_quantized_grad: 0]
[num_grad_quant_bins: 4]
[quant_train_renew_leaf: 0]
[stochastic_rounding: 1]
[linear_tree: 0]
[max_bin: 255]
[max_bin_by_feature: ]
[min_data_in_bin: 3]
[bin_construct_sample_cnt: 200000]
[data_random_seed: 4404]
[is_enable_sparse: 1]
[enable_bundle: 1]
[use_missing: 1]
[zero_as_missing: 0]
[feature_pre_filter: 1]
[pre_partition: 0]
[two_round: 0]
[header: 0]
[label_column: ]
[weight_column: ]
[group_column: ]
[ignore_column: ]
[categorical_feature: ]
[forcedbins_filename: ]
[precise_float_parser: 0]
[parser_config_file: ]
[objective_seed: 4113]
[num_class: 1]
[is_unbalance: 0]
[scale_pos_weight: 1]
[sigmoid: 1]
[boost_from_average: 1]
[reg_sqrt: 0]
[alpha: 0.9]
[fair_c: 1]
[poisson_max_delta_step: 0.7]
[tweedie_variance_power: 1.5]
[lambdarank_truncation_level: 30]
[lambdarank_norm: 1]
[label_gain: ]
[lambdarank_position_bias_regularization: 0]
[eval_at: ]
[multi_error_top_k: 1]
[auc_mu_weights: ]
[num_machines: 1]
[local_listen_port: 12400]
[time_out: 120]
[machine_list_filename: ]
[machines: ]
[gpu_platform_id: -1]
[gpu_device_id: -1]
[gpu_use_dp: 0]
[num_gpu: 1]

end of parameters

pandas_categorical:null
