tree
version=v4
num_class=1
num_tree_per_iteration=1
label_index=0
max_feature_idx=33
objective=binary sigmoid:1
feature_names=Column_0 Column_1 Column_2 Column_3 Column_4 Column_5 Column_6 Column_7 Column_8 Column_9 Column_10 Column_11 Column_12 Column_13 Column_14 Column_15 Column_16 Column_17 Column_18 Column_19 Column_20 Column_21 Column_22 Column_23 Column_24 Column_25 Column_26 Column_27 Column_28 Column_29 Column_30 Column_31 Column_32 Column_33
feature_infos=[0.22403052449226379:4.806818962097168] [0.027025075629353523:24.251049041748047] [0.17134076356887817:8.6935958862304688] [0.087584272027015686:1] [-28.67047119140625:41.262332916259766] [-36.190670013427734:42.326030731201172] [-36.841156005859375:62.500308990478516] [-41.300331115722656:63.120437622070312] [-22.455821990966797:30.680826187133789] [0:0.95389312505722046] [0:0.64536702632904053] [0:0.40022626519203186] [-0.51016271114349365:0.51874518394470215] [-0.15357083082199097:0.22172828018665314] [-45.028751373291016:17.161741256713867] [-6.6708002090454102:64.2962646484375] [0:1] [0:95] [0:95] [-1:1] [-29.775985717773438:44.984848022460938] [-30.525325775146484:55.0223388671875] [-2.8409864902496338:15.253066062927246] [0.049656935036182404:5.4310722351074219] [-1:1] [0:1] [0:0.99820786714553833] [-1:1] [-1:1] [-0.78183150291442871:0.97492790222167969] [-0.90096884965896606:1] [0:1] [0:1] [0.8888888955116272:4.5999999046325684]
tree_sizes=8582

Tree=0
num_leaves=79
num_cat=0
split_feature=11 30 21 21 3 3 18 3 3 3 3 11 28 28 7 14 21 21 3 18 12 11 3 18 3 28 11 3 4 14 30 12 21 8 18 12 14 21 12 7 32 8 28 3 33 3 4 28 7 28 21 14 21 3 30 3 28 3 3 3 14 28 18 3 4 9 30 3 17 3 21 28 9 12 14 4 14 14
split_gain=64.4146 36.7128 71.2775 34.3043 36.076 29.3505 28.6696 25.4379 25.6333 27.1948 24.5193 18.6969 19.1571 17.8558 34.1851 22.4299 36.6912 46.9818 28.8043 23.1171 18.6253 29.2288 29.5067 27.5241 23.2022 25.178 31.5936 22.9243 22.8238 19.0241 18.7932 17.4807 17.3066 16.7263 16.5476 16.1283 16.047 16.0416 15.8774 15.728 15.6419 15.4748 14.9626 14.4884 14.3752 14.0588 12.6847 12.638 12.6103 14.0847 12.2899 12.0709 21.0823 21.1009 13.1145 22.795 22.6372 17.6396 13.2583 16.191 11.9792 11.8629 19.2861 11.6988 11.5343 11.1233 11.0064 12.5794 14.781 10.8738 13.4664 10.8616 20.5727 10.62 10.3801 10.3021 10.133 11.5101
threshold=0.020599490962922577 0.81174489855766307 3.683064460754395 11.595425128936769 0.24995513260364535 0.26738095283508306 78.500000000000014 0.25402151048183447 0.50782379508018505 0.59277614951133739 0.30768682062625891 0.15557461231946948 -0.8253108263015746 -0.65106672048568714 14.78964138031006 -2.7196811437606807 1.3665744066238406 10.235616683959963 0.85228124260902416 90.500000000000014 0.035437865182757385 0.080223321914672865 0.8607434630393983 85.500000000000014 0.58202403783798229 0.4904943853616715 0.064210414886474623 0.68166854977607738 -0.81381201744079579 -12.74952459335327 -0.56174489110708226 -0.031204858794808384 -2.8277972936630245 -3.0405415296554561 7.5000000000000009 0.00065393937984481465 -17.720336914062496 4.3029067516326913 -0.01872548088431358 9.7608265876770037 1.0000000180025095e-35 1.4378505349159243 0.6835516393184663 0.71164339780807506 0.99736112356185924 0.42270769178867346 -0.03528142720460891 0.63435554504394542 -8.0509066581726056 0.77296444773674022 -0.29599294066429133 -2.5556203126907344 0.16656593978405002 0.9030359983444215 1.0000000180025095e-35 0.64353740215301525 0.076279435306787505 0.49951802194118505 0.47307766973972326 0.63264960050582897 -9.275990962982176 0.82531082630157482 84.500000000000014 0.66305050253868114 -1.5467156767845152 0.26266260445117956 1.0000000180025095e-35 0.39562627673149114 69.500000000000014 0.72980383038520824 -3.1636416912078853 -0.16288578510284421 0.19217085838317874 -0.044681211933493607 -4.707711696624755 -0.018155829049646851 -1.6449629068374632 -3.6219460964202876
decision_type=2 2 2 2 2 2 2 2 2 2 2 2 2 2 2 2 2 2 2 2 2 2 2 2 2 2 2 2 2 2 2 2 2 2 2 2 2 2 2 2 2 2 2 2 10 2 2 2 2 2 2 2 2 2 2 2 2 2 2 2 2 2 2 2 2 2 2 2 2 2 2 2 2 2 2 2 2 2
left_child=44 5 6 4 -4 11 7 -3 39 -10 -6 12 -2 14 38 16 20 33 19 37 21 23 31 24 28 46 27 -27 -15 30 -22 47 -8 -18 -30 -33 -11 -17 63 -9 50 -40 73 74 -1 -5 -26 -23 49 -14 -31 52 54 65 55 56 57 -46 -56 -60 -29 62 -19 -7 -16 -54 67 -36 -69 -65 -71 76 -73 -35 -43 -49 77 -12
right_child=1 2 3 45 10 13 32 8 9 36 71 -13 48 15 64 18 17 61 -20 -21 29 22 -24 -25 25 26 -28 60 34 40 -32 35 -34 42 66 -37 -38 -39 41 -41 -42 43 -44 -45 51 -47 -48 75 -50 -51 -52 -53 53 -55 58 -57 -58 -59 59 -61 -62 -63 -64 69 -66 -67 -68 68 -70 70 -72 72 -74 -75 -76 -77 -78 -79
leaf_value=-0.88909575663489671 -0.84725562268437016 -0.91885904891911641 -0.90182592005134632 -0.87163947017167076 -0.83842795405655424 -0.90272993177199845 -0.88618817713919151 -0.87231084721149776 -0.91039327044183382 -0.86375206798528703 -0.86982242692680567 -0.90004258763896572 -0.8485716969262892 -0.88680692991379573 -0.88893470371847461 -0.8563554287799342 -0.88211995887375438 -0.88780760411492132 -0.90216676295666121 -0.89146019975135782 -0.86350868278313664 -0.90951318922849478 -0.87172012832064649 -0.90445871974948344 -0.88577565828388227 -0.89081516255025428 -0.9057100656515823 -0.86868592564627656 -0.89073747175142859 -0.88298100532860968 -0.90183758508019796 -0.87490502463323461 -0.91452366839988319 -0.91377736242744101 -0.87178823551138229 -0.90265703240305728 -0.89035391457522295 -0.87932411771897911 -0.89123016117718667 -0.90181656088662732 -0.92384609160409314 -0.85670203021052926 -0.90968040479607659 -0.8980652107199163 -0.91076744388738418 -0.89609736839330512 -0.90076749630017638 -0.90352429982916505 -0.88672617788963171 -0.88663468570497428 -0.90884945799733285 -0.88686408593675881 -0.90498438430593275 -0.88119759335735526 -0.88429575395714821 -0.89984255922626932 -0.86611575897201032 -0.87835334478596361 -0.92504663913791796 -0.89980141677138259 -0.83769833729748111 -0.89332948514495614 -0.84907926258949273 -0.87499762154219529 -0.91126526320491541 -0.91904516832727357 -0.87755644190167059 -0.86973372141113103 -0.83198121093568767 -0.88871573267088477 -0.91593524008873306 -0.84853273881384272 -0.87650078574093337 -0.89623517091337945 -0.88313052508566092 -0.87398034606394692 -0.86510184488106479 -0.89769006373403581
leaf_weight=295.92595298588276 46.196778681129217 45.752266494557261 52.240989482030272 65.790999121963978 70.691936755552888 377.08600947447121 57.940574388951063 294.32254077121615 122.52941954880953 53.041892902925611 47.545315789058805 61.352392315864563 45.133488839492202 180.71540270932019 51.417601343244314 71.334924032911658 89.239438908174634 53.01899778097868 154.25785330496728 309.84639811515808 49.754997642710805 263.09236409328878 93.893897483125329 104.05442468076944 258.42983588576317 54.277963623404503 48.920304061844945 97.430782176554203 47.850996172055602 65.047407560050488 46.485785888507962 95.902123702690005 146.09856325574219 79.296701772138476 86.424049409106374 70.989181265234947 284.37937794066966 594.85380806773901 753.88713542185724 37.778899073600769 66.098993845283985 66.202982552349567 360.73273677006364 43.721553632989526 62.37418694794178 151.99030394665897 203.77593852952123 48.443501921370625 170.21383509971201 40.885512670502067 76.92019310593605 130.15878637135029 459.94353480637074 56.077524408698082 57.256478164345026 305.96273325011134 107.18531366065145 67.458178699016571 75.374128941446543 194.81491499021649 46.494940144941211 42.795228423550725 57.547439070418477 67.29895862005651 296.91755669750273 181.00384695082903 87.821999764069915 47.696732407435775 66.778274707496166 134.04591432958841 46.516724174842238 125.07207024097443 116.59822292812169 688.89001433551311 70.520279489457607 41.223424082621932 84.467791315168142 68.540293069556355
leaf_count=8827 735 664 575 572 640 4581 821 4198 1447 690 591 1071 800 2163 564 663 1044 792 1922 3454 671 3123 1303 1337 3092 686 608 1176 496 700 525 1135 1781 805 1013 825 3532 6273 9157 618 597 763 4505 611 611 1347 2461 611 2807 553 887 1175 4393 595 603 2684 930 603 815 1835 471 543 862 772 3376 1664 1047 555 781 1608 545 1396 1362 8297 867 548 821 713
internal_value=-0.890737 -0.889147 -0.883409 -0.87308 -0.8672 -0.890648 -0.891162 -0.887473 -0.885464 -0.89233 -0.863519 -0.87814 -0.873473 -0.891332 -0.895046 -0.889848 -0.891583 -0.897443 -0.884264 -0.881349 -0.888024 -0.886369 -0.894508 -0.88258 -0.880645 -0.886123 -0.874518 -0.866432 -0.873323 -0.898358 -0.882206 -0.898834 -0.906312 -0.900462 -0.86636 -0.886998 -0.885757 -0.876597 -0.892118 -0.875906 -0.906079 -0.888407 -0.901981 -0.876596 -0.898185 -0.888713 -0.892311 -0.90455 -0.878996 -0.865116 -0.896778 -0.899798 -0.900911 -0.906821 -0.896069 -0.891614 -0.881221 -0.893697 -0.903206 -0.907428 -0.857158 -0.874139 -0.866459 -0.897724 -0.907848 -0.909185 -0.862309 -0.856277 -0.846034 -0.89023 -0.895866 -0.868081 -0.861367 -0.898221 -0.869371 -0.890324 -0.876835 -0.886359
internal_weight=0 8846.52 1824.78 782.938 565.157 7021.73 1041.84 837.804 792.052 459.951 512.916 363.782 302.43 6657.95 1907.61 4750.34 3620.04 1371.52 1130.29 976.035 2248.52 1944.22 613.544 1330.67 1226.62 709.33 247.124 198.204 517.287 304.307 96.2408 519.651 204.039 1218.16 336.572 166.891 337.421 666.189 1559.28 332.101 208.067 934.332 1128.92 180.445 1993.54 217.781 462.206 352.759 256.233 86.019 141.968 1697.61 1567.45 697.025 870.426 542.98 237.018 129.832 327.446 270.189 143.926 153.362 110.566 624.948 348.335 640.947 288.721 200.899 114.475 247.862 180.563 442.224 241.67 768.187 136.723 89.6669 200.553 116.086
internal_count=131284 106549 21768 8017 6098 84781 13751 11149 10485 5669 5523 5966 4895 78815 22844 55971 43659 16848 12312 10390 26811 23431 7545 15886 14549 8494 2941 2333 6055 3380 1196 6242 2602 14651 3892 1960 4222 6936 18904 4816 2184 11398 13607 2241 24735 1919 5553 4282 4160 1353 1587 15908 14733 6652 8081 4828 2144 1214 3253 2650 1647 2197 1654 7506 3940 6057 3396 2349 1336 2925 2153 4883 2758 9102 1630 1159 2125 1304
is_linear=0
shrinkage=1


end of trees

feature_importances:
Column_3=20
Column_21=9
Column_28=9
Column_14=8
Column_12=5
Column_18=5
Column_4=4
Column_11=4
Column_30=4
Column_7=3
Column_8=2
Column_9=2
Column_17=1
Column_32=1
Column_33=1

parameters:
[boosting: gbdt]
[objective: binary]
[metric: auc]
[tree_learner: serial]
[device_type: cpu]
[data_sample_strategy: bagging]
[data: ]
[valid: ]
[num_iterations: 600]
[learning_rate: 0.0454652]
[num_leaves: 79]
[num_threads: 2]
[seed: 2024]
[deterministic: 0]
[force_col_wise: 0]
[force_row_wise: 0]
[histogram_pool_size: -1]
[max_depth: -1]
[min_data_in_leaf: 525]
[min_sum_hessian_in_leaf: 0.001]
[bagging_fraction: 0.774687]
[pos_bagging_fraction: 1]
[neg_bagging_fraction: 1]
[bagging_freq: 1]
[bagging_seed: 2024]
[feature_fraction: 0.515409]
[feature_fraction_bynode: 1]
[feature_fraction_seed: 2024]
[extra_trees: 0]
[extra_seed: 29642]
[early_stopping_round: 0]
[early_stopping_min_delta: 0]
[first_metric_only: 0]
[max_delta_step: 0]
[lambda_l1: 1.07292]
[lambda_l2: 4.08529]
[linear_lambda: 0]
[min_gain_to_split: 0]
[drop_rate: 0.1]
[max_drop: 50]
[skip_drop: 0.5]
[xgboost_dart_mode: 0]
[uniform_drop: 0]
[drop_seed: 2449]
[top_rate: 0.2]
[other_rate: 0.1]
[min_data_per_group: 100]
[max_cat_threshold: 32]
[cat_l2: 10]
[cat_smooth: 10]
[max_cat_to_onehot: 4]
[top_k: 20]
[monotone_constraints: ]
[monotone_constraints_method: basic]
[monotone_penalty: 0]
[feature_contri: ]
[forcedsplits_filename: ]
[refit_decay_rate: 0.9]
[cegb_tradeoff: 1]
[cegb_penalty_split: 0]
[cegb_penalty_feature_lazy: ]
[cegb_penalty_feature_coupled: ]
[path_smooth: 0]
[interaction_constraints: ]
[verbosity: -1]
[saved_feature_importance_type: 0]
[use_quantized_grad: 0]
[num_grad_quant_bins: 4]
[quant_train_renew_leaf: 0]
[stochastic_rounding: 1]
[linear_tree: 0]
[max_bin: 255]
[max_bin_by_feature: ]
[min_data_in_bin: 3]
[bin_construct_sample_cnt: 200000]
[data_random_seed: 6648]
[is_enable_sparse: 1]
[enable_bundle: 1]
[use_missing: 1]
[zero_as_missing: 0]
[feature_pre_filter: 1]
[pre_partition: 0]
[two_round: 0]
[header: 0]
[label_column: ]
[weight_column: ]
[group_column: ]
[ignore_column: ]
[categorical_feature: ]
[forcedbins_filename: ]
[precise_float_parser: 0]
[parser_config_file: ]
[objective_seed: 12337]
[num_class: 1]
[is_unbalance: 0]
[scale_pos_weight: 1]
[sigmoid: 1]
[boost_from_average: 1]
[reg_sqrt: 0]
[alpha: 0.9]
[fair_c: 1]
[poisson_max_delta_step: 0.7]
[tweedie_variance_power: 1.5]
[lambdarank_truncation_level: 30]
[lambdarank_norm: 1]
[label_gain: ]
[lambdarank_position_bias_regularization: 0]
[eval_at: ]
[multi_error_top_k: 1]
[auc_mu_weights: ]
[num_machines: 1]
[local_listen_port: 12400]
[time_out: 120]
[machine_list_filename: ]
[machines: ]
[gpu_platform_id: -1]
[gpu_device_id: -1]
[gpu_use_dp: 0]
[num_gpu: 1]

end of parameters

pandas_categorical:null
