tree
version=v4
num_class=1
num_tree_per_iteration=1
label_index=0
max_feature_idx=33
objective=binary sigmoid:1
feature_names=Column_0 Column_1 Column_2 Column_3 Column_4 Column_5 Column_6 Column_7 Column_8 Column_9 Column_10 Column_11 Column_12 Column_13 Column_14 Column_15 Column_16 Column_17 Column_18 Column_19 Column_20 Column_21 Column_22 Column_23 Column_24 Column_25 Column_26 Column_27 Column_28 Column_29 Column_30 Column_31 Column_32 Column_33
feature_infos=[0.22403052449226379:4.806818962097168] [0.027025075629353523:24.251049041748047] [0.17134076356887817:8.6935958862304688] [0.087584272027015686:1] [-28.67047119140625:41.262332916259766] [-36.190670013427734:42.326030731201172] [-36.841156005859375:62.500308990478516] [-41.300331115722656:63.120437622070312] [-22.455821990966797:30.680826187133789] [0:0.95389312505722046] [0:0.64536702632904053] [0:0.40022626519203186] [-0.51016271114349365:0.51874518394470215] [-0.15357083082199097:0.22172828018665314] [-45.028751373291016:17.161741256713867] [-6.6708002090454102:64.2962646484375] [0:1] [0:95] [0:95] [-1:1] [-29.775985717773438:44.984848022460938] [-30.525325775146484:55.0223388671875] [-2.8409864902496338:15.253066062927246] [0.049656935036182404:5.4310722351074219] [-1:1] [0:1] [0:0.99820786714553833] [-1:1] [-1:1] [-0.78183150291442871:0.97492790222167969] [-0.90096884965896606:1] [0:1] [0:1] [0.8888888955116272:4.5999999046325684]
tree_sizes=8580 8645 8673 8748

Tree=0
num_leaves=79
num_cat=0
split_feature=11 22 29 11 29 18 16 5 16 15 13 13 5 29 16 11 33 29 13 6 13 22 13 29 18 13 9 7 15 4 18 16 20 17 29 13 15 15 7 7 7 17 11 18 16 7 15 6 16 5 9 6 18 9 8 18 6 18 18 9 15 4 13 5 33 8 17 13 22 7 17 16 29 18 13 5 20 29
split_gain=47.3986 45.3276 22.0038 19.1941 27.8152 44.4301 23.8246 18.9713 28.9599 30.6706 22.5869 18.3531 22.5238 16.8564 19.3969 17.3012 16.1751 15.6955 15.2339 14.7235 16.7868 13.8169 13.9256 13.7191 18.3662 23.0471 13.6851 13.1221 12.9246 15.8835 12.7025 14.7072 12.4947 12.4635 12.4336 12.2768 12.179 13.0198 12.3881 13.2046 11.7068 11.4504 13.5033 14.1839 13.9231 11.2528 12.747 10.912 10.8746 10.4395 9.99046 9.91191 9.67759 13.3197 9.60064 10.3896 13.0053 11.0562 11.0394 9.03786 8.99611 8.8805 8.81039 8.6262 8.4605 8.45865 13.1622 8.32569 10.005 8.37254 10.6565 9.55644 8.13781 12.8597 8.02995 7.77868 7.77139 7.65656
threshold=0.021424815058708194 -0.62301477789878834 -0.60785761475563038 0.11403601989150049 0.87837970256805431 50.500000000000007 0.55242803692817699 4.988213539123536 0.78518155217170726 11.136159896850588 -0.025677140802145001 -0.049525771290063851 0.22935628890991214 -1.0000000180025095e-35 0.83227160573005687 0.048592897132039077 1.997500002384186 1.0000000180025095e-35 -0.027997937984764572 1.995594382286072 0.069213360548019423 -0.11831659823656081 0.045787988230586059 0.87837970256805431 50.500000000000007 0.073595847934484496 0.2756593674421311 0.12202909216284753 13.077453613281252 -1.5467156767845152 46.500000000000007 0.61336708068847667 -0.97848522663116444 73.500000000000014 0.6078576147556306 -0.0040475421119481316 13.077453613281252 9.9459476470947283 10.723379611968996 13.249565601348879 -0.23216444998979566 64.500000000000014 0.070123001933097853 52.500000000000007 0.84549632668495189 -0.11778235435485838 5.6946432590484628 9.8532061576843279 0.53975263237953197 1.230102062225342 0.10256836935877801 6.0615339279174814 91.500000000000014 0.32801438868045812 0.50548940896987926 75.500000000000014 -3.0993506908416744 17.500000000000004 35.500000000000007 0.065844863653182997 7.7357003688812265 -0.54782655835151661 0.04449796490371228 3.0581957101821904 0.99472221732139599 3.0845633745193486 86.500000000000014 -0.022919096983969208 -0.73471811413764943 10.888177394866945 87.500000000000014 0.60948973894119274 0.87837970256805431 13.500000000000002 -0.06319843232631682 0.26701991260051733 -1.9886984229087827 0.6078576147556306
decision_type=2 2 2 2 2 2 2 2 2 2 2 2 2 2 2 2 8 2 2 2 2 2 2 2 2 2 2 2 2 2 2 2 2 2 2 2 2 2 2 2 2 2 2 2 2 2 2 2 2 2 2 2 2 2 2 2 2 2 2 2 2 2 2 2 10 2 2 2 2 2 2 2 2 2 2 2 2 2
left_child=7 2 -2 4 11 6 -6 8 9 10 -1 33 67 15 19 18 41 21 -3 28 49 -16 -23 24 74 34 36 -9 54 -30 31 72 -11 -4 -26 75 37 63 -38 -40 -10 42 -17 -44 -45 61 -47 -24 -48 60 -50 -7 53 -19 -15 56 57 -56 77 -37 -21 -32 -55 -14 -31 66 -58 76 69 70 71 -69 -12 -74 -5 -20 -13 -59
right_child=1 13 3 23 5 51 -8 27 40 32 30 12 26 14 17 16 -18 52 35 20 -22 22 47 -25 25 -27 -28 -29 29 64 45 -33 -34 -35 -36 59 38 -39 39 -41 -42 -43 43 44 -46 46 48 -49 50 -51 -52 -53 -54 62 55 -57 65 58 -60 -61 -62 -63 -64 -65 -66 -67 -68 68 -70 -71 -72 -73 73 -75 -76 -77 -78 -79
leaf_value=-0.87479130269953043 -0.91357675538960514 -0.86676756295785962 -0.88651147758975613 -0.90293394190150311 -0.83786823154508316 -0.89431035122983937 -0.88012393044933201 -0.91982370445570416 -0.89556569185490653 -0.89074568226694528 -0.90051234977282801 -0.90090015433758575 -0.87638339466953175 -0.89124031627098443 -0.86976564912703336 -0.90959006258413322 -0.88316925060027374 -0.88227841273604357 -0.91441834153685564 -0.89073747175142859 -0.87460075849585961 -0.87198135990155334 -0.88408482291047974 -0.89091595657402844 -0.84525554596233909 -0.8815315954156725 -0.89586350350138055 -0.895831909326123 -0.88425865708360751 -0.88870393940250325 -0.88914554311747207 -0.91774454386697712 -0.9187087047435214 -0.85726581914269906 -0.87591481866392829 -0.86722017013025865 -0.90228260533237481 -0.8607679803717847 -0.86383104226465124 -0.89461525711028811 -0.87092081433384494 -0.90820934126430608 -0.88090929275744767 -0.88525961222942107 -0.90476005706471441 -0.89967640042250352 -0.86475097896362219 -0.90827132010236622 -0.87156796953408078 -0.89390846224379894 -0.89607391784361756 -0.87267140179826619 -0.89584391092316207 -0.88814578149779833 -0.88317452027757792 -0.90532762122284127 -0.87994663764047598 -0.89275523281654212 -0.88135259196202242 -0.89039202385790583 -0.90721434196991169 -0.90506132135845119 -0.90482997797653753 -0.89785855631813916 -0.90853650679103171 -0.89172395999179266 -0.85591991416067281 -0.90224431388567583 -0.88860872453730055 -0.89073747175142859 -0.88972822504243798 -0.9246551658353751 -0.8774291941608704 -0.901916682568915 -0.87746580620990755 -0.89073747175142859 -0.87913724512188562 -0.91310421648573881
leaf_weight=101.11907906830311 44.920741237699986 57.465217085555196 70.09254365041852 40.514009201899171 78.455665543675423 133.73642215691507 50.080036919564009 118.64437751285732 51.55860666371882 44.946633046492934 563.51921836286783 49.068002155050635 136.3590262979269 1420.8016011025757 199.58254841528833 134.05423746630549 114.03104441612959 563.03865392878652 58.317526642233133 82.54919314570725 62.149482747539878 82.936214324086905 80.634609596803784 81.759279062971473 109.89196561463177 116.20252087339759 151.33377654105425 88.955375028774142 111.68942505307496 50.339182838797569 124.93935826979578 86.16754487529397 172.52328122407198 57.718338396400213 50.226744242012501 41.57658189535141 82.56510372646153 93.951204597949982 52.137101763859391 52.447969704866409 125.01700337231159 300.60484505072236 131.49731383100152 106.73319492861629 221.90733460336924 80.910115297883749 69.471473947167397 64.799060339108109 50.123747201636434 549.36455630138516 86.223754737526178 58.820055672898889 285.03130962513387 160.86571907252073 305.18908268772066 45.791941396892071 233.45971744135022 87.956310842186213 65.882447544485331 166.05809907056391 314.53156924247742 151.57900724932551 101.27306656725705 47.076045077294111 201.03916407749057 64.645910499617457 62.046581871807575 98.52172833122313 105.00636412389576 72.12053001485765 44.388971162959933 85.06695874594152 87.986978858709335 80.584482071921229 54.421323206275702 46.209738656878471 85.23450612090528 74.213919764384627
leaf_count=1301 590 609 921 619 1033 1545 529 1272 562 619 6967 570 1593 17910 1937 1222 3439 6582 605 1061 773 891 703 983 1190 1247 1703 1096 1342 1433 1528 1037 2259 769 523 511 953 1177 581 548 1457 2735 1364 1066 2288 1051 936 540 663 7185 1119 552 3251 1974 3845 570 3062 1022 827 2115 3874 2097 1136 511 1903 776 757 1240 1312 768 604 972 996 957 645 583 980 894
internal_value=-0.890737 -0.889452 -0.883638 -0.882917 -0.885322 -0.873419 -0.85313 -0.897075 -0.895572 -0.897417 -0.895005 -0.888385 -0.890264 -0.891287 -0.890123 -0.895759 -0.898847 -0.885828 -0.887464 -0.891884 -0.896569 -0.878451 -0.886487 -0.874631 -0.870952 -0.865082 -0.884304 -0.910071 -0.890161 -0.898071 -0.896562 -0.900169 -0.913256 -0.872307 -0.853968 -0.89138 -0.880422 -0.874431 -0.889715 -0.879283 -0.878333 -0.900925 -0.897064 -0.893176 -0.898291 -0.891207 -0.885029 -0.89472 -0.878976 -0.898126 -0.887117 -0.88771 -0.88875 -0.886227 -0.888912 -0.885352 -0.884212 -0.888858 -0.896253 -0.885157 -0.903748 -0.897778 -0.894526 -0.88219 -0.904405 -0.877565 -0.874333 -0.896977 -0.900236 -0.904439 -0.908645 -0.913401 -0.897895 -0.889405 -0.888882 -0.903934 -0.887506 -0.902682
internal_weight=0 8750.38 2102.12 2057.2 1604.18 321.092 128.536 2084.27 1876.67 1700.09 1482.62 1283.09 1155.28 6648.27 5269.81 1378.46 1008.83 1538.16 369.627 3731.65 1008.59 427.952 228.37 453.016 371.257 276.321 615.87 207.6 2723.06 363.068 1381.51 818.258 217.47 127.811 160.119 312.162 464.536 277.386 187.15 104.585 176.576 894.797 594.192 460.138 328.641 563.247 286.729 145.434 205.819 946.445 136.348 192.556 1110.21 825.177 2359.99 939.186 893.394 533.242 228.053 207.635 397.081 276.518 262.139 183.435 251.378 360.152 295.506 539.407 405.105 300.098 227.978 183.589 732.091 168.571 94.9353 104.527 134.303 162.17
internal_count=131360 105443 24658 24068 18861 3659 1562 25917 23549 21530 18652 15202 13512 80785 64248 16537 12114 17014 4423 47234 12893 4071 2134 5207 4224 2960 7066 2368 34341 4678 17351 9957 2878 1690 1713 3814 5363 3281 2082 1129 2019 8675 5940 4718 3354 7394 3769 1243 2718 12120 1782 2097 12943 9692 29663 11753 11183 6588 2743 2626 4935 3625 3110 2104 3336 4595 3819 6446 4896 3584 2816 2212 8920 1953 1264 1188 1550 1916
is_linear=0
shrinkage=1


Tree=1
num_leaves=79
num_cat=0
split_feature=16 16 7 28 2 7 22 7 10 2 28 21 18 22 21 4 16 28 18 8 10 2 20 7 28 21 2 7 2 20 18 18 2 28 1 12 16 12 21 12 2 4 28 28 21 2 2 7 21 20 10 2 28 12 16 4 12 17 28 12 20 22 20 28 6 22 6 2 17 33 20 2 18 2 2 12 18 20
split_gain=37.1351 47.4317 51.2573 45.6932 28.6527 26.9243 23.3 18.9497 24.466 18.2102 17.5804 18.3273 16.8617 15.4339 40.5854 15.3075 14.9516 14.6764 19.3216 14.5009 14.208 14.0251 13.5374 13.48 13.2289 16.542 13.9133 19.3325 12.3696 15.2415 14.7862 14.1188 12.6346 11.6782 11.6196 11.1633 11.0294 28.3067 15.7291 13.8041 14.9475 13.502 10.7264 23.5874 16.2375 14.6858 14.6165 13.5557 12.9696 11.6282 10.5783 10.2845 10.1743 10.1407 9.97307 9.83859 9.66269 9.51927 13.4861 9.40561 9.1638 8.74858 8.53583 12.2199 9.195 8.3363 7.76124 7.76076 8.30256 7.75348 7.58686 12.5499 7.62776 7.57079 26.4748 12.8713 8.58825 7.93959
threshold=0.83227160573005687 0.58089044690132152 1.0000000180025095e-35 -0.65106672048568714 0.7868846356868745 15.673587799072267 -0.47893431782722468 16.319856643676761 0.29707351326942449 1.945509731769562 0.054511256515979774 10.602966308593752 38.500000000000007 -0.65993657708168019 12.037729740142824 -0.85692247748374928 0.89883601665496837 0.96863394975662243 88.500000000000014 -1.5379560589790342 0.034639878198504455 1.053169906139374 1.0910816192626955 -12.841628551483153 0.35222910344600683 14.844722747802736 1.2282787561416628 19.171072959899906 1.0077061653137209 4.8425090312957773 87.500000000000014 71.500000000000014 1.945509731769562 0.82531082630157482 1.1318044662475588 0.09411900490522386 0.67856892943382274 -0.0012845910387113688 2.1579418182373051 -0.020773290656507012 2.0175542831420903 -0.64766541123390187 0.8491516411304475 0.4904943853616715 -0.36113128066062922 0.75044032931327831 0.86732530593872081 -5.852433204650878 -0.68797424435615528 1.0000000180025095e-35 0.10137393325567247 1.6038177013397219 -0.90159028768539418 -0.1108344830572605 0.17381763458251956 1.1210513114929201 0.04213372431695462 55.500000000000007 0.78661888837814342 0.024530977010726932 -0.65584921836853016 0.81591746211051952 -4.0128505229949942 -0.16288578510284421 -5.9711616039276114 -0.29382796585559839 11.320905208587648 0.93412756919860851 30.500000000000004 0.99736112356185924 -0.42151673138141627 0.51245474815368663 33.500000000000007 0.99181312322616588 0.78269070386886608 -0.026547432877123352 7.5000000000000009 -1.9886984229087827
decision_type=2 2 2 2 2 2 2 2 2 2 2 2 2 2 2 2 2 2 2 2 2 2 2 2 2 2 2 2 2 2 2 2 2 2 2 2 2 2 2 2 2 2 2 2 2 2 2 2 2 2 2 2 2 2 2 2 2 2 2 2 2 2 2 2 2 2 2 2 2 10 2 2 2 2 2 2 2 2
left_child=1 6 61 5 10 9 15 19 13 34 50 16 73 14 -9 69 57 36 -19 65 52 42 -7 53 25 26 -15 -28 30 51 -21 -31 -33 -18 -2 -26 37 -14 41 -40 -41 -38 43 46 45 -44 47 49 -49 -17 -5 -30 60 -23 -55 -45 70 58 -12 -39 -8 -3 63 -22 -64 -6 -42 -61 -69 -1 -54 -72 -73 74 75 -4 -77 -75
right_child=3 2 12 4 7 22 20 8 -10 -11 11 -13 17 24 -16 21 33 18 -20 28 62 23 -24 -25 35 -27 27 -29 29 31 -32 32 -34 -35 -36 -37 38 59 39 40 66 -43 44 55 -46 -47 -48 48 -50 -51 -52 -53 56 54 -56 -57 -58 -59 -60 67 -62 -63 64 -65 -66 -67 -68 68 -70 -71 71 72 -74 77 -76 76 -78 -79
leaf_value=0.011863824153995017 -0.0070888456436971961 -0.019856101598205365 0.0076417624094987239 0.019525317404678652 0.023302161893689909 0.0074075699286205131 0.0070094919359173649 0.044329827583252976 -0.0089660507015206399 0.029190627632449884 0.01298377664360538 -0.011982944239675311 0.028442423909358031 0.011859006425120064 -0.0038829487768397369 0.0055271027156528693 0.011246236921714987 0.0011371395148580721 -0.031037042667983562 0.017236649936447693 -0.0031740438543745972 0.031717258780292308 -0.016704248697376484 -0.0022081412083691889 0.0081265016584288439 0.02295420184517841 0.0049538678720198936 -0.026980551574012284 -0.02111208552770652 -0.013372722585133397 -0.011265428671182572 0.02260059003199584 -0.0061329224953499363 0.038605776067860559 0.0088149975638286693 0.031695175740991698 0.002374060539835003 -0.01271712704620203 -0.02314560427821331 0.0039968737544860151 -0.023845969314453694 -0.027571759489951643 0 0.020647928169903164 -0.018105575883869025 0.025842556181027824 -0.0065303086706506239 -0.0072744693281146938 0.017888038835808431 0.034890087285562234 0.049220445939704517 0.0012226827235204054 0.00367864868638591 -0.0089850778600660663 0.018254410850815792 0.048634071049957768 -0.010391772499180957 0.021579177100476851 -0.018136582032213824 0.020523951472862727 -0.015993464025676866 -0.0010612205745768651 -0.011219567206967507 0.0072423430985493285 -0.0029315947682000873 0 0.0014519807822581028 -0.0087947152395415704 0.013857226966650071 -0.0051178817940517726 -0.0058587823117441174 0.0067734931477578279 0.027170696629129857 0.011752620821994375 -0.026773939354964246 0.00072654483884769224 -0.016412972210666427 -0.0074195015798523972
leaf_weight=60.741703506559134 215.00459496676922 550.10854383558035 113.39461790956557 82.823992511257529 69.699499741196632 50.774203652516007 55.976844595745206 91.878833949565887 112.87397775799036 45.169344957917929 55.600110378116369 50.787878960371017 95.206387704238296 80.233390448614955 54.0538568533957 51.054453447461128 71.397164711728692 76.43166770786047 68.012386118993163 101.68871840648353 626.10774272866547 41.870469262823462 331.08560074679554 413.88446225970984 108.46182401292026 62.32356034591794 72.549109829589725 73.75857025757432 168.81973806023598 75.729706436395645 52.86690678447485 73.115502569824457 47.523844262585044 78.010055456310511 163.35803980380297 77.313136849552393 44.8249730207026 79.702372258529067 43.777432961389422 796.78302358463407 61.451610429212451 77.400414729490876 117.42326737567782 115.38714467920363 52.42874263599515 67.226186970248818 93.680576290935278 86.567921236157417 73.499245041981339 79.614905264228582 48.679226705804467 50.641470931470394 253.92281081527472 48.412598064169288 52.625523401424289 43.472638607025146 50.813750429078937 49.101721292361617 50.902700925245881 47.984907271340489 79.472644571214914 63.022880204021931 349.86788456514478 363.69379224255681 1444.5159850958735 55.186216311529279 34.285776816308498 83.648006061092019 49.950760651379824 351.54377573728561 41.748705940321088 69.625105503946543 121.84382193163037 61.759833790361881 163.56876444630325 85.534854644909501 164.21775633841753 132.05863079056144
leaf_count=1934 2498 6566 1173 900 723 601 640 897 1268 540 653 567 1208 866 575 691 763 1029 854 1052 7848 615 3409 5129 1148 799 749 759 1749 893 584 788 561 800 2010 883 518 1007 519 9978 839 967 1485 1581 772 983 1038 956 930 989 537 583 3198 696 558 499 625 591 545 672 936 729 4140 4125 18496 629 633 1109 740 3246 573 930 1596 852 1818 1037 2167 1679
internal_value=0 -0.00171558 -0.00638064 0.00441858 0.00824212 -0.00461304 0.000870033 0.00492078 0.0100002 0.00318203 0.0177588 0.0120451 -0.0032018 0.013564 0.0265271 0.00514487 0.0163094 -0.000504393 -0.0141208 -0.00039485 -0.00128233 0.00750996 -0.0133273 0.00187099 0.00928416 0.00290987 -0.00270193 -0.0111166 -0.00355274 -0.00767427 0.00714077 0.00131383 0.0110603 0.0264966 -7.40002e-05 0.0186628 0.000887842 0.00777764 -0.0014076 0.000571363 0.00188923 -0.0164816 0.0114405 0.014967 0.00304059 0.00956517 0.00853279 0.0135751 0.00414006 0.0242949 0.0320293 -0.0158119 0.00459871 0.0137497 0.00489657 0.0296331 0.00743664 0.00579486 -0.00156953 0 -0.0062106 -0.018023 -0.00272691 0.000618321 -0.00459652 0.0133055 -0.0146089 0.00563307 0 -0.00240697 0.00946658 0.015391 0.0202994 -0.00893673 -0.0117548 -0.00463446 -0.0104337 -0.000947363
internal_weight=0 8100.15 2893.13 2721.41 1916.02 805.392 5207.02 1428.72 733.446 423.532 487.303 355.8 2279.99 620.572 145.933 1749.43 305.012 1559.46 144.444 695.272 3457.59 1337.15 381.86 556.793 474.64 288.865 226.541 146.308 570.386 415.83 154.556 196.369 120.639 149.407 378.363 185.775 1415.02 356.492 1058.52 936.298 892.52 122.225 780.355 543.277 237.078 184.649 384.417 290.737 160.067 130.669 131.503 219.461 673.404 142.909 101.038 158.86 537.954 155.605 106.503 261.286 135.449 613.131 2784.19 989.802 1794.38 124.886 95.7374 181.584 133.599 412.285 487.14 233.218 191.469 720.534 526.716 363.147 249.753 193.818
internal_count=131223 101303 36094 29920 20862 9058 65209 15506 7944 5048 5356 3919 28799 6676 1472 22102 3352 20073 1883 7562 43107 16922 4010 6998 5204 3173 2374 1508 6210 4574 1636 2242 1349 1563 4508 2031 18190 4736 13454 11969 11450 1485 9924 6684 3240 2468 4604 3566 1886 1680 1437 2332 8498 1869 1254 2080 6922 1789 1198 3528 1576 7295 34609 11973 22636 1352 1472 2521 1849 5180 6297 3099 2526 8726 6195 4377 3204 2531
is_linear=0
shrinkage=0.0454652


Tree=2
num_leaves=79
num_cat=0
split_feature=29 11 3 14 23 3 17 11 20 14 3 17 0 16 10 23 14 3 0 29 29 16 14 3 20 20 3 11 18 29 18 8 17 5 3 18 29 8 14 10 20 3 16 18 3 18 20 18 29 3 11 11 29 11 18 4 14 16 18 16 3 23 1 10 3 3 16 18 3 3 20 3 20 29 3 14 17 9
split_gain=51.7396 49.8246 19.5281 22.85 22.3511 22.9844 20.8389 24.3908 21.6216 26.3799 16.0977 29.7021 20.847 20.0222 25.9495 17.765 18.8205 20.3724 16.275 23.8729 29.2553 16.0248 24.4695 18.2908 15.7435 15.3149 16.3265 14.7043 14.5425 23.7422 14.4562 14.1329 14.0258 13.5182 13.5171 13.3897 13.3389 12.8779 16.4725 12.8636 12.69 12.2116 11.9967 11.94 17.1717 12.2807 18.2883 11.5803 25.9977 20.1214 13.1208 14.4773 12.9367 12.9126 11.6073 11.2383 11.1959 11.3871 11.1301 10.5524 10.3247 10.1622 9.98276 9.65715 10.0361 11.3977 8.80499 8.78278 14.9913 13.515 12.6453 14.7854 10.2929 12.1677 20.3359 16.7793 10.0877 9.46086
threshold=-0.60785761475563038 0.020599490962922577 0.28795525431633001 -1.8586477041244505 0.56909191608428966 0.82837489247322094 73.500000000000014 0.11699663102626802 0.99752438068389904 -6.6416025161743155 0.8448142707347871 54.500000000000007 0.93246436119079601 0.83227160573005687 0.096102636307477965 0.77054265141487133 -8.5067267417907697 0.32053272426128393 0.81126144528388988 1.0000000180025095e-35 -1.0000000180025095e-35 0.56070607900619518 -3.6219460964202876 0.8607434630393983 -0.16315483301877973 -0.19635624438524243 0.52047750353813182 0.1318929344415665 78.500000000000014 1.0000000180025095e-35 83.500000000000014 0.7424241602420808 21.500000000000004 -0.30718842148780817 0.36502270400524145 67.500000000000014 -1.0000000180025095e-35 -0.41956262290477747 -11.567739009857176 0.10041507333517076 2.1978968381881718 0.94853579998016369 0.17888894677162173 38.500000000000007 0.42270769178867346 77.500000000000014 -0.064855515956878648 16.500000000000004 0.6078576147556306 0.71164339780807506 0.11403601989150049 0.048079017549753196 0.87837970256805431 0.1061140112578869 59.500000000000007 -1.3638052344322202 -15.673617362976072 0.088036220520734801 88.500000000000014 0.76197659969329845 0.37670473754405981 0.73780000209808361 1.1032699346542361 0.30437852442264562 0.96362808346748363 0.92110383510589611 0.78518155217170726 72.500000000000014 0.37408527731895452 0.62429928779602062 1.902894198894501 0.74701523780822765 1.1867130994796755 0.6078576147556306 0.54779267311096203 -2.1858775615692134 5.5000000000000009 0.24823798239231112
decision_type=2 2 2 2 2 2 2 2 2 2 2 2 2 2 2 2 2 2 2 2 2 2 2 2 2 2 2 2 2 2 2 2 2 2 2 2 2 2 2 2 2 2 2 2 2 2 2 2 2 2 2 2 2 2 2 2 2 2 2 2 2 2 2 2 2 2 2 2 2 2 2 2 2 2 2 2 2 2
left_child=-1 21 3 -3 5 6 7 8 9 30 13 32 35 14 15 -6 17 -17 19 20 -15 28 23 25 34 26 -23 39 -2 -30 -4 42 63 -31 -19 61 -14 38 -26 -21 -10 62 -8 44 -18 46 -45 49 50 53 51 -49 54 -16 -50 -53 57 -51 -24 -48 -44 -13 -38 64 65 -12 -47 68 -20 72 -70 76 -69 -74 75 -75 -72 -71
right_child=1 2 4 -5 10 -7 31 -9 40 -11 11 12 36 18 47 16 43 24 67 27 -22 22 58 -25 37 -27 -28 -29 29 33 -32 -33 -34 -35 -36 -37 41 -39 -40 -41 -42 -43 60 45 -46 66 59 48 52 56 -52 55 -54 -55 -56 -57 -58 -59 -60 -61 -62 -63 -64 -65 -66 -67 -68 69 70 77 71 -73 73 74 -76 -77 -78 -79
leaf_value=-0.025576731984377241 -0.0043724014819773579 0.0060997459757284322 0.022269361522119377 0.031702768248210084 -0.0054833744683482726 -0.018857798090806992 0.00080363963014612038 0.024799623060023875 0.0198565383249459 -0.031373817823059688 0.0061384864377451893 0.016293380317259739 -0.013339453003716402 0 -0.00058089482565553416 -0.017802405127784471 -0.019735196638055123 0.027438908827987354 -0.0089371785282166879 0.024249217151390518 0.03631957251115011 -0.015709044205086706 -0.0053113972843779299 0.0082606844988803822 -0.012267849341933068 -0.02349233967192884 0.015581082478599734 -0.016686727786619122 -0.011348608251129386 0.0043042001809435841 -0.014132289809001797 0.00067683353744476659 -0.0098829833492373505 0.040449138100129761 0.002305487795781244 0.0038967000613184424 0.03273506070041686 0.026174818883353605 0.023870576741323438 0 -0.0015181989125820435 0.00032000297287031025 0.045943580053070227 0.025328685604765654 -0.00032263152123272883 -0.0075223297044935975 -0.0042750894983062619 0.0029693059543933953 -0.036343675958443324 0.0047702736606374495 0.012096186470836061 0.0020393676507657775 -0.0081921182188710324 -0.015411946016685786 -0.014961943946498529 -0.016281646471004142 0 0.037651577405940481 0.013911510645739866 0.016449178023550254 0.020886915070936613 0.049098167446534224 0.0070635352631891234 -0.012507635854349129 -0.0012278831092634942 0.034097374245958406 0.012635204317383885 0.011947243521792331 -0.011043074836692044 -0.001106250597250017 0.0084218438897376117 -0.0086341944983150589 -0.013513856052568463 -0.012215336828684826 -0.022707660248252111 0.017559477009439401 0.025570271154195814 0.01490920054787067
leaf_weight=155.4182089176029 922.58634187839925 635.28082955256104 41.963978672400117 79.511098179966211 646.25295535288751 55.087995192036033 42.001002172008157 90.010863725095987 99.524235803633928 80.321749277412891 92.441452596336603 44.235981987789273 48.408547714352608 70.688339615240693 337.52151401899755 51.578348403796554 133.32291179336607 46.569353705272079 106.64940463006496 63.074845694005489 120.8280998468399 103.35441709309816 231.91720716282725 53.144899934530258 50.044676432386041 377.3061791062355 45.733460228890181 61.641566317528486 56.733994631096721 43.585324052721262 39.090652888640761 71.695308819413185 225.97653872705996 48.387359797954559 414.51042127609253 39.140738744288683 67.75410589762032 181.09608082473278 45.157933222129941 132.53468956612051 119.03681896626949 118.52848169766366 56.671338204294443 98.852538108825684 316.9209006447345 223.94551356323063 159.57132967934012 223.09177329950035 103.31234834901989 49.103083625435829 93.076067227870226 86.26344115100801 198.37885726429522 192.35352971218526 147.30595744028687 262.42391500808299 92.971493372693658 44.3922512345016 80.406126692891121 68.674925953149796 150.58328383788466 60.769158039242029 71.233194900676608 48.280504649505019 108.79973455704749 47.33059510961175 50.534083418548107 56.38593540713191 47.780994234606624 156.00360865332186 175.82527211867273 52.176655186340213 304.78675817884505 52.022984767332673 54.929792735725641 118.90825470909476 139.79461821168661 135.19052931293845
leaf_count=1855 11455 9678 571 922 7565 806 632 995 1218 975 1262 625 653 817 4203 724 1517 614 1026 667 1078 1248 2665 766 639 4725 572 660 876 599 554 958 3207 609 5156 518 732 2118 559 1420 1338 1358 673 1101 3481 2435 1836 2787 1203 573 1310 930 2509 2656 1784 3158 1003 531 949 751 2054 779 841 573 1559 543 541 509 442 1641 1979 695 3140 624 525 1233 1472 1509
internal_value=0 0.000509054 0.00198999 0.00917958 0.00133595 0.00830874 0.0103495 0.00405523 -0.000943839 -0.0134947 0.000498596 0.00592375 0.0144395 -0.000352796 -0.00205525 0.000952036 0.00324493 0.00853839 0.00359123 0.0110967 0.0230919 -0.00601971 -0.0105228 -0.0160202 0.0105346 -0.0186083 -0.00563261 0.00175854 -0.00219974 0.0107168 0.00430506 0.0192489 -0.00136949 0.0247396 0.00516753 0.0285875 0.00732706 0.0191113 0.00465943 0.00803785 0.00818168 0.0115461 0.0243013 -0.000697089 -0.00630408 0.00343307 0.00937388 -0.00616144 -0.00906317 -0.00155596 -0.00322715 -0.00587436 -0.0174902 -0.0061329 -0.0244092 -0.0116397 0.0110468 0.0218051 -9.26624e-05 0.00193008 0.0287248 0.0368532 0.0204963 0.00499543 0.00873542 0.0166447 -0.00350516 0.00112615 0.00579213 -0.0016071 0.00973855 0.0126611 -0.005612 -0.00764607 0.000159451 0.00814517 0.0163995 0.00626732
internal_weight=0 10663.3 8700.13 714.792 7985.33 845.987 790.899 469.948 379.937 161.376 7139.35 972.899 450.07 6166.45 4317.23 2487.03 1840.78 788.957 1849.22 448.768 191.516 1963.16 891.862 579.539 737.378 526.394 149.088 257.251 1071.29 148.707 81.0546 320.951 522.829 91.9727 461.08 144.146 305.924 276.299 95.2026 195.61 218.561 257.516 249.256 1051.82 450.244 601.578 327.099 1830.19 1113.85 716.342 664.855 571.779 448.997 529.875 250.618 348.687 186.467 93.4953 312.323 228.246 207.255 105.005 138.987 296.852 248.572 139.772 274.48 1400.45 522.227 878.228 415.578 367.797 587.034 530.648 225.861 170.931 315.62 291.194
internal_count=131464 129609 105145 10600 94545 10774 9968 5651 4656 2100 83771 12650 5506 71121 51684 29037 21472 9810 19437 4642 1895 24464 10925 7311 9086 6545 1820 2747 13539 2084 1125 4317 7144 1208 5770 1922 3584 3316 1198 2087 2556 2931 3359 11662 4998 6664 3688 22647 13681 8966 8185 6875 5496 6859 2987 4088 2107 1104 3614 2587 2727 1404 1573 3937 3364 1805 2976 14795 5614 9181 4588 4146 6031 5522 2382 1857 3451 3150
is_linear=0
shrinkage=0.0454652


Tree=3
num_leaves=79
num_cat=0
split_feature=29 22 21 28 29 12 7 29 29 7 7 18 4 7 21 12 0 28 8 21 20 27 7 20 21 28 7 28 28 27 21 17 21 4 7 0 21 21 21 22 4 12 27 0 0 28 27 8 27 29 18 7 27 21 0 27 18 10 29 6 0 6 29 21 29 22 18 7 27 0 7 28 12 27 18 22 27 27
split_gain=34.6865 32.1068 22.3036 32.5864 33.6402 23.4924 23.3212 22.3264 20.8099 30.1112 21.6959 29.1686 20.6583 20.0364 14.4709 18.0927 13.4379 13.0657 12.1416 11.6188 11.5598 25.7877 27.4885 26.3408 21.589 19.9294 16.9872 20.4161 15.176 17.5673 14.4089 12.2293 12.2227 11.9485 11.3131 11.09 15.1532 14.9529 11.0271 14.6142 10.6533 10.6397 14.6928 22.6838 11.9507 15.1076 24.8426 10.4345 10.4308 10.0617 9.81551 10.1618 16.6298 13.9716 11.3471 9.8115 9.77971 9.60668 9.51225 11.7282 9.31077 9.1859 31.4052 9.07726 9.03201 8.95906 8.88338 15.852 12.3471 12.0361 10.1692 8.87899 8.86457 9.55191 12.2439 8.64879 8.41119 8.3663
threshold=-0.60785761475563038 -0.93631243705749501 7.6006062030792245 -0.86046862602233876 -1.0000000180025095e-35 0.073518037796020522 21.769906997680668 1.0000000180025095e-35 0.87837970256805431 16.987871170043949 -3.4299499988555904 55.500000000000007 0.95070061087608349 8.4061756134033221 2.2249109745025639 0.024530977010726932 0.641351878643036 0.75894212722778331 0.050415059551596648 -1.9839959740638731 0.77850255370140087 0.65106672048568737 3.4091086387634282 2.7410093545913701 0.34531545639038091 0.56457334756851207 -3.3063726425170894 -0.65106672048568714 -0.18436925113201139 -0.22706275433301923 -2.2764680385589595 71.500000000000014 -0.75325605273246754 -0.94950070977210987 10.723379611968996 0.71025007963180553 10.990604877471926 9.518409729003908 5.5619714260101327 -0.14620040357112882 1.1907735466957095 -0.025080769322812554 0.11969653144478799 0.9359094798564912 0.65998062491416942 0.20576497167348864 0.82531082630157482 0.98106044530868541 0.33172981441020971 -1.0000000180025095e-35 72.500000000000014 -2.1387742757797237 -0.2693240344524383 3.0537486076354985 0.92919963598251354 -0.52803644537925709 60.500000000000007 0.11120345816016199 1.0000000180025095e-35 10.545774936676027 0.9004182517528535 -11.735851764678953 0.6078576147556306 -1.2816796302795408 1.0000000180025095e-35 0.15428110957145694 78.500000000000014 0.50107499957084667 0.61734244227409374 0.765629142522812 11.236783027648928 -0.56457334756851185 -0.07003482803702353 -0.87137606739997853 29.500000000000004 -1.107059061527252 -0.87137606739997853 -0.37256073951721186
decision_type=2 2 2 2 2 2 2 2 2 2 2 2 2 2 2 2 2 2 2 2 2 2 2 2 2 2 2 2 2 2 2 2 2 2 2 2 2 2 2 2 2 2 2 2 2 2 2 2 2 2 2 2 2 2 2 2 2 2 2 2 2 2 2 2 2 2 2 2 2 2 2 2 2 2 2 2 2 2
left_child=19 8 5 6 18 20 7 65 9 10 11 -2 34 56 15 75 -13 50 -5 -1 24 22 26 30 25 41 27 57 38 -30 -23 -29 -28 77 -6 -14 37 -37 -24 -40 -33 44 43 -43 -3 49 64 -25 -44 55 -7 -52 54 -54 -53 76 -10 63 -38 -60 -48 62 -51 -22 -47 -4 67 -26 70 -70 -68 -32 -69 74 -74 -12 -46 -27
right_child=1 2 3 4 12 17 -8 -9 13 -11 14 16 35 -15 -16 -17 -18 -19 -20 -21 21 23 28 47 66 33 32 31 29 -31 71 40 -34 -35 -36 36 58 -39 39 -41 -42 42 48 -45 45 46 60 -49 -50 61 51 52 53 -55 -56 -57 -58 -59 59 -61 -62 -63 -64 -65 -66 -67 68 72 69 -71 -72 -73 73 -75 -76 -77 -78 -79
leaf_value=-0.038958822308059179 -0.0063547943252867112 -0.020636275667335287 0.026584400448695381 -0.014975520936750929 -0.0034046514803651039 -0.016791904636008336 -0.030326044860506267 -0.014909693605982433 0.047155544707438865 0.029428849285226596 -0.032571040559599723 0.036033009108567202 -0.013182285152518668 -0.00086070150684846669 0.0033137242316388809 0.0090703786459174936 0.0042820854612789921 -0.026247246411537844 0.0036182287809666284 -0.010937832978570089 0.019858535538695009 0.033918393781211587 0.0052238962204450394 -0.010745909039950416 -0.017991733597653804 0.016980696581374428 0.0054623425113789386 -0.017111046169793614 0.023090369712944071 0.0018633103377017663 -0.0014014033344027011 0.019985179167263823 -0.015923590240011019 0.011509663819519459 0.019294139647780151 0.0052321773488169729 0.011519964736881829 0.028093078775970576 -0.029312764979643514 0.00021227233168023412 -0.010819592240462687 -0.018322755771902066 0.025778919838435881 0.0036663173504559647 -0.011263627262598141 0.03075383705061176 0.0033037807817000221 0.0067779514931010426 0.0052702026690708307 0.028491666199495065 -0.015304926543092297 0.029302627251697591 0.013348225378437641 -0.014241325145628652 0.0021698787156238558 -0.018559084701424547 0.017112032057522712 0.028244416536965414 -0.018961882787864755 0.0024455488367493513 -0.022458164272832485 -0.0042069001076664222 -0.0082983627565172725 -0.002798188517307721 0.0080544558725607496 0 -0.022791700715488521 -0.0182234551966402 -0.020317074001135336 0.0076044485257397952 -0.0033910453470262537 0.014594769820490266 -0.0072771703263276319 -0.0024605115936215151 0.020702642066735156 -0.008582996150583052 0.010436522723222265 -0.0025453615383445945
leaf_weight=48.735041180625558 90.490484913811088 77.540759207680821 50.191103544086218 156.93998664617538 44.80709415115416 148.48839906975627 75.234519675374031 115.872957425192 56.224348748102784 90.249871438369155 71.318975744768977 90.596672367304564 57.377807300537825 46.197394894436002 232.12073590233922 49.939604112878442 45.838842295110226 80.727612564340234 123.65425240434706 102.90217263624072 48.909042112529278 70.773027451708913 223.87991799041629 143.99802879244089 138.89263198338449 48.959853213280439 58.837876217439771 147.06755180284381 161.10164596140385 169.54244035296142 81.880861265584826 41.013760766014457 375.5186783503741 439.61062884144485 488.9841819498688 148.78857403993607 103.22101520933211 105.07871089503169 50.636604094877839 85.632860373705626 42.23295346274972 138.81898202560842 58.180803572759032 291.94502132758498 85.823133902624249 66.280265539884567 50.972254700958729 127.0221552643925 391.47377875261009 75.986796732991934 104.67101892828941 48.661206066608429 44.529029536992311 155.63117963261902 93.608468431979418 180.44433652423322 58.561828223988414 44.383917015045881 76.001979695633054 144.6829356495291 53.510327348485589 1059.5930466577411 113.40798697248101 106.89001115970314 100.10161378607154 52.876577414572239 201.89545913040638 57.125575195997953 41.552058208733797 101.11011941544712 87.514809932559729 357.52005274966359 44.701985979452729 671.21397493220866 85.541128247976303 71.562789497897029 57.323299521580338 306.06935740634799
leaf_count=610 1124 1128 485 1955 553 1817 803 1386 697 887 901 1152 667 473 2661 727 452 921 1613 1228 561 889 2908 1758 1650 514 716 1764 1791 1928 955 570 4589 5459 5699 1661 880 1126 569 1008 528 1596 630 3889 1137 861 658 1512 5319 967 1068 560 518 2028 1173 2013 678 589 792 1759 490 13454 1362 1330 1235 598 2505 745 704 1145 1049 4497 541 8240 1041 862 682 3459
internal_value=0 0.000567109 -0.00018672 0.00446245 0.00728126 -0.00120301 -0.00917305 -0.00126317 0.00875048 0.00538307 0.00181707 0.0130922 0.0106847 0.023461 -0.00415767 -0.0132817 0.0261473 -0.00928962 -0.00667581 -0.0210426 -0.000448804 0.00218167 -0.00117814 0.00890574 -0.00168242 0.000184952 -0.00659142 -6.11856e-05 0.00552783 0.0125072 0.0149655 -0.00932687 -0.0128915 0.00653301 0.0172867 0.00498494 0.00695282 0.0151787 -0.000814248 -0.0109453 0.00402358 -0.00160523 0.00249355 -0.00341332 -0.00351041 -0.0027196 0.00705717 -0.0023768 0.00823954 -0.00444844 -0.00674665 -0.00318053 0.000521523 -0.00772051 0.0123424 -0.0115861 0.0333531 0.0103337 0.000248115 -0.0049206 -0.00978939 -0.00252851 0.00649992 0.00433488 0.0179035 0.0136071 -0.00640099 -0.00394042 -0.0118795 -0.000534821 -0.0172202 0.0115185 -0.00153636 -0.000200004 0.010807 -0.021461 -0.00219397 0.000174059
internal_weight=0 10685.6 9782.46 1743.71 1449.54 8038.75 294.175 218.941 903.102 742.118 651.868 226.926 1168.94 160.984 424.942 192.821 136.436 676.317 280.594 151.637 7362.43 2336.84 1555.65 781.194 5025.59 3596.04 864.854 430.497 690.793 330.644 510.174 230.314 434.357 794.64 533.791 635.151 577.773 253.867 360.149 136.269 83.2467 2801.4 880.419 430.764 1920.98 1843.44 270.864 271.02 449.655 1572.58 595.589 447.101 342.43 200.16 142.27 323.591 114.786 200.183 323.906 220.685 104.483 1248.99 189.395 155.799 166.382 103.068 1429.55 997.475 432.072 142.662 289.41 439.401 858.583 801.457 130.243 142.882 143.146 355.029
internal_count=131449 129611 118997 19977 16705 99020 3272 2469 10614 8766 7879 2728 13137 1848 5151 2490 1604 8085 3568 1838 90935 28462 18851 9611 62473 44853 10647 5342 8204 3719 6341 2862 5305 9432 6252 6885 6218 2787 4485 1577 1098 35421 11434 5485 23987 22859 3244 3270 5949 19615 7164 5347 4279 2546 1733 3832 1375 2480 3431 2551 1148 15783 2329 1891 2096 1083 17620 12217 5403 1849 3554 5452 10567 9822 1582 1763 1819 3973
is_linear=0
shrinkage=0.0454652


end of trees

feature_importances:
Column_18=29
Column_29=24
Column_7=22
Column_16=18
Column_20=18
Column_3=17
Column_21=17
Column_28=17
Column_2=14
Column_12=11
Column_17=11
Column_22=11
Column_27=11
Column_11=10
Column_13=10
Column_0=9
Column_4=9
Column_6=8
Column_8=7
Column_10=7
Column_14=7
Column_5=6
Column_15=6
Column_9=5
Column_23=3
Column_33=3
Column_1=2

parameters:
[boosting: gbdt]
[objective: binary]
[metric: auc]
[tree_learner: serial]
[device_type: cpu]
[data_sample_strategy: bagging]
[data: ]
[valid: ]
[num_iterations: 600]
[learning_rate: 0.0454652]
[num_leaves: 79]
[num_threads: 2]
[seed: 1337]
[deterministic: 0]
[force_col_wise: 0]
[force_row_wise: 0]
[histogram_pool_size: -1]
[max_depth: -1]
[min_data_in_leaf: 525]
[min_sum_hessian_in_leaf: 0.001]
[bagging_fraction: 0.774687]
[pos_bagging_fraction: 1]
[neg_bagging_fraction: 1]
[bagging_freq: 1]
[bagging_seed: 1337]
[feature_fraction: 0.515409]
[feature_fraction_bynode: 1]
[feature_fraction_seed: 1337]
[extra_trees: 0]
[extra_seed: 18955]
[early_stopping_round: 0]
[early_stopping_min_delta: 0]
[first_metric_only: 0]
[max_delta_step: 0]
[lambda_l1: 1.07292]
[lambda_l2: 4.08529]
[linear_lambda: 0]
[min_gain_to_split: 0]
[drop_rate: 0.1]
[max_drop: 50]
[skip_drop: 0.5]
[xgboost_dart_mode: 0]
[uniform_drop: 0]
[drop_seed: 17763]
[top_rate: 0.2]
[other_rate: 0.1]
[min_data_per_group: 100]
[max_cat_threshold: 32]
[cat_l2: 10]
[cat_smooth: 10]
[max_cat_to_onehot: 4]
[top_k: 20]
[monotone_constraints: ]
[monotone_constraints_method: basic]
[monotone_penalty: 0]
[feature_contri: ]
[forcedsplits_filename: ]
[refit_decay_rate: 0.9]
[cegb_tradeoff: 1]
[cegb_penalty_split: 0]
[cegb_penalty_feature_lazy: ]
[cegb_penalty_feature_coupled: ]
[path_smooth: 0]
[interaction_constraints: ]
[verbosity: -1]
[saved_feature_importance_type: 0]
[use_quantized_grad: 0]
[num_grad_quant_bins: 4]
[quant_train_renew_leaf: 0]
[stochastic_rounding: 1]
[linear_tree: 0]
[max_bin: 255]
[max_bin_by_feature: ]
[min_data_in_bin: 3]
[bin_construct_sample_cnt: 200000]
[data_random_seed: 4404]
[is_enable_sparse: 1]
[enable_bundle: 1]
[use_missing: 1]
[zero_as_missing: 0]
[feature_pre_filter: 1]
[pre_partition: 0]
[two_round: 0]
[header: 0]
[label_column: ]
[weight_column: ]
[group_column: ]
[ignore_column: ]
[categorical_feature: ]
[forcedbins_filename: ]
[precise_float_parser: 0]
[parser_config_file: ]
[objective_seed: 4113]
[num_class: 1]
[is_unbalance: 0]
[scale_pos_weight: 1]
[sigmoid: 1]
[boost_from_average: 1]
[reg_sqrt: 0]
[alpha: 0.9]
[fair_c: 1]
[poisson_max_delta_step: 0.7]
[tweedie_variance_power: 1.5]
[lambdarank_truncation_level: 30]
[lambdarank_norm: 1]
[label_gain: ]
[lambdarank_position_bias_regularization: 0]
[eval_at: ]
[multi_error_top_k: 1]
[auc_mu_weights: ]
[num_machines: 1]
[local_listen_port: 12400]
[time_out: 120]
[machine_list_filename: ]
[machines: ]
[gpu_platform_id: -1]
[gpu_device_id: -1]
[gpu_use_dp: 0]
[num_gpu: 1]

end of parameters

pandas_categorical:null
