tree
version=v4
num_class=1
num_tree_per_iteration=1
label_index=0
max_feature_idx=33
objective=binary sigmoid:1
feature_names=Column_0 Column_1 Column_2 Column_3 Column_4 Column_5 Column_6 Column_7 Column_8 Column_9 Column_10 Column_11 Column_12 Column_13 Column_14 Column_15 Column_16 Column_17 Column_18 Column_19 Column_20 Column_21 Column_22 Column_23 Column_24 Column_25 Column_26 Column_27 Column_28 Column_29 Column_30 Column_31 Column_32 Column_33
feature_infos=[0.22403052449226379:4.806818962097168] [0.027025075629353523:24.251049041748047] [0.17134076356887817:8.6935958862304688] [0.087584272027015686:1] [-28.67047119140625:41.262332916259766] [-36.190670013427734:42.326030731201172] [-36.841156005859375:62.500308990478516] [-41.300331115722656:63.120437622070312] [-22.455821990966797:30.680826187133789] [0:0.95389312505722046] [0:0.64536702632904053] [0:0.40022626519203186] [-0.51016271114349365:0.51874518394470215] [-0.15357083082199097:0.22172828018665314] [-45.028751373291016:17.161741256713867] [-6.6708002090454102:64.2962646484375] [0:1] [0:95] [0:95] [-1:1] [-29.775985717773438:44.984848022460938] [-30.525325775146484:55.0223388671875] [-2.8409864902496338:15.253066062927246] [0.049656935036182404:5.4310722351074219] [-1:1] [0:1] [0:0.99820786714553833] [-1:1] [-1:1] [-0.78183150291442871:0.97492790222167969] [-0.90096884965896606:1] [0:1] [0:1] [0.8888888955116272:4.5999999046325684]
tree_sizes=1725 1806 1820 1774

Tree=0
num_leaves=15
num_cat=0
split_feature=27 28 30 15 11 28 20 23 11 22 11 4 28 11
split_gain=74.5946 59.4323 50.4104 40.8291 34.9578 31.4599 29.3646 27.606 23.4622 23.2419 21.4176 18.4847 29.9743 25.805
threshold=-0.47136868536472315 0.4904943853616715 1.0000000180025095e-35 3.977440714836121 0.028009276837110523 0.52803644537925731 -4.2106142044067374 0.51649579405784618 0.010392338503152134 0.13284111022949222 0.080895759165287032 -0.4720271229743957 0.78661888837814342 0.1318929344415665
decision_type=2 2 2 2 2 2 2 2 2 2 2 2 2 2
left_child=1 2 8 5 -4 6 -2 10 -1 -6 -5 -9 -13 -14
right_child=3 -3 4 7 9 -7 -8 11 -10 -11 -12 12 13 -15
leaf_value=-1.0499510217512287 -1.0531048800584126 -1.0580455164754194 -1.0531631565674255 -1.0543497815291785 -1.0585435709644635 -1.0540104044666205 -1.0487028899114068 -1.0543358955861377 -1.0539371667372697 -1.0549913824735719 -1.0583461779001211 -1.0535943725493562 -1.0504814719686908 -1.0551259899346825
leaf_weight=162.47935727983713 286.64321680366993 629.46751619316638 266.29801239445806 458.17133029364049 534.29220768809319 342.24576042406261 421.55513480305672 1851.3092556875199 1543.6872295737267 348.07709422148764 206.58805401995778 2966.012600004673 635.81512659043074 131.98277844116092
leaf_count=2057 3544 8367 3572 6509 6589 4895 6067 23276 20192 4775 2964 38365 8008 1542
internal_value=-1.05399 -1.05524 -1.0546 -1.05345 -1.05624 -1.05161 -1.0504 -1.05376 -1.05352 -1.05721 -1.05569 -1.05353 -1.05311 -1.05134
internal_weight=0 3484.3 2854.83 7300.32 1148.67 1050.44 708.198 6249.88 1706.17 882.369 664.759 5585.12 3733.81 767.798
internal_count=140722 45552 37185 95170 14936 14506 9611 80664 22249 11364 9473 71191 47915 9550
is_linear=0
shrinkage=1


Tree=1
num_leaves=15
num_cat=0
split_feature=27 23 2 15 11 13 13 23 4 27 15 7 30 30
split_gain=74.0967 48.747 62.3953 44.1168 32.2172 28.1921 28.3911 24.8423 22.9237 26.9661 23.2009 64.0457 22.5738 21.005
threshold=-0.47136868536472315 0.84028685092926036 0.65227240324020397 3.6837569475173955 0.015065832063555719 -0.069608885794877992 -0.03613732568919658 0.446477621793747 -0.4720271229743957 0.6835516393184663 9.2200765609741229 3.8022937774658208 0.81174489855766307 1.0000000180025095e-35
decision_type=2 2 2 2 2 2 2 2 2 2 2 2 2 2
left_child=1 2 -1 5 -4 -2 -7 -5 -9 10 -10 -12 -13 -3
right_child=3 13 4 7 -6 6 -8 8 9 -11 11 12 -14 -15
leaf_value=0.0036099511712595891 0.0069478439259560744 0.00035350786104848384 0.00080045779171386729 -0.0021254875213391573 -0.0045313740517620741 -0.00089222568987412502 0.0030574248276292442 -0.00041626081088382314 0.00013740266689313553 -3.7020325197062971e-05 0.0059007507907490025 0.00182289171012573 -0.0016000965364748173 -0.0015847499480866631
leaf_weight=118.66408908367157 132.16625878214836 1494.1465007569641 117.07747844979167 393.72099224850535 845.14319193735719 248.15073075890541 578.16828416287899 1970.3393886946142 773.70917527377605 1700.765311665833 383.11528813652694 895.47051561065018 233.13177490793169 894.58967883139849
leaf_count=1185 2231 19927 1629 5742 10766 3343 7572 24922 10246 21958 4969 11556 2734 11936
internal_value=0 -0.00118669 -0.00296504 0.000605223 -0.00383968 0.002623 0.00182544 0.000291514 0.000460581 0.000904104 0.00161992 0.00234753 0.00107417 -0.000358212
internal_weight=0 3469.62 1080.88 7308.74 962.221 958.485 826.319 6350.25 5956.53 3986.19 2285.43 1511.72 1128.6 2388.74
internal_count=140716 45443 13580 95273 12395 13146 10915 82127 76385 51463 29505 19259 14290 31863
is_linear=0
shrinkage=0.0101079


Tree=2
num_leaves=15
num_cat=0
split_feature=29 13 22 29 13 31 2 2 13 15 7 15 13 13
split_gain=68.1362 56.0135 42.266 38.4671 33.5808 37.9252 26.3132 24.4575 24.3848 26.6942 22.8844 34.441 23.7524 31.3567
threshold=-1.0000000180025095e-35 0.059870421886444099 -0.57141605019569386 1.0000000180025095e-35 0.026621066033840183 1.0000000180025095e-35 2.5218732357025151 1.0588042736053469 -0.0084564760327339155 8.8665409088134783 2.9006905555725102 12.031005382537844 -0.02404907904565334 -0.061325067654252045
decision_type=2 2 2 2 2 2 2 2 2 2 2 2 2 2
left_child=7 2 3 -2 5 8 10 -1 9 -5 11 12 13 -4
right_child=1 -3 6 4 -6 -7 -8 -9 -10 -11 -12 -13 -14 -15
leaf_value=0.00055255534549594125 0.00092788439806476899 -0.0024685624036678727 0.0025045127679635157 -0.0033397305338145251 0.00038107243255682579 0.0013579266873439246 -0.002267475493672125 0.0027896485047635665 -0.0054741735521132307 0.0016225047051330636 -0.00023179548590011054 0.0046827900120718731 0.0015776129482353355 -0.0013061278874689211
leaf_weight=1141.645152842626 556.34099146723747 1165.6610241420567 286.12014788761735 433.51938067562878 385.72701438888907 161.87262568436563 344.17637508548796 972.47881154343486 456.11569336988032 130.41879914700985 2047.0553315673023 253.28198329545557 1607.6605479493737 851.427081823349
leaf_count=14672 7457 13245 4379 6134 4718 1853 4653 13044 5952 1594 27257 3320 21272 11278
internal_value=0 -0.000413279 -8.68608e-05 -0.00129624 -0.00211194 -0.00295681 0.000383391 0.00160702 -0.00368593 -0.00211495 0.000575383 0.0011391 0.000785361 -0.000301993
internal_weight=0 8679.38 7513.72 2123.99 1567.65 1181.93 5389.72 2114.12 1020.05 563.938 5045.55 2998.49 2745.21 1137.55
internal_count=140828 113112 99867 27708 20251 15533 72159 27716 13680 7728 67506 40249 36929 15657
is_linear=0
shrinkage=0.0101079


Tree=3
num_leaves=15
num_cat=0
split_feature=27 29 23 11 21 29 23 10 21 17 27 11 23 17
split_gain=77.0056 49.1025 66.9673 64.0678 42.8143 31.1367 30.962 30.9173 29.3472 39.978 27.1978 24.5905 22.2484 16.5489
threshold=-0.47136868536472315 -1.0000000180025095e-35 0.84948351979255687 0.017601949162781242 -8.1476755142211896 -0.60785761475563038 0.52257263660430919 0.17928936332464221 7.3747305870056161 65.500000000000014 -0.87137606739997853 0.080895759165287032 1.1242372989654543 53.500000000000007
decision_type=2 2 2 2 2 2 2 2 2 2 2 2 2 2
left_child=1 10 3 -3 7 -6 11 -2 9 -4 12 -7 -1 -8
right_child=4 2 8 -5 5 6 13 -9 -10 -11 -12 -13 -14 -15
leaf_value=0.0052005069623660043 0.0062545542642660689 0.0021193618984052028 0.0013087511973544094 -0.0051812075548412669 0.0050820334722004893 -0.00034531500508041873 0.00012937308811297149 0.00091708208782126605 -0.0030211022874137897 -0.0021047531922157832 -0.00087018713861723262 -0.004531034531166646 0 0.0012490688642024185
leaf_weight=206.31063376553357 222.42034012451768 132.76193535141647 902.56089427508414 773.3670192938298 135.95534024015069 500.92707668244839 3817.9368243161589 260.72677271254361 418.00028369762003 562.45794687233865 313.26808095723391 209.39932405389845 152.67271757312119 2163.7532166205347
leaf_count=2590 3295 1704 12396 9566 1739 7185 48695 3245 5433 7408 4188 3012 2115 28065
internal_value=0 -0.00120723 -0.00180334 -0.00405847 0.00062085 0.000406381 0.000299664 0.0035158 -0.000684718 0 0.00119893 -0.0016707 0.00309554 0.000542237
internal_weight=0 3461.4 2789.15 906.129 7311.12 6827.97 6692.02 483.147 1883.02 1465.02 672.251 710.326 358.983 5981.69
internal_count=140636 45400 36507 11270 95236 88696 86957 6540 25237 19804 8893 10197 4705 76760
is_linear=0
shrinkage=0.0101079


end of trees

feature_importances:
Column_11=7
Column_13=7
Column_23=6
Column_15=5
Column_27=5
Column_29=4
Column_2=3
Column_28=3
Column_30=3
Column_4=2
Column_7=2
Column_17=2
Column_21=2
Column_22=2
Column_10=1
Column_20=1
Column_31=1

parameters:
[boosting: gbdt]
[objective: binary]
[metric: auc]
[tree_learner: serial]
[device_type: cpu]
[data_sample_strategy: bagging]
[data: ]
[valid: ]
[num_iterations: 600]
[learning_rate: 0.0101079]
[num_leaves: 15]
[num_threads: 2]
[seed: 42]
[deterministic: 0]
[force_col_wise: 0]
[force_row_wise: 0]
[histogram_pool_size: -1]
[max_depth: -1]
[min_data_in_leaf: 1280]
[min_sum_hessian_in_leaf: 0.001]
[bagging_fraction: 0.829452]
[pos_bagging_fraction: 1]
[neg_bagging_fraction: 1]
[bagging_freq: 1]
[bagging_seed: 42]
[feature_fraction: 0.727545]
[feature_fraction_bynode: 1]
[feature_fraction_seed: 42]
[extra_trees: 0]
[extra_seed: 12879]
[early_stopping_round: 0]
[early_stopping_min_delta: 0]
[first_metric_only: 0]
[max_delta_step: 0]
[lambda_l1: 4.00664]
[lambda_l2: 7.63247]
[linear_lambda: 0]
[min_gain_to_split: 0]
[drop_rate: 0.1]
[max_drop: 50]
[skip_drop: 0.5]
[xgboost_dart_mode: 0]
[uniform_drop: 0]
[drop_seed: 17869]
[top_rate: 0.2]
[other_rate: 0.1]
[min_data_per_group: 100]
[max_cat_threshold: 32]
[cat_l2: 10]
[cat_smooth: 10]
[max_cat_to_onehot: 4]
[top_k: 20]
[monotone_constraints: ]
[monotone_constraints_method: basic]
[monotone_penalty: 0]
[feature_contri: ]
[forcedsplits_filename: ]
[refit_decay_rate: 0.9]
[cegb_tradeoff: 1]
[cegb_penalty_split: 0]
[cegb_penalty_feature_lazy: ]
[cegb_penalty_feature_coupled: ]
[path_smooth: 0]
[interaction_constraints: ]
[verbosity: -1]
[saved_feature_importance_type: 0]
[use_quantized_grad: 0]
[num_grad_quant_bins: 4]
[quant_train_renew_leaf: 0]
[stochastic_rounding: 1]
[linear_tree: 0]
[max_bin: 255]
[max_bin_by_feature: ]
[min_data_in_bin: 3]
[bin_construct_sample_cnt: 200000]
[data_random_seed: 175]
[is_enable_sparse: 1]
[enable_bundle: 1]
[use_missing: 1]
[zero_as_missing: 0]
[feature_pre_filter: 1]
[pre_partition: 0]
[two_round: 0]
[header: 0]
[label_column: ]
[weight_column: ]
[group_column: ]
[ignore_column: ]
[categorical_feature: ]
[forcedbins_filename: ]
[precise_float_parser: 0]
[parser_config_file: ]
[objective_seed: 16083]
[num_class: 1]
[is_unbalance: 0]
[scale_pos_weight: 1]
[sigmoid: 1]
[boost_from_average: 1]
[reg_sqrt: 0]
[alpha: 0.9]
[fair_c: 1]
[poisson_max_delta_step: 0.7]
[tweedie_variance_power: 1.5]
[lambdarank_truncation_level: 30]
[lambdarank_norm: 1]
[label_gain: ]
[lambdarank_position_bias_regularization: 0]
[eval_at: ]
[multi_error_top_k: 1]
[auc_mu_weights: ]
[num_machines: 1]
[local_listen_port: 12400]
[time_out: 120]
[machine_list_filename: ]
[machines: ]
[gpu_platform_id: -1]
[gpu_device_id: -1]
[gpu_use_dp: 0]
[num_gpu: 1]

end of parameters

pandas_categorical:null
