tree
version=v4
num_class=1
num_tree_per_iteration=1
label_index=0
max_feature_idx=33
objective=binary sigmoid:1
feature_names=Column_0 Column_1 Column_2 Column_3 Column_4 Column_5 Column_6 Column_7 Column_8 Column_9 Column_10 Column_11 Column_12 Column_13 Column_14 Column_15 Column_16 Column_17 Column_18 Column_19 Column_20 Column_21 Column_22 Column_23 Column_24 Column_25 Column_26 Column_27 Column_28 Column_29 Column_30 Column_31 Column_32 Column_33
feature_infos=[0.22403052449226379:4.806818962097168] [0.027025075629353523:24.251049041748047] [0.17134076356887817:8.6935958862304688] [0.087584272027015686:1] [-28.67047119140625:41.262332916259766] [-36.190670013427734:42.326030731201172] [-36.841156005859375:62.500308990478516] [-41.300331115722656:63.120437622070312] [-22.455821990966797:30.680826187133789] [0:0.95389312505722046] [0:0.64536702632904053] [0:0.40022626519203186] [-0.51016271114349365:0.51874518394470215] [-0.15357083082199097:0.22172828018665314] [-45.028751373291016:17.161741256713867] [-6.6708002090454102:64.2962646484375] [0:1] [0:95] [0:95] [-1:1] [-29.775985717773438:44.984848022460938] [-30.525325775146484:55.0223388671875] [-2.8409864902496338:15.253066062927246] [0.049656935036182404:5.4310722351074219] [-1:1] [0:1] [0:0.99820786714553833] [-1:1] [-1:1] [-0.78183150291442871:0.97492790222167969] [-0.90096884965896606:1] [0:1] [0:1] [0.8888888955116272:4.5999999046325684]
tree_sizes=1728 1760 1770 1817 1795 1804 1817 1764 1772

Tree=0
num_leaves=15
num_cat=0
split_feature=29 21 0 4 2 2 3 0 7 14 6 3 11 13
split_gain=62.7321 57.2291 35.7297 28.044 27.7428 27.3633 27.0687 26.2025 24.4515 38.5811 25.2628 24.1217 21.9714 21.9558
threshold=-1.0000000180025095e-35 7.3747305870056161 0.59843167662620556 0.84954416751861583 2.5218732357025151 1.0647287368774416 0.70585533976554882 0.86322262883186351 3.0218884944915776 -7.1356496810913077 -1.7468801140785215 0.86962667107582103 0.052190706133842475 -0.0021907107438892122
decision_type=2 2 2 2 2 2 2 2 2 2 2 2 2 2
left_child=5 2 -2 -3 8 -1 7 -7 9 10 -4 13 -10 -11
right_child=1 3 4 -5 -6 6 -8 -9 12 11 -12 -13 -14 -15
leaf_value=-1.0535190809339765 -1.0560434230502311 -1.0575150728949887 -1.0528721324885595 -1.0547507939300951 -1.0567132047594858 -1.0461957268897992 -1.0531520626788169 -1.0513950121935536 -1.0555285401864314 -1.0488443751472105 -1.0548035975129999 -1.0552517518958784 -1.0535432615158979 -1.0523828963146282
leaf_weight=1151.6572177112103 747.47304647415876 747.07487950287759 1681.2941015399992 849.10547112300992 289.97794169187546 163.95631229318678 439.42943236045539 362.04275275953114 974.85073336958885 379.90695578418672 1144.7326133288443 117.87520547583699 1303.9387760944664 437.03186328709126
leaf_count=14813 11882 8998 22228 9910 3903 2182 6271 4501 12588 4440 15210 1746 16497 5528
internal_value=-1.05399 -1.05436 -1.05397 -1.05608 -1.05372 -1.05242 -1.05116 -1.04961 -1.05356 -1.05306 -1.05367 -1.05128 -1.05438 -1.05066
internal_weight=0 8673.26 7077.08 1596.18 6329.61 2117.09 965.428 525.999 6039.63 3760.84 2826.03 934.814 2278.79 816.939
internal_count=140697 112930 94022 18908 82140 27767 12954 6683 78237 49152 37438 11714 29085 9968
is_linear=0
shrinkage=1


Tree=1
num_leaves=15
num_cat=0
split_feature=27 28 15 11 29 29 27 28 29 0 29 0 10 11
split_gain=73.7532 68.0694 51.0803 45.0513 37.7894 37.4751 34.627 34.5002 34.0912 33.3592 32.5066 23.5782 22.1557 21.4702
threshold=-0.47136868536472315 0.41268247365951544 3.977440714836121 0.017601949162781242 -1.0000000180025095e-35 0.87837970256805431 -0.81279832124710072 0.77296444773674022 0.87837970256805431 0.97530373930931102 -0.60785761475563038 0.59415662288665783 0.17928936332464221 0.097710378468036665
decision_type=2 2 2 2 2 2 2 2 2 2 2 2 2 2
left_child=1 3 5 -1 9 7 8 12 -6 -5 -4 -12 13 -2
right_child=2 -3 10 4 6 -7 -8 -9 -10 -11 11 -13 -14 -15
leaf_value=0.00256231117513365 0.0044865070224684141 -0.0038437870059863759 0.0052132345129111048 0.0060840423069122894 -0.0035265157046446985 -0.0011124601864092309 0.00037578980478227925 0 0.00020944146425606958 0 -0.0017849899788760456 0.00031051200129180644 0.0019606482570146055 0.010750962887307869
leaf_weight=416.28130228817463 308.91596422716975 779.36943265981972 122.58221057802439 113.94547623768449 960.00705075263977 202.58158418163657 551.92030422762036 209.57154834829271 308.28369305282831 336.28927369043231 599.26733272522688 5511.5093996915966 245.57712755538523 91.81882175989449
leaf_count=5394 4163 10348 1549 1303 12379 2957 7208 2971 4089 4618 10085 68925 3019 1467
internal_value=0 -0.00122238 0.000566818 -0.000438197 -0.00101285 0.00261484 -0.00167135 0.003546 -0.00259085 0.00154434 0.000209789 9.64223e-05 0.00468977 0.00619514
internal_weight=0 3466.1 7291.82 2686.73 2270.45 1058.47 1820.21 855.883 1268.29 450.235 6233.36 6110.78 646.312 400.735
internal_count=140475 45339 95136 34991 29597 14577 23676 11620 16468 5921 80559 79010 8649 5630
is_linear=0
shrinkage=0.0101079


Tree=2
num_leaves=15
num_cat=0
split_feature=27 28 11 15 13 13 3 23 22 28 28 13 16 14
split_gain=78.5159 57.4603 45.3729 42.7124 32.0955 31.9948 29.9648 27.582 27.0086 21.6791 20.4621 30.3555 23.2115 20.1911
threshold=-0.47136868536472315 0.50938662886619579 0.015459523070603611 3.977440714836121 -0.069608885794877992 -0.034819992259144776 0.72656160593032848 0.50378775596618663 0.035987803712487228 0.22706275433301928 0.77296444773674022 0.020100369118154052 0.3260392844676972 -7.4013094902038565
decision_type=2 2 2 2 2 2 2 2 2 2 2 2 2 2
left_child=1 2 -1 4 -2 9 7 -5 -4 -6 13 12 -12 -9
right_child=3 -3 8 6 5 -7 -8 10 -10 -11 11 -13 -14 -15
leaf_value=0.0026076053790691088 0.0069629686227645248 -0.0040331368779418907 -0.0020713594571578568 -0.0021043379920314977 0.0012663365666881481 0.003039392576105662 0.0020607857479729786 -0.00098768031276285175 0 -0.0040957556667906968 0 -6.4538273299278131e-06 0.0047633172606470764 0.00051953189918718635
leaf_weight=382.27173918299377 143.3382507879287 595.49237397499382 1318.4120227005333 537.66116661019623 167.33982857875526 623.39357594586909 874.48015581257641 1441.3378350436687 1180.0911602694541 122.31067365966737 125.79987773299217 535.33344908989966 343.72700294107199 2415.0457032769918
leaf_count=4979 2441 7917 16425 7655 2218 8226 10423 19478 16172 1659 1702 6204 4542 30809
internal_value=0 -0.00118418 -0.000572142 0.000658017 0.00253662 0.00174578 0.000332532 4.25952e-05 -0.00108126 -0.000908707 0.000291294 0.00157111 0.00342598 -3.41516e-05
internal_weight=0 3476.27 2880.77 7329.77 1056.38 913.044 6273.39 5398.91 2498.5 289.651 4861.24 1004.86 469.527 3856.38
internal_count=140850 45493 37576 95357 14544 12103 80813 70390 32597 3877 62735 12448 6244 50287
is_linear=0
shrinkage=0.0101079


Tree=3
num_leaves=15
num_cat=0
split_feature=29 21 22 30 32 29 13 2 30 28 12 11 11 2
split_gain=68.0422 58.8492 48.5275 31.3866 29.6849 29.2004 28.9642 27.715 24.3982 36.5613 23.6292 22.1585 22.064 21.7063
threshold=-1.0000000180025095e-35 7.3747305870056161 -0.58264657855033863 1.0000000180025095e-35 1.0000000180025095e-35 -0.60785761475563038 0.027128183282911781 1.0707501173019411 1.0000000180025095e-35 -0.8253108263015746 -0.12157287448644637 0.035766368731856353 0.15753305703401568 1.0022873282432558
decision_type=2 2 2 2 2 2 2 2 2 2 2 2 2 2
left_child=5 2 3 6 13 -1 -2 -7 9 -3 -4 -6 -10 -5
right_child=1 8 10 4 11 7 -8 -9 12 -11 -12 -13 -14 -15
leaf_value=0.0058638350787001128 -0.0035398719357270002 0.0039907819133153154 -0.0019625681136696887 0.0023524269696355072 0.00053410886921722591 0.00015313871875401394 0.00040318634376210769 0.0026054952329568996 -0.0042103196005152683 -0.0017754239257272645 0.0007595384331649949 -0.0047132034958523219 -0.00048503429952663881 -0.001206737314226416
leaf_weight=154.7846610378474 746.84578629955649 130.27046382986009 335.41813737526536 473.93319270387292 115.94077155739069 1073.1180655751377 229.00555532798171 889.1899631768465 642.60865805111825 559.26175494678319 4729.7960507217795 192.05278300307691 253.9343602526933 252.39222042262554
leaf_count=1974 9757 1566 4312 6254 1613 13910 2762 11893 7158 7574 63420 2454 2579 3483
internal_value=0 -0.000353862 3.57283e-05 -0.00128404 -1.49629e-05 0.00166401 -0.00257742 0.00129073 -0.00210906 -0.000596184 0.000568616 -0.00264445 -0.00321297 0.00106078
internal_weight=0 8661.46 7075.38 2010.17 1034.32 2117.09 975.851 1962.31 1586.08 689.532 5065.21 307.994 896.543 726.325
internal_count=140709 112932 94055 26323 13804 27777 12519 25803 18877 9140 67732 4067 9737 9737
is_linear=0
shrinkage=0.0101079


Tree=4
num_leaves=15
num_cat=0
split_feature=27 29 23 11 21 29 23 14 0 11 21 17 13 13
split_gain=80.1614 56.2473 55.2322 66.1589 47.0372 35.0689 36.1854 29.2505 30.2081 26.7043 25.3617 35.8619 20.547 51.3629
threshold=-0.49049438536167139 -1.0000000180025095e-35 0.82246989011764537 0.015459523070603611 -8.1476755142211896 -0.60785761475563038 0.52257263660430919 -5.9775238037109366 1.0362479090690615 0.082233481109142317 7.3747305870056161 64.500000000000014 -0.00043683392868842924 -0.034819992259144776
decision_type=2 2 2 2 2 2 2 2 2 2 2 2 2 2
left_child=1 7 3 -3 -2 -6 9 -1 -9 -7 11 -4 13 -8
right_child=4 2 10 -5 5 6 12 8 -10 -11 -12 -13 -14 -15
leaf_value=-0.00060447747365231243 0.0035605737943002363 0.0029823541707605138 0.00091291185879497315 -0.0052940853683066738 0.0051713621176605988 -0.00054628279664072792 -0.0010298669046691939 0.0070033630216154398 0.00043006924730079756 -0.0049095522701364733 -0.0031500950252351077 -0.0022572138529171689 0 0.0021936020005587937
leaf_weight=357.39240024797618 492.78370294719934 102.80857741832733 894.80458999052644 708.30921590141952 143.0015481133014 516.51529148221016 700.15066614560783 135.00298438034952 174.11989896371961 207.5863751731813 427.88392504863441 596.53520500473678 3666.1076139137149 1656.5742867141962
leaf_count=5143 6661 1352 12231 8841 1803 7357 9230 1477 2178 2979 5511 7817 46809 21300
internal_value=0 -0.00131466 -0.00196229 -0.00417757 0.00055959 0.000335379 0.000221157 0.00127041 0.00352825 -0.00189066 -0.00099219 -0.000333156 0.000483839 0.00121859
internal_weight=0 3396.86 2730.34 811.118 7382.72 6889.94 6746.93 666.515 309.123 724.102 1919.22 1491.34 6022.83 2356.72
internal_count=140689 44550 35752 10193 96139 89478 87675 8798 3655 10336 25559 20048 77339 30530
is_linear=0
shrinkage=0.0101079


Tree=5
num_leaves=15
num_cat=0
split_feature=29 13 8 0 6 2 2 33 2 29 0 11 13 23
split_gain=59.1884 54.7916 34.7396 34.4472 33.5202 22.233 20.9577 20.2717 19.8032 21.3142 31.9968 31.5578 39.5704 28.8526
threshold=-1.0000000180025095e-35 0.06083286181092263 0.79802909493446361 0.59843167662620556 9.6618905067443865 1.0647287368774416 0.47009849548339849 0.9590476155281068 2.5773911476135258 1.0000000180025095e-35 0.93915474414825451 0.10224357992410661 -0.032922655344009392 1.1109248399734499
decision_type=2 2 2 2 2 2 2 10 2 2 2 2 2 2
left_child=5 3 -3 6 8 -1 -2 -7 9 10 -5 12 -11 -13
right_child=1 2 -4 4 -6 7 -8 -9 -10 11 -12 13 -14 -15
leaf_value=0.00050195842207399353 0.0018395211819531767 -0.0035525860398843969 0.00025434958483022495 0.00297810807258713 -0.0023861085299336734 -0.0007128564937362859 -0.0028324326089546937 0.0032314406316062403 -0.0022285417076260685 -0.0027548578977385748 -4.9949064315354677e-05 0.0040335340072885856 0.00021797463046520975 -0.00055019235101908882
leaf_weight=1149.8632107321173 99.384699264541268 812.1127943880856 320.54624411836267 756.78405999578536 479.3122679181397 136.16308342851698 634.93857089430094 832.93242643028498 275.2886581029743 514.71748267114162 619.51791949011385 368.84591334871948 3585.9495520554483 198.39482068270445
leaf_count=14796 1645 9333 3505 10339 6080 4415 10165 8557 3642 6350 8467 4894 45786 2615
internal_value=0 -0.000379336 -0.0024452 -6.11873e-05 0.000158788 0.00150228 -0.00213312 0.00263454 0.000360856 0.000488146 0.00159306 0.000151639 -0.000149744 0.00237389
internal_weight=0 8665.79 1132.66 7533.13 6798.81 2118.96 734.323 969.096 6319.5 6044.21 1376.3 4667.91 4100.67 567.241
internal_count=140589 112821 12838 99983 88173 27768 11810 12972 82093 78451 18806 59645 52136 7509
is_linear=0
shrinkage=0.0101079


Tree=6
num_leaves=15
num_cat=0
split_feature=29 21 22 4 30 11 15 32 28 12 2 33 7 15
split_gain=62.4473 57.3243 44.7325 31.3519 30.1229 35.3057 32.3269 28.4466 23.9095 23.6966 21.3604 20.8978 20.2638 32.8969
threshold=-1.0000000180025095e-35 7.3747305870056161 -0.57141605019569386 0.99326416850090038 1.0000000180025095e-35 0.016341726295650009 8.7966804504394549 1.0000000180025095e-35 0.58244305849075328 -0.11750302836298941 1.0647287368774416 0.9590476155281068 2.9006905555725102 11.698310375213625
decision_type=2 2 2 2 2 2 2 2 2 2 2 10 2 2
left_child=10 2 4 -3 6 -6 -2 8 -7 -4 -1 -12 13 -11
right_child=1 3 9 -5 5 7 -8 -9 -10 12 11 -13 -14 -15
leaf_value=0.00056762619743862329 -0.0043695324400622052 -0.0035522279561845918 -0.0019037940114462598 -0.00063367696367439062 0.0040125819701481861 0.0023452286690044542 -0.00064680544596537593 -0.0036532564275175462 -0.001556853136888286 0.00086719967377079006 -0.00071742091201231351 0.0032791832290528472 -9.7614052439501693e-05 0.004524058097227137
leaf_weight=1144.4937774091959 482.46595986746252 785.48517976328731 364.78600130043924 799.15654477663338 174.18574208766222 296.484958473593 528.22477137856185 258.24704675190151 325.62086710333824 2578.0153475757688 137.32582925632596 827.47500608488917 1794.5321123190224 281.12559772655368
leaf_count=14761 6720 9508 4679 9338 2398 3769 6213 3401 4533 34796 4440 8494 23931 3662
internal_value=0 -0.000382878 9.51505e-07 -0.00211589 -0.00124271 -6.46659e-06 -0.0024831 -0.000874933 0.000244387 0.000521918 0.00155341 0.00266751 0.000723556 0.00125198
internal_weight=0 8668.33 7083.69 1584.64 2065.23 1054.54 1010.69 880.353 622.106 5018.46 2109.29 964.801 4653.67 2859.14
internal_count=140643 112948 94102 18846 27034 14101 12933 11703 8302 67068 27695 12934 62389 38458
is_linear=0
shrinkage=0.0101079


Tree=7
num_leaves=15
num_cat=0
split_feature=27 28 15 11 30 22 3 28 13 13 23 17 23 28
split_gain=75.6309 59.4227 49.8729 48.0993 39.203 34.8795 34.687 29.1076 27.4452 24.5142 24.4068 23.6805 23.1532 18.4011
threshold=-0.47136868536472315 0.50938662886619579 3.977440714836121 0.020599490962922577 1.0000000180025095e-35 0.26426447927951818 0.72656160593032848 0.52803644537925731 -0.006678646430373191 -0.010438926983624695 0.77945327758789074 77.500000000000014 0.52257263660430919 0.78661888837814342
decision_type=2 2 2 2 2 2 2 2 2 2 2 2 2 2
left_child=1 3 7 -1 -5 9 12 8 10 11 -2 -6 -4 -14
right_child=2 -3 6 4 5 -7 -8 -9 -10 -11 -12 -13 13 -15
leaf_value=0.0021849288225251557 0.0086108919251391951 -0.0040898732634721061 -0.0018661614856500686 -5.8015047324880498e-05 0.0018196416794227081 0 0.0021555901704203425 9.7401375591380911e-05 0 -0.0055157374768682876 0.0033500762095853669 -0.0046706986329164363 -8.2148378359178149e-05 0.0014856752392487182
leaf_weight=518.8541346564889 137.68358517251909 588.24315064027905 606.4481951482594 1387.5962939206511 114.55921984091401 331.99448522739112 863.32747774198651 343.80203058570623 145.44661769643426 424.2499337606132 443.67462665773928 94.386777812615037 3845.626241626218 935.48279227502644
leaf_count=6733 2059 7891 8605 18272 1620 4531 10312 4917 1881 5040 5830 1283 50125 11537
internal_value=0 -0.00117368 0.000637642 -0.000552983 -0.00117904 -0.00273594 0.000283707 0.00264995 0.00378868 -0.0041139 0.0047602 -0.000986513 -1.13712e-05 0.000218038
internal_weight=0 3459.88 7321.49 2871.64 2352.79 965.19 6250.88 1070.61 726.805 633.196 581.358 208.946 5387.56 4781.11
internal_count=140636 45370 95266 37479 30746 12474 80579 14687 9770 7943 7889 2903 70267 61662
is_linear=0
shrinkage=0.0101079


Tree=8
num_leaves=15
num_cat=0
split_feature=27 28 11 29 22 15 29 29 22 28 5 29 16 6
split_gain=64.5892 53.7638 43.2078 42.3139 50.7302 37.5552 32.1638 29.3547 26.0455 25.6604 29.7654 15.8772 15.0538 23.3558
threshold=-0.43245348334312433 0.50938662886619579 0.017175431363284591 -1.0000000180025095e-35 -0.21238227188587186 3.977440714836121 -0.60785761475563038 0.87837970256805431 -0.29935443401336664 0.82531082630157482 -4.391345500946044 -1.0000000180025095e-35 0.36915346980094915 -0.92164090275764454
decision_type=2 2 2 2 2 2 2 2 2 2 2 2 2 2
left_child=1 2 -1 8 -5 7 -7 9 -4 10 -2 -3 13 -8
right_child=5 11 3 4 -6 6 12 -9 -10 -11 -12 -13 -14 -15
leaf_value=0.0023685803479125793 0.001517826941094142 -0.00011135449056302151 0.0049797837465793676 -0.0035876197619505823 -0.0002862479818027308 0.0054066197664558325 0.00033011211382060276 -0.00097734146868953885 0 0 0.0061108370571020454 -0.0045006836446355178 0.00038093603489770719 -0.0028212413673388225
leaf_weight=444.60006471164525 297.21922075375915 123.66526032611728 149.88908025994897 825.99006050080061 1180.0683427415788 114.94998170435429 527.6839741487056 196.78608959726989 346.98748803511262 189.94098760187626 355.71896707825363 516.28309098817408 5102.2620200905949 404.13802883401513
leaf_count=5748 3696 1647 1841 10081 16153 1445 6552 2869 4671 2705 4995 6916 65357 5961
internal_value=0 -0.00107925 -0.000482695 -0.00101096 -0.00167414 0.000579571 0.000270407 0.00235413 0.00157105 0.00318133 0.00412309 -0.00372633 0.000159152 -0.00100536
internal_weight=0 3587.48 2947.54 2502.93 2006.06 7188.7 6149.03 1039.67 496.877 842.879 652.938 639.948 6034.08 931.822
internal_count=140637 47057 38494 32746 26234 93580 79315 14265 6512 11396 8691 8563 77870 12513
is_linear=0
shrinkage=0.0101079


end of trees

feature_importances:
Column_29=16
Column_11=12
Column_28=12
Column_13=11
Column_2=8
Column_0=7
Column_15=6
Column_22=6
Column_23=6
Column_27=6
Column_21=5
Column_3=4
Column_30=4
Column_6=3
Column_14=3
Column_4=2
Column_7=2
Column_12=2
Column_16=2
Column_17=2
Column_32=2
Column_33=2
Column_5=1
Column_8=1
Column_10=1

parameters:
[boosting: gbdt]
[objective: binary]
[metric: auc]
[tree_learner: serial]
[device_type: cpu]
[data_sample_strategy: bagging]
[data: ]
[valid: ]
[num_iterations: 600]
[learning_rate: 0.0101079]
[num_leaves: 15]
[num_threads: 2]
[seed: 2024]
[deterministic: 0]
[force_col_wise: 0]
[force_row_wise: 0]
[histogram_pool_size: -1]
[max_depth: -1]
[min_data_in_leaf: 1280]
[min_sum_hessian_in_leaf: 0.001]
[bagging_fraction: 0.829452]
[pos_bagging_fraction: 1]
[neg_bagging_fraction: 1]
[bagging_freq: 1]
[bagging_seed: 2024]
[feature_fraction: 0.727545]
[feature_fraction_bynode: 1]
[feature_fraction_seed: 2024]
[extra_trees: 0]
[extra_seed: 29642]
[early_stopping_round: 0]
[early_stopping_min_delta: 0]
[first_metric_only: 0]
[max_delta_step: 0]
[lambda_l1: 4.00664]
[lambda_l2: 7.63247]
[linear_lambda: 0]
[min_gain_to_split: 0]
[drop_rate: 0.1]
[max_drop: 50]
[skip_drop: 0.5]
[xgboost_dart_mode: 0]
[uniform_drop: 0]
[drop_seed: 2449]
[top_rate: 0.2]
[other_rate: 0.1]
[min_data_per_group: 100]
[max_cat_threshold: 32]
[cat_l2: 10]
[cat_smooth: 10]
[max_cat_to_onehot: 4]
[top_k: 20]
[monotone_constraints: ]
[monotone_constraints_method: basic]
[monotone_penalty: 0]
[feature_contri: ]
[forcedsplits_filename: ]
[refit_decay_rate: 0.9]
[cegb_tradeoff: 1]
[cegb_penalty_split: 0]
[cegb_penalty_feature_lazy: ]
[cegb_penalty_feature_coupled: ]
[path_smooth: 0]
[interaction_constraints: ]
[verbosity: -1]
[saved_feature_importance_type: 0]
[use_quantized_grad: 0]
[num_grad_quant_bins: 4]
[quant_train_renew_leaf: 0]
[stochastic_rounding: 1]
[linear_tree: 0]
[max_bin: 255]
[max_bin_by_feature: ]
[min_data_in_bin: 3]
[bin_construct_sample_cnt: 200000]
[data_random_seed: 6648]
[is_enable_sparse: 1]
[enable_bundle: 1]
[use_missing: 1]
[zero_as_missing: 0]
[feature_pre_filter: 1]
[pre_partition: 0]
[two_round: 0]
[header: 0]
[label_column: ]
[weight_column: ]
[group_column: ]
[ignore_column: ]
[categorical_feature: ]
[forcedbins_filename: ]
[precise_float_parser: 0]
[parser_config_file: ]
[objective_seed: 12337]
[num_class: 1]
[is_unbalance: 0]
[scale_pos_weight: 1]
[sigmoid: 1]
[boost_from_average: 1]
[reg_sqrt: 0]
[alpha: 0.9]
[fair_c: 1]
[poisson_max_delta_step: 0.7]
[tweedie_variance_power: 1.5]
[lambdarank_truncation_level: 30]
[lambdarank_norm: 1]
[label_gain: ]
[lambdarank_position_bias_regularization: 0]
[eval_at: ]
[multi_error_top_k: 1]
[auc_mu_weights: ]
[num_machines: 1]
[local_listen_port: 12400]
[time_out: 120]
[machine_list_filename: ]
[machines: ]
[gpu_platform_id: -1]
[gpu_device_id: -1]
[gpu_use_dp: 0]
[num_gpu: 1]

end of parameters

pandas_categorical:null
