tree
version=v4
num_class=1
num_tree_per_iteration=1
label_index=0
max_feature_idx=33
objective=binary sigmoid:1
feature_names=Column_0 Column_1 Column_2 Column_3 Column_4 Column_5 Column_6 Column_7 Column_8 Column_9 Column_10 Column_11 Column_12 Column_13 Column_14 Column_15 Column_16 Column_17 Column_18 Column_19 Column_20 Column_21 Column_22 Column_23 Column_24 Column_25 Column_26 Column_27 Column_28 Column_29 Column_30 Column_31 Column_32 Column_33
feature_infos=[0.23920178413391113:4.806818962097168] [0.049576185643672943:24.251049041748047] [0.17134076356887817:8.6935958862304688] [0.087584272027015686:1] [-28.67047119140625:41.262332916259766] [-36.190670013427734:42.326030731201172] [-36.841156005859375:62.500308990478516] [-41.300331115722656:63.120437622070312] [-22.455821990966797:30.680826187133789] [0:0.95389312505722046] [0:0.64536702632904053] [0:0.40022626519203186] [-0.51016271114349365:0.51874518394470215] [-0.15357083082199097:0.22172828018665314] [-45.028751373291016:17.161741256713867] [-6.6708002090454102:64.2962646484375] [0:1] [0:95] [0:95] [-1:1] [-29.775985717773438:44.984848022460938] [-30.525325775146484:55.0223388671875] [-2.8409864902496338:15.253066062927246] [0.049656935036182404:5.4310722351074219] [-1:1] [0:1] [0:0.99820786714553833] [-1:1] [-1:1] [-0.78183150291442871:0.97492790222167969] [-0.90096884965896606:1] [0:1] [0:1] [0.8888888955116272:25]
tree_sizes=8581 8686 8724 8684 8731

Tree=0
num_leaves=79
num_cat=0
split_feature=11 22 16 7 13 16 29 11 29 17 5 13 11 13 18 29 9 5 29 9 6 15 20 7 7 16 4 13 16 15 22 20 16 8 13 9 22 5 15 15 13 18 17 15 8 5 29 16 15 24 13 13 18 15 11 15 20 17 13 17 18 13 7 13 13 4 11 18 7 29 11 6 13 13 9 4 13 18
split_gain=69.1504 39.283 25.4127 45.3965 21.228 16.7854 16.0545 14.694 20.6996 52.4395 23.6693 25.4438 18.8978 18.6818 22.7258 32.9584 13.7547 12.9499 12.7936 12.3998 11.986 13.4021 17.6558 14.2192 19.1525 13.1779 11.7496 11.4891 13.1246 11.4456 10.4835 10.2678 10.224 11.4839 15.9488 11.274 9.63103 9.27228 25.0824 10.339 14.3074 9.9048 9.88313 9.1041 14.2374 13.5219 10.1298 21.7901 12.6727 11.233 10.296 8.95941 8.46059 8.29134 8.21346 8.16608 7.97914 7.66263 10.0001 7.6327 18.8028 11.6965 8.30317 7.47143 7.43922 7.39499 7.33792 8.07666 7.27223 20.6378 7.20748 7.23889 8.62102 7.12527 7.05909 7.05548 7.01391 6.70062
threshold=0.022405167110264305 -0.62431904673576344 0.55127933621406566 1.0000000180025095e-35 -0.025409232825040814 0.8060806691646577 -0.60785761475563038 0.1146913804113865 0.87837970256805431 64.500000000000014 0.30925011634826666 -0.022654024884104725 0.070279505103826537 0.074661765247583403 50.500000000000007 0.6078576147556306 0.029194887727499012 -1.0706426501274107 1.0000000180025095e-35 0.25015376508235937 -5.9195709228515616 12.81980609893799 2.9218074083328252 10.775326251983644 12.999408245086672 0.74491152167320263 0.54539328813552868 -0.0065949796698987475 0.75185993313789379 14.965861320495607 -0.72985658049583424 0.90403005480766307 0.3862151056528092 1.6272889971733095 -0.017307549715042111 0.24013189226388934 -0.46933232247829432 -0.078496713191270814 24.436732292175297 11.62654495239258 0.046925542876124389 88.500000000000014 66.500000000000014 23.011463165283207 1.3545802235603335 4.0520095825195321 1.0000000180025095e-35 0.80280503630638134 7.4872829914093026 -0.58070772886276234 0.050871165469288833 -0.025985304266214367 85.500000000000014 5.7899358272552499 0.15946267545223239 5.3373312950134286 7.3193442821502694 54.500000000000007 -0.0091981873847544176 27.500000000000004 63.500000000000007 0.021815561689436439 4.3129165172576913 -0.038817493245005601 0.0051560460124164828 -2.5527497529983516 0.075260575860738768 85.500000000000014 12.455588817596437 0.6078576147556306 0.037513159215450294 0.062219107523560531 -0.024896387942135331 0.0061022820882499227 0.038268534466624267 -0.14259860664606092 0.050291035324335105 5.5000000000000009
decision_type=2 2 2 2 2 2 2 2 2 2 2 2 2 2 2 2 2 2 2 2 2 2 2 2 2 2 2 2 2 2 2 2 2 2 2 2 2 2 2 2 2 2 2 2 2 2 2 2 2 2 2 2 2 2 2 2 2 2 2 2 2 2 2 2 2 2 2 2 2 2 2 2 2 2 2 2 2 2
left_child=2 7 4 27 18 17 -3 8 10 31 11 53 -11 14 -9 26 -6 -5 -1 37 -12 22 25 29 -25 -22 -16 -4 73 -23 76 -10 55 34 -34 36 -36 38 39 -8 42 65 -41 46 45 -45 47 50 49 -48 52 -50 57 63 74 77 -49 70 -59 62 61 -61 -53 -2 -38 -39 -42 -68 -64 -70 -21 72 -72 -29 -43 -15 -13 -18
right_child=1 6 3 5 16 -7 19 13 9 12 20 30 -14 75 15 -17 32 -19 -20 43 21 23 -24 24 -26 -27 -28 28 -30 -31 -32 -33 33 -35 35 -37 64 41 -40 40 66 54 -44 44 -46 -47 48 56 51 -51 -52 59 -54 -55 -56 -57 -58 58 -60 60 -62 -63 68 -65 -66 -67 67 -69 69 -71 71 -73 -74 -75 -76 -77 -78 -79
leaf_value=-0.90123371059488977 -0.87097066854434657 -0.91877546351559047 -0.92795349936156901 -0.89200490923162445 -0.8865151967072864 -0.88822122823199179 -0.90042336497472741 -0.89649189662923112 -0.90901600492827306 -0.84437746066985642 -0.91086727035852699 -0.91572865746243604 -0.88685886013768933 -0.90771337683115194 -0.83797668993761198 -0.89112905717593982 -0.89720399010895668 -0.91073160381852158 -0.87172395023778637 -0.87346290977410956 -0.88282880593183144 -0.92156750665330711 -0.90394398861847614 -0.86697820199067699 -0.90062447919757327 -0.85552753206727283 -0.8730225217862031 -0.90908930607254879 -0.89782050932852653 -0.89443246434793322 -0.89579715480788513 -0.88865883753625796 -0.91752896576519705 -0.91573597577217247 -0.87370286871488623 -0.90362271292228835 -0.90433407766934482 -0.88239831569752547 -0.87243972414204229 -0.92413699655855519 -0.88702897174914885 -0.88935340440732191 -0.89952569592693499 -0.87544592710101898 -0.9134023159144633 -0.9016735716929275 -0.9034225322433953 -0.87339435246592378 -0.91295283518161796 -0.88710083360175351 -0.87553408365070629 -0.87786795013130248 -0.91323907109877578 -0.90112662870235472 -0.91756171190131919 -0.91935569165500897 -0.89393081461869051 -0.8937045941703694 -0.91232275873574231 -0.8785829001830705 -0.92196700793729036 -0.90408768484777879 -0.90254440166685324 -0.89460493020423171 -0.88233864443437415 -0.89624701386523065 -0.9109145096049257 -0.89481498095404111 -0.91387213894566366 -0.8791307594181047 -0.87210507023664996 -0.90643811891388304 -0.89919078938858232 -0.92875393272417817 -0.90276783066657196 -0.88867679216623663 -0.89886206001046154 -0.9088582942756861
leaf_weight=43.824850523844361 63.637477640062571 72.183189986273646 232.03132572211325 95.381870567798615 92.615845447406173 144.60578219220042 1292.1732754930854 86.829147316515446 76.527382269501686 71.840203553438187 46.204544462263584 250.12077638693154 38.347882593050599 60.571887401863933 60.49240093305707 81.6852723415941 136.47221095114946 297.99434676393867 74.344749486073852 48.538449417799711 278.15969809331 57.320984048768878 62.650970663875341 55.919717511162162 76.845905784517527 43.970849517732859 51.674844514578581 91.227311437949538 85.993080450221896 60.026792889460921 99.818075211718678 133.81585477665067 52.521056121215224 65.478985402733088 83.882994195446372 95.925138276070356 62.78141893260181 81.360127551481128 54.227442400529981 138.7622893601656 50.624667037278414 93.029719438403845 50.652073154225945 52.310747791081667 132.43756781704724 135.89637456648052 106.26312618888915 171.89615545980632 95.761251827701926 372.64895929768682 46.668121472001076 49.536116603761911 54.850533017888665 59.957989361137152 61.848918076604605 112.26033797301352 60.256453087553382 168.62136595323682 85.704419629648328 51.57349356636405 81.192860949784517 105.09862728603184 210.43125638738275 57.744653293862939 54.295700304210186 1550.3240849114954 170.9626376144588 93.12674224190414 46.071108516305685 110.78828324750066 42.161501754075289 52.15368109755218 43.678285913541913 94.609013665467501 445.46358540095389 99.56439933180809 72.25789343751967 322.63162526488304
leaf_count=669 830 775 2683 1119 1161 1599 16020 1230 835 921 542 2946 593 737 722 923 1645 3745 848 611 3411 712 728 640 860 446 544 1104 921 583 1205 1297 585 843 1053 1165 892 1075 718 1778 703 1132 712 615 1574 1542 1323 1975 1028 4645 608 621 712 664 719 1302 611 2054 995 569 981 1327 2504 756 670 18923 1852 1055 566 1309 538 629 649 1121 5310 1082 856 4006
internal_value=-0.897819 -0.89631 -0.90528 -0.910473 -0.900693 -0.901135 -0.898038 -0.890824 -0.892913 -0.882626 -0.895557 -0.902046 -0.857815 -0.883443 -0.87644 -0.867918 -0.902745 -0.906055 -0.882815 -0.897799 -0.889745 -0.888058 -0.882764 -0.896507 -0.886312 -0.87847 -0.852264 -0.920241 -0.913132 -0.907638 -0.908193 -0.896365 -0.904359 -0.898778 -0.895568 -0.891306 -0.88519 -0.8993 -0.901679 -0.902644 -0.908175 -0.897346 -0.917983 -0.895144 -0.902147 -0.894317 -0.893992 -0.889922 -0.896614 -0.89084 -0.89507 -0.900251 -0.897174 -0.888084 -0.902293 -0.908291 -0.878359 -0.894942 -0.89992 -0.898237 -0.904734 -0.89572 -0.894614 -0.881355 -0.894358 -0.89549 -0.901936 -0.905096 -0.897199 -0.889786 -0.887999 -0.894009 -0.885866 -0.919807 -0.900314 -0.896241 -0.912158 -0.905314
internal_weight=0 8525.26 2238.88 1041.84 1197.03 537.982 6479.28 2045.99 1605.17 320.531 1284.64 603.537 110.188 440.818 280.682 193.853 1078.87 393.376 118.17 6407.09 681.099 634.895 384.782 250.113 132.766 322.131 112.167 503.861 271.829 117.348 422.197 210.343 986.249 414.885 349.406 296.885 200.96 4082.56 1850.53 1796.3 504.128 2232.03 189.414 2324.54 320.645 188.207 2003.89 774.529 1229.37 478.912 542.376 750.453 495.708 181.34 600.342 571.364 232.153 440.858 254.326 654.692 237.865 156.672 416.827 121.382 117.077 1631.68 314.714 264.089 367.291 156.859 186.532 137.993 85.8398 185.836 538.493 160.136 322.379 459.104
internal_count=129952 102821 27131 12292 14839 6463 78758 24063 18825 3646 15179 7257 1514 5238 3419 2189 13322 4864 1517 77983 7922 7380 4585 2795 1500 3857 1266 5829 3146 1295 5007 2132 12161 5208 4365 3780 2615 49997 22838 22120 6100 27159 2490 27986 3731 2157 24255 9382 14873 5968 6796 8905 6188 2250 7161 6953 2586 5476 3049 7877 2877 1896 5000 1586 1562 19998 3610 2907 4379 1875 2427 1816 1187 2225 6442 1819 3802 5651
is_linear=0
shrinkage=1


Tree=1
num_leaves=79
num_cat=0
split_feature=16 16 7 28 2 22 7 4 7 20 8 22 20 7 21 20 21 20 2 12 4 18 6 2 2 7 12 17 2 28 2 28 21 2 21 12 6 21 7 12 20 28 28 2 7 28 7 10 4 2 10 7 18 33 18 17 8 10 1 7 12 12 7 6 17 20 22 7 22 16 28 28 12 1 2 16 21 2
split_gain=36.7087 43.61 54.0652 33.8582 29.9749 26.8285 24.265 22.1653 22.8996 19.6201 18.6068 17.7127 17.1619 16.0903 24.3799 15.3911 15.2227 25.3043 15.0556 18.8105 13.1144 11.6387 15.2307 11.0395 11.5422 10.681 19.039 16.2029 13.0626 11.2091 10.4873 10.0917 17.6333 10.0778 17.2077 14.1995 14.6337 13.1651 9.82601 9.61272 18.078 17.5853 21.1638 19.5009 14.928 19.0251 10.8592 10.5076 15.8246 9.71808 9.23006 9.58715 9.11382 8.99254 8.91966 17.4058 8.62725 8.28881 8.22093 13.8407 8.09243 8.08281 7.93012 9.54387 7.89004 7.88115 7.81199 7.59147 7.12104 17.775 9.11942 7.66281 9.06239 9.09126 10.6182 11.5329 8.50985 10.8144
threshold=0.82291585206985485 0.57958945631980907 0.74878805875778209 -0.69930991530418385 0.79210135340690624 -0.86226531863212574 14.946542263031008 0.85191342234611522 16.259444236755375 1.3192463517189028 -0.52117437124252308 0.81853991746902477 1.0897771120071413 -2.9694139957427974 -2.1574555635452266 5.3757774829864511 11.173260211944582 0.37628519535064703 0.54125782847404491 0.0086375651881098765 -0.052160916849970811 60.500000000000007 2.4165719747543339 0.9852338731288911 1.298789978027344 12.644034385681154 -0.03817887790501117 71.500000000000014 0.7375333607196809 0.96863394975662243 1.7792429924011233 0.33172981441020971 12.262134552001955 2.201656818389893 8.9189295768737811 0.06682924181222917 4.7898898124694833 10.981441497802736 20.523343086242679 0.034875439479947097 0.21917529404163363 0.83743050694465648 -0.90159028768539418 0.60779953002929699 -0.9161475896835326 0.032717135734856136 -5.0731093883514395 0.17140062153339389 0.50694879889488231 0.65535876154899608 0.024194058962166313 8.7014708518981951 85.500000000000014 0.99393379688262951 57.500000000000007 73.500000000000014 -1.5375053286552427 0.046103911474347122 1.0470791459083559 12.290400028228762 0.077130042016506209 0.048053096979856498 9.1466403007507342 3.7036731243133549 77.500000000000014 2.0075125694274907 -0.46414773166179651 16.472710609436039 -0.48029650747776026 0.3652575165033341 0.66746801137924205 -0.69930991530418385 -0.04086260870099067 1.5016298890113833 0.96910086274147045 0.31353418529033666 -6.6684741973876944 1.0873263478279116
decision_type=2 2 2 2 2 2 2 2 2 2 2 2 2 2 2 2 2 2 2 2 2 2 2 2 2 2 2 2 2 2 2 2 2 2 2 2 2 2 2 2 2 2 2 2 2 2 2 2 2 2 2 2 2 10 2 2 2 2 2 2 2 2 2 2 2 2 2 2 2 2 2 2 2 2 2 2 2 2
left_child=1 5 11 6 16 9 30 8 15 13 66 21 -8 54 -15 23 17 -5 19 -19 31 -3 -23 -6 -25 27 -27 29 -28 53 58 -10 -33 34 35 36 -9 -36 -35 40 52 42 49 44 45 -44 -43 48 -41 -42 -29 -52 68 -12 -1 -56 -26 65 59 -2 -39 -20 63 -55 -16 -45 -4 -68 69 -7 -71 -70 76 74 -74 -76 77 -73
right_child=3 2 10 4 7 39 12 33 20 -11 25 -13 -14 14 64 -17 -18 18 61 -21 -22 22 -24 24 56 26 28 50 -30 -31 -32 32 -34 38 37 -37 -38 60 -40 47 41 46 43 57 -46 -47 -48 -49 -50 -51 51 -53 -54 62 55 -57 -58 -59 -60 -61 -62 -63 -64 -65 -66 -67 67 -69 71 70 -72 72 73 -75 75 -77 -78 -79
leaf_value=0.0050533532548580505 -0.013398449479770097 -0.027696871596052851 0.009081732385690551 -0.0037950049353802627 0.012119680733611528 -0.0012345233158652996 0.010523252941909943 -0.012418020848776168 -0.00010382666714379734 0.028724966131026715 0.0073611567440515033 0.0028456428202596465 -0.016044844344995226 -0.02868397585078215 0.016404049868529058 0.020045183630276093 -0.0054621270652087453 0.029158211311724861 0.033486118602506734 -0.0052118006340913887 0.028614289891802831 0.00069112524207582012 -0.019479126483788974 -0.018953096998955473 0.015536228469756073 -0.033088107912672429 0.009819259422961921 -0.0086700049235467931 -0.014611870454193911 -0.027518646698155076 0.023854863941071558 0.034775358580863121 -0.00028902594463151574 -0.023046822426292059 0.019429316178587657 -0.019060331467151227 0.014301449954557384 -0.01069915223889622 0.0007387139599690474 -0.0033404120319213979 -0.022059613978381656 -0.016169158231603295 0.013982298391748653 0.0076947253701339308 0.0045619722282331356 0.05603487426423396 0.0069496266648189312 0.010525298005989546 -0.021930085726218889 0.0028671802531049242 0.016448098740998982 -0.0035625501740055242 -0.010923874936618554 -0.015880897841388762 0 0.03532197833392263 -0.0081332479832429781 6.1291416130176195e-05 0.0083684431814796852 0.014738663051550045 0.0065687227710202424 0.012143674461959519 0.0017527234979018921 -0.00064374220052731566 -0.0045146587260742957 0.029555182339077824 -0.002403365142745602 0.011845828805288405 -0.0054193907022316908 0.019638303823855764 -0.0019762415979357375 0.022463678171493057 0.0032053933658077361 -0.0062240848037359723 0.034695275344877485 0.0053167821389251925 -0.0063514992209709638 -0.0002529267662043479
leaf_weight=154.85160169377923 127.27100013010204 244.27743672579527 254.03361972235143 79.369841832667589 70.200048258528113 472.00327686406672 54.176411958411336 77.184012953191996 99.145750125870109 93.984572300687432 84.82373264990747 76.221217622980475 322.10886918008327 54.352678453549743 70.88556712679565 71.151715466752648 53.629063719883561 52.436452971771359 224.77935597300529 72.079983277246356 143.33839571103454 98.886598804965615 286.12713354825974 102.05083755962551 49.134262828156352 75.908668162301183 64.292546395212412 68.094703327864408 123.36110620200634 51.9295404702425 44.764675199985504 61.055995410308242 49.307281928136945 74.136790035292506 122.22737306728959 118.47601983323693 83.689531575888395 75.22871945425868 58.843595148995519 391.13092724978924 44.469503847882152 95.027253933250904 48.472893357276917 128.43521706573665 44.606666607782245 53.16459147259593 66.229820869863033 65.55472275801003 125.65664885379374 86.795435581356287 144.14670750685036 67.069970348849893 180.80464268289506 275.18523329496384 48.978249004110694 74.230617545545101 73.798582915216684 154.83458091691136 164.6896153036505 44.754732120782137 182.82735982351005 60.682855235412717 121.14080664142966 132.47830662876368 66.0874367300421 50.767518473789096 529.86325709149241 86.082373149693012 765.42055178433657 160.24822346493602 47.325805267319083 43.346900640055537 330.83658094890416 116.64339627511799 51.62879909016192 67.728768698871136 543.39064991846681 456.00611962191761
leaf_count=2043 1544 2897 3183 972 747 6104 635 811 1145 1162 2500 863 3394 661 869 786 530 572 2442 833 1586 1188 3354 966 515 880 804 842 1722 633 556 632 672 874 1348 1321 916 855 873 4842 517 1233 640 1672 566 704 937 828 1588 1114 1711 874 2276 2656 618 942 842 1862 2013 482 1685 567 1239 1351 832 578 6511 1070 9743 1861 627 530 4321 1365 602 878 6142 5768
internal_value=0 -0.00173784 -0.0063204 0.00430263 0.0073363 0.000731064 -0.00385473 0.00398113 0.0097444 0.0100607 -0.00258779 -0.0171696 -0.0120195 0.00600493 -0.00390568 0.0015934 0.0164893 0.0190192 0.0235476 0.00934928 0.0179552 -0.0196736 -0.0142204 -0.00290418 -0.00793746 -0.00624062 -0.0143385 -0.00387839 -0.00595617 -0.0077511 0.00411432 0.0100265 0.0192322 -0.00121013 0.00104655 -0.00737367 0.00119619 0.00737145 -0.0124576 -0.00041122 0.000372426 0.00660984 0.0101506 0.0145748 0.0283548 0.0377559 -0.00644192 -0.00585316 -0.00809068 -0.00562798 0.0051563 0.0099203 -0.00110884 -0.00582833 0.0129549 0.0220215 0.00113843 0.00812781 0.00109228 -0.00562914 0.0012604 0.029353 -0.00807577 -0.0111033 0.00612682 0.0146746 0.00243575 -0.000268345 -0.000498113 0.00356949 0.0145368 -0.00168664 6.74272e-05 0.00470422 0.00767359 0.0191474 -0.00241507 0.0017884
internal_weight=0 7937.82 2783.92 2812.54 2054.77 5153.9 757.765 1511.8 719.183 563.371 2078.41 705.512 376.285 469.386 191.326 366.335 542.978 489.348 409.979 124.516 352.847 629.291 385.014 295.184 224.984 1208.43 263.562 944.869 187.654 665.558 381.48 209.509 110.363 792.613 659.633 279.35 160.874 380.283 132.98 4590.53 4008.19 772.803 611.546 480.281 146.244 101.637 161.257 582.342 516.788 131.265 279.311 211.217 3235.38 613.628 278.06 123.209 122.933 334.037 336.715 172.026 258.056 285.462 528.804 407.664 136.973 179.203 869.979 615.946 3054.58 679.577 207.574 2375 1609.58 566.838 450.194 119.358 1042.74 499.353
internal_count=129817 98703 34278 31114 22490 64425 8624 16574 7891 7127 25976 8302 4029 5965 2362 3856 5916 5386 4414 1405 4035 7439 4542 3070 2323 15212 3406 11806 2526 8379 4595 2449 1304 8683 6936 3048 1727 3888 1747 57298 50040 9823 7653 6022 1910 1344 2170 7258 6430 1631 3427 2585 40217 7746 3603 1560 1357 4112 4039 2026 2540 3009 5246 4007 1701 2250 10764 7581 37941 8592 2488 29349 19606 7166 5801 1480 12440 6298
is_linear=0
shrinkage=0.0454652


Tree=2
num_leaves=79
num_cat=0
split_feature=11 29 16 16 14 23 3 29 3 3 3 17 14 23 20 20 3 8 29 3 16 18 3 29 11 29 16 17 14 11 29 23 11 18 3 20 5 0 3 17 20 0 14 18 23 23 3 14 20 20 18 16 20 20 16 14 10 3 11 3 14 10 20 3 29 11 14 3 16 14 23 8 23 18 1 0 16 10
split_gain=60.4299 36.788 23.2225 22.5178 18.4043 18.3932 24.5281 28.2145 17.1748 16.1754 20.761 14.3907 11.1785 22.6002 23.5873 15.9786 11.0147 10.874 13.2799 13.3584 10.8726 10.7864 13.6782 10.6352 34.2984 14.7789 25.0578 31.6603 18.7504 18.4409 17.2209 18.3107 20.1423 17.6652 17.0795 16.0348 13.6086 12.7522 11.558 17.1846 12.2242 20.8455 13.0575 11.2241 20.6775 13.0875 11.8201 11.7356 21.8403 15.5832 13.1906 11.9836 11.1236 11.0823 24.2905 10.4054 10.2616 13.4929 14.2779 10.2089 10.1783 13.0328 10.0455 10.0148 16.5405 12.0665 16.7795 13.7223 9.74539 9.65467 9.64791 9.46068 15.2884 10.2432 9.34107 9.2668 9.18202 9.13054
threshold=0.020291220396757129 -0.60785761475563038 0.55127933621406566 0.3944831937551499 -2.9703800678253169 0.56740379333496105 0.58173707127571117 0.87837970256805431 0.22090826928615573 0.28430086374282842 0.33150766789913183 13.500000000000002 -10.8290958404541 0.88433706760406505 0.31448230147361761 1.7928603887557986 0.52066385746002208 -0.13260716944932935 1.0000000180025095e-35 0.45486904680728918 0.45116282999515539 82.500000000000014 0.65838301181793224 -1.0000000180025095e-35 0.051587166264653213 0.6078576147556306 0.82291585206985485 25.500000000000004 -6.1745982170104972 0.038935720920562751 1.0000000180025095e-35 0.78085055947303783 0.097410574555397048 78.500000000000014 0.48540744185447698 2.966504812240601 0.11955072358250619 0.76902031898498546 0.84615448117256176 56.500000000000007 1.3192463517189028 1.0637713074684145 -10.395457267761229 39.500000000000007 0.66515839099884044 0.76903915405273449 0.57894623279571544 -9.5213117599487287 1.0000000180025095e-35 2.1980038881301884 20.500000000000004 0.68940004706382763 -6.2365195751190177 2.5189517736434941 0.5595422387123109 -17.82250881195068 0.1362053379416466 0.58173707127571117 0.08254761248826982 0.72276788949966442 -15.393202781677244 0.031193797476589683 2.4368308782577519 0.47761167585849768 0.87837970256805431 0.14319384843111041 -5.1639502048492423 0.8438517451286317 0.19851367920637134 -1.6965755224227903 0.96273815631866466 0.87891092896461498 0.95157366991043102 83.500000000000014 1.0470791459083559 0.56572341918945324 0.75905582308769237 0.045379310846328742
decision_type=2 2 2 2 2 2 2 2 2 2 2 2 2 2 2 2 2 2 2 2 2 2 2 2 2 2 2 2 2 2 2 2 2 2 2 2 2 2 2 2 2 2 2 2 2 2 2 2 2 2 2 2 2 2 2 2 2 2 2 2 2 2 2 2 2 2 2 2 2 2 2 2 2 2 2 2 2 2
left_child=2 -2 3 16 11 6 8 -8 -3 -7 -11 -4 -5 14 -14 -16 -1 -10 20 -20 -19 -13 -23 24 59 26 28 30 38 36 31 -28 -33 -34 -32 37 -30 -31 40 -40 60 42 -42 44 -27 46 69 48 50 51 52 -49 -46 54 -48 -54 57 -26 -59 -12 68 -62 -6 64 70 66 67 77 -25 -45 -47 72 -68 -74 -41 -22 -39 -65
right_child=1 5 4 12 62 9 7 -9 17 10 23 21 13 -15 15 -17 -18 18 19 -21 75 22 -24 25 56 43 27 -29 29 35 34 32 33 -35 -36 -37 -38 76 39 74 41 -43 -44 45 47 63 53 49 -50 -51 -52 -53 55 -55 -56 -57 -58 58 -60 -61 61 -63 -64 65 -66 -67 71 -69 -70 -71 -72 -73 73 -75 -76 -77 -78 -79
leaf_value=0.0017673537217585574 -0.023516202256493302 -0.012154808921763736 -0.025529313904665424 -0.015746553375931702 0.011906127884055706 0.0090404881139810652 -0.012248286222449688 0.02146465763564942 0.020778651802273451 -0.0083525080445484186 0.012535370966819651 -0.015886564907917608 0.030580762497793724 -0.0034796601849519837 -0.01583448015440939 0.019802281086424914 -0.011624148298712497 0.036661461659929534 -0.0064141942962193232 0.01690627153118951 -0.0054122639027597069 -0.012433401074171391 0.013425802710053064 0.0017359834568697137 -0.0075158921525487685 0.031800849760429281 0.032459539064598704 0.027338624421161101 -0.034104877069770674 -0.013198725215557082 -0.020342804068446078 0.023916653674606859 0.016632679999261296 -0.012481743840185236 0.00435128784060593 -0.021513744061208682 -0.0067144322531263786 0.0016912743906990235 -0.0086794090160718027 0.029971202741149942 0.0061653588843981946 -0.0085591447243684379 0.033915970082731284 -0.021414001809128537 -0.002015380884929416 0.0033651032061975321 -0.013324268014250544 -0.002571163895381721 0.034621839503978173 0.012254337430219748 -0.0096233939073774311 -0.02143383770933165 -0.0040252954455695673 -0.012910587706773995 0.027146589509128582 0.01707204691256263 -0.0126194260778154 -0.0018680509221790029 0.029147271611522516 -0.0023155233608469447 0.00939639768642005 -0.0068654988201447944 -0.0083409470455745923 -0.00030903497668946034 -0.003792923959868581 -0.017830461530788828 -0.0034269609508420619 0.012288718026565238 0.020156823913107278 0.00086204637409788211 0.0268847928667004 -0.00461260563889872 0.025314346202731215 0.0038972829250363944 0.0056729923389675831 0.021415251760059612 0.02341447498613013 -0.017657460749210804
leaf_weight=162.9866178072989 115.26611969061196 50.35483723692596 225.76576972566545 43.216307470574975 79.201046517118812 494.48698308132589 202.87007666938007 63.654959920793772 294.49895524047315 497.37437922507524 300.5140031799674 333.06273550540209 119.73983016982675 198.57744580693543 52.472846517339349 43.982211828231812 477.47113310359418 46.59008601307869 147.30874450691044 71.818820931017399 43.646858615800738 96.008285209536552 68.533108374103904 247.67364157736301 316.95382854342461 46.509574316442013 74.698923112824559 188.9586197771132 65.364511307328939 48.29869526065886 73.394969552755356 90.748878985643387 62.920317685231566 114.99545288085938 220.61706957221031 49.500196974724531 99.750938702374697 91.870976485311985 47.220068642869592 96.224907517433167 74.494075007736683 65.869840191677213 77.142877899110317 174.85364017821848 164.72279071807861 70.558783404529095 53.423222100362182 255.42246491461992 47.021698983386159 94.572318261489272 120.26915118657053 96.577862408012152 55.533797163516283 91.252942577004433 60.134011453017592 218.40163337811828 432.17072064988315 73.196009857580066 45.187235645949841 130.48095887899399 122.992496997118 482.83144525252283 124.7638298664242 99.768136357888579 146.25633968599141 91.907321523874998 117.90958116948605 51.481311621144414 77.613624775782228 46.145101791247725 87.053451795130968 140.92350714467466 117.03350078128278 87.151580611243844 60.196987971663475 52.315099196508527 76.871823344379663 197.10998511873186
leaf_count=2228 1348 921 2798 566 880 7466 2818 820 3629 6199 3257 3972 1493 2438 693 547 5668 606 1885 899 641 1293 792 3310 3321 570 663 2014 663 645 882 986 552 954 2442 637 1190 1090 648 1078 943 869 1027 2158 2143 826 647 2867 530 1168 1538 981 892 903 662 2718 5184 1014 569 1583 1548 5918 1330 1097 1712 1057 1306 737 983 399 942 1643 1368 1078 610 533 840 2228
internal_value=0 0.00152445 -0.0071846 -0.00263893 -0.0124815 0.00187652 0.00775848 -0.00381377 0.0121893 0.00111651 0.000555893 -0.0158668 0.00496749 0.00737474 0.0174457 7.45656e-05 -0.00815093 0.014195 0.00852872 0.00118006 0.0191447 -0.0112134 -0.00130918 0.00123517 -0.00243247 0.00213695 0.00458131 0.0111152 0.00150898 -0.00665744 0.00608599 0.0129583 0.00695239 -0.00177511 -0.00184383 0.00060914 -0.0184075 0.00617951 0.00416396 0.0140848 0.00231907 0.0119167 0.0211157 -0.000184021 0.00334177 -0.0025892 -0.009403 0.00191994 0.00605418 -0.00358554 0.0033304 -0.00807001 0.00704821 -0.00121494 0.00789082 0.0126233 -0.0076586 -0.00255131 0.0101497 0.00794771 0 -0.00344325 -0.000164986 -0.000121831 0.00692051 -0.00256515 -0.00069552 -0.00823349 0.0064748 -0.0166148 0.0170084 0.00489377 0.00920825 0.016663 0.0213067 0.00900284 0.0121892 -0.0120728
internal_weight=0 8720.93 2025.78 1098.45 927.335 8605.67 973.058 266.525 706.533 7632.61 7138.12 723.37 457.989 414.772 216.195 96.4551 640.458 656.179 361.68 219.128 142.552 497.604 164.541 6640.75 1298.5 5342.25 2610.25 826.334 1783.92 431.657 637.376 343.364 268.665 177.916 294.012 266.542 165.115 217.041 1352.26 203.642 1148.62 217.507 151.637 2731.99 1099.03 1632.96 425.809 1052.52 605.949 446.573 558.927 352 438.658 204.81 113.557 273.935 867.508 435.337 118.383 430.995 931.111 605.824 203.965 1207.15 303.869 903.285 811.378 348.359 325.287 220.999 157.612 463.018 322.095 204.185 156.422 95.962 168.743 296.878
internal_count=130053 105355 24698 13633 11065 104007 12752 3638 9114 91255 83789 8855 5737 5171 2733 1240 7896 8193 4564 2784 1780 6057 2085 77590 14928 62662 30492 8493 21999 5065 6479 3155 2492 1506 3324 3212 1853 2575 16934 2336 14598 2839 1970 32170 13407 18763 4769 12837 7821 5016 7291 3848 5753 2212 1309 3610 10088 4904 1583 4840 11759 7466 2210 13994 3480 10514 9457 4062 4293 2557 1768 5395 3752 2446 1688 1174 1930 3325
is_linear=0
shrinkage=0.0454652


Tree=3
num_leaves=79
num_cat=0
split_feature=29 22 21 28 29 12 7 7 7 0 21 4 7 21 4 20 0 21 17 21 27 12 27 20 20 21 21 21 27 29 7 28 7 18 7 0 21 7 22 7 20 29 21 21 18 17 0 27 22 12 0 18 6 27 7 6 28 8 4 27 8 27 29 7 28 28 20 6 12 21 28 6 12 0 7 28 29 28
split_gain=35.3592 26.1827 22.1535 34.4322 29.6935 27.9333 19.0758 18.8519 18.5078 16.6811 14.111 12.8474 17.1729 15.0327 12.2013 11.6788 11.6229 15.3461 14.6481 13.4103 12.211 11.0063 12.4062 25.7505 20.6398 17.9981 13.9422 13.0378 11.8664 18.3981 18.9828 12.7169 11.8044 11.6279 11.5866 11.4081 11.3887 30.2823 18.0331 14.9891 13.6038 12.9423 17.9238 16.7142 15.6957 14.3872 11.2467 21.2747 14.5877 13.9236 11.001 12.3046 12.6409 10.7403 10.7307 10.6979 10.5805 10.5248 9.78028 9.39115 9.29452 9.2066 8.75754 11.5537 12.1858 11.5209 11.1892 8.73627 8.49207 8.46166 9.09941 8.42715 9.06066 12.2034 9.04442 13.0918 8.87344 13.1904
threshold=-0.60785761475563038 -0.93854415416717518 7.4876585006713876 -0.84915164113044728 -1.0000000180025095e-35 0.073412269353866591 18.087781906127933 19.605024337768558 -3.4268720149993892 0.68861794471740734 -1.9481765031814573 0.9537017047405244 10.443194866180422 11.173260211944582 0.084228299558162703 0.96372178196907055 0.50815784931182872 0.11024414375424386 73.500000000000014 2.2173926830291752 -0.2693240344524383 -0.14383570849895475 0.75894212722778331 0.46642903983592993 2.3549207448959355 3.9077267646789555 -7.8876252174377433 -2.6191767454147334 0.52803644537925731 0.6078576147556306 -8.7097806930541974 0.24825246632099154 12.81783962249756 17.500000000000004 -16.269391059875485 0.84505668282508861 -2.9377068281173702 3.1408286094665532 -0.49668811261653895 6.248441457748414 -2.1189393997192378 0.6078576147556306 1.83303838968277 3.0488821268081669 19.500000000000004 22.500000000000004 0.6128465235233308 -0.20576497167348859 0.27838955819606787 0.0044609277974814185 0.77455630898475658 22.500000000000004 1.5761457681655886 -0.91080963611602772 9.1466403007507342 -1.7452194690704343 -0.09801131114363669 1.3545802235603335 -1.3369913101196287 -0.79989895224571217 -5.2015008926391593 0.60003554821014415 1.0000000180025095e-35 -5.3550825119018546 -0.95032352209091175 -0.56457334756851185 2.2768131494522099 4.0492043495178232 -0.094293020665645585 9.5279932022094744 -0.29026740789413447 -7.3282146453857413 -0.065165612846612916 1.1000621914863589 -9.4118399620056135 0.032717135734856136 1.0000000180025095e-35 0.010907442308962378
decision_type=2 2 2 2 2 2 2 2 2 2 2 2 2 2 2 2 2 2 2 2 2 2 2 2 2 2 2 2 2 2 2 2 2 2 2 2 2 2 2 2 2 2 2 2 2 2 2 2 2 2 2 2 2 2 2 2 2 2 2 2 2 2 2 2 2 2 2 2 2 2 2 2 2 2 2 2 2 2
left_child=-1 6 5 7 57 21 8 14 9 15 -10 12 -6 69 -4 55 18 -18 -12 20 -19 28 36 26 27 35 -24 -25 29 30 34 33 71 -31 -3 -26 38 40 68 -39 -38 43 44 -41 -43 -44 47 -42 61 -49 -45 -52 -53 -47 -27 -2 -34 -5 -14 -15 -40 62 66 64 -64 -65 -48 -67 -23 70 -13 -28 -73 74 75 -74 77 -76
right_child=1 2 3 4 11 -7 -8 -9 10 -11 16 13 58 59 -16 -17 17 19 -20 -21 -22 22 23 24 25 54 32 -29 -30 31 -32 -33 56 -35 -36 -37 37 39 60 41 46 42 45 50 -46 53 48 49 -50 -51 51 52 -54 -55 -56 -57 -58 -59 -60 -61 -62 -63 63 65 -66 67 -68 -69 -70 -71 -72 72 73 -75 76 -77 -78 -79
leaf_value=-0.021745121324960433 0.025240162224941135 0.024156395983114431 0.018379042333110066 -0.010681891962213379 -0.0098237790343775663 -0.010458252104278783 0.028015868252637657 -0.024055413874194957 -0.022134018441481454 0 -0.027558534989428153 0.018234229651099873 0.0055136478054744449 0.0092283526896192614 -0.0075643171404234299 0.043789472757132311 0.025911562927314256 -0.024538421159629519 0.0075170027212503382 0.0079114000682707301 0.0047942584072048523 -0.0035212157532644528 -0.016420110899754231 0.037718155466881863 -0.018876654295495805 0.025090892122581136 0.016153842266380367 0.012046768179308031 -0.012455852839234154 0.0042038828398075516 0.04769812934775592 0.018954179483803263 0.00053276979236037522 -0.027410705391453734 -0.0059387768111210043 0.0044557060469995599 0.0021629852957014404 0.0069065055125225603 0.015195374495581228 -0.0076739577086404323 -0.021088332614262253 -0.010442587636043135 -0.00035892115913178989 0.019719737379028161 0.021670052677996463 0 -0.025056783028250016 0.032919687925804117 -0.0027187728753526466 -0.0010011456853494297 -0.016143851848514305 0.020270910040704995 0 -0.022115898347479061 -0.0026432441091837648 -0.0012191746042496229 -0.027622038720825574 0.0093143322105409109 0.021602412277343476 -0.0067975821313590035 -0.0026339315057516397 -0.0031263301319086698 0.019206842408846188 -0.023843613078417352 -0.0091812383796828975 -0.0034552711540095939 -0.0020132517535492406 -0.025266254523378717 0.013070045629110176 0.021706068398362185 -0.0024369177869518091 -0.011173905047526425 0.026506655072236963 0.019503521409654782 -0.0058812956357750246 -0.0041631628423472542 -0.0068844492883470198 0.01649503782772755
leaf_weight=150.18129063770175 74.928588466718793 51.828143619000912 46.813815942034125 221.34832538291812 45.507058516144753 660.40449582226574 82.59042320586741 113.29176824726164 46.762761482968926 89.072289256379008 48.697065141052008 67.625659102573991 113.78065295703709 111.92805278673768 136.83868166990578 43.739391352981329 64.524609200656414 57.542188853025436 40.393936336040497 258.95782310888171 49.506691737100482 73.458437660709023 120.60199231654406 46.571060528978705 104.53904363326728 63.586996061727405 69.067379849031568 368.52069767378271 45.768585098907351 44.933857521042228 40.64681082777679 39.62749619781971 45.682729542255402 40.943908231332898 43.865973155945539 65.144507115706801 237.55814079008996 534.95413276925683 59.081394866108894 231.94038450531662 44.927986033260822 49.72874691337347 158.45766164921224 107.27491942979395 68.813397785648704 52.331205336377025 271.8565660957247 43.953783441334963 384.35448013432324 46.150258094072342 53.018569214269519 92.008209293708205 185.4854152277112 223.23435690067708 43.953094935044646 46.411699308082461 54.438081063330173 65.760372407734394 375.07853005826473 209.58038572594523 1173.7955980412662 170.16312347538769 43.267374446615577 176.67512174323201 87.538147291168571 200.31692489050329 58.199211684986949 45.825248692184687 298.60176579281688 129.07525786757469 103.44585079699755 122.18255717679858 55.446771565824747 70.021202947944403 106.0226560998708 49.317018119618297 339.70857841894031 100.69477520883083
leaf_count=1798 1049 719 526 2789 539 7882 856 1219 616 981 771 757 1365 1268 1630 537 692 602 598 2671 545 859 1631 674 1283 770 705 4536 453 626 451 526 530 499 628 780 2903 6405 775 3162 542 616 1774 1542 794 555 3216 637 4592 727 654 997 2047 2515 564 639 636 853 4352 2214 14821 2106 558 1956 1034 2342 755 486 3882 1384 1191 1235 735 846 1436 617 4330 1230
internal_value=0 0.000177297 -0.000508143 0.00412584 0.00704731 -0.00152803 0.0075671 -0.00981322 0.0053211 0.0154173 0.000627195 0.0103063 0.015514 0.0056799 -0.000435374 0.023805 0.00292539 0.00610263 -0.0114994 0.00223115 -0.0108565 -0.000708755 -0.00108657 0.00211889 0.00901367 -0.000434522 -0.00206781 0.0153829 0.00763198 0.011464 0.0227844 -0.000787944 -0.000251306 -0.010887 0.0101936 -0.00974407 -0.00222796 -0.00366022 0.000927078 0.000566867 -0.00778124 -0.00218175 -0.00732559 0.0020085 0.00790182 -0.0116308 -0.00931546 0.00287505 -0.0104987 0.0157381 0.0072722 0.00289486 0.00688712 -0.0178381 0.0136367 0.0150207 -0.0147903 -0.00586795 0.0180335 -0.0010228 -0.00169272 -0.0132687 -0.0151434 -0.011308 0.000144546 -0.0149328 -0.0212138 -0.00805706 0.00966197 0.0129373 0.00569072 0.00134959 7.65433e-06 0.00202148 0 0.0120065 -0.00233612 0.00489554
internal_weight=0 10609.7 9706.56 1740.07 1443.13 7966.49 903.127 296.944 820.537 254.152 566.385 1156.02 534.366 621.655 183.652 165.08 519.622 430.531 89.091 366.007 107.049 7306.08 6998.47 1825.5 692.315 277.224 1133.18 415.092 307.615 261.846 136.341 125.505 1012.58 85.8778 95.6941 169.684 5172.97 3568.03 1604.94 1757.25 1810.79 1222.29 552.565 669.727 118.542 434.023 1573.23 135.032 1438.2 90.104 437.787 330.512 277.494 275.566 107.54 121.34 100.121 287.109 488.859 321.508 1232.88 1053.84 883.679 553.623 130.806 422.817 330.056 246.142 372.06 300.147 171.072 912.461 843.394 721.211 651.19 104.764 546.426 206.717
internal_count=130016 128218 117661 20087 16712 97574 10557 3375 9701 3206 6495 13070 6256 6814 2156 2225 5879 4510 1369 3818 1147 89692 85790 22538 8607 3397 13931 5210 3902 3449 1798 1651 12300 1125 1347 2063 63252 42915 20337 21061 21854 14656 6254 8402 1410 4844 18951 1906 17045 1364 5240 3698 3044 3070 1334 1688 1166 3642 5717 3482 15596 12453 10347 6376 1592 4784 3971 2828 4741 3332 1948 11134 10429 9194 8348 1352 6996 2666
is_linear=0
shrinkage=0.0454652


Tree=4
num_leaves=79
num_cat=0
split_feature=29 22 3 15 30 3 14 21 3 30 22 20 20 15 15 30 15 14 12 23 4 15 6 30 3 3 20 29 6 15 32 21 6 30 21 22 29 14 22 3 23 14 4 23 14 12 3 4 3 20 20 6 33 3 22 20 20 14 23 15 15 20 3 21 30 29 20 23 14 14 24 14 3 21 23 3 30 6
split_gain=36.4091 25.7498 16.9554 22.2707 37.6227 43.1984 23.9221 20.5283 20.3261 23.4498 22.9583 24.0433 12.4384 11.399 17.6311 22.5202 14.0151 14.752 14.6867 12.8895 12.8595 12.7727 17.2992 16.5951 15.4422 15.4361 13.8743 11.7325 10.8953 14.7394 22.0712 23.7179 16.2439 22.9778 13.7416 12.3877 12.3872 10.6699 14.2664 12.1681 16.9749 17.5021 10.2122 10.2042 10.1718 11.4229 10.1329 10.1306 9.36294 15.6593 9.35523 9.03396 9.01385 8.76688 8.68403 8.49366 8.45905 8.33681 10.7475 8.15662 7.95328 7.91026 7.88188 7.79355 7.72163 7.68891 8.91088 7.64919 10.4943 9.90513 9.3867 10.0416 7.60028 7.42841 14.8968 11.8794 7.80794 7.87
threshold=-0.60785761475563038 -0.57859927415847767 0.5423388183116914 8.5409426689147967 0.81174489855766307 0.38463847339153295 -1.6965755224227903 -0.42053803801536555 0.35601826012134558 1.0000000180025095e-35 -0.97718816995620716 -0.13080140203237531 1.3192463517189028 17.182117462158207 22.294286727905277 0.81174489855766307 8.5409426689147967 -2.8084579706192012 0.092212598770856871 1.0678994059562685 -2.4342467784881587 12.91022300720215 1.9354165196418764 1.0000000180025095e-35 0.69571644067764293 0.39144243299961096 5.6191706657409677 1.0000000180025095e-35 -9.7554478645324689 8.8812150955200213 1.0000000180025095e-35 1.2946785688400271 -3.5595653057098384 1.0000000180025095e-35 3.9077267646789555 -1.0359688997268675 0.6078576147556306 -15.393202781677244 -0.31678466498851771 0.87462916970253002 0.89385002851486217 -7.0960190296173087 2.4643692970275883 1.153135418891907 -6.8539059162139884 -0.024288526736199852 0.71253624558448803 1.1230446696281435 0.8305460810661317 2.1980038881301884 3.270954012870789 4.1982369422912607 0.99393379688262951 0.5846470594406129 0.76525744795799266 0.34542633593082434 -1.2406138181686399 -4.7872831821441642 0.82934236526489269 16.725772857666019 14.965861320495607 7.3193442821502694 0.35357497632503515 6.1431283950805673 0.81174489855766307 0.6078576147556306 -0.29555423557758326 0.66199770569801342 -11.017368793487547 -4.4627215862274161 -0.28699707984924311 -16.971846580505368 0.97061493992805492 14.801374912261965 1.3550160527229311 0.54729264974594127 -0.56174489110708226 2.3571013212203984
decision_type=2 2 2 2 2 2 2 2 2 2 2 2 2 2 2 2 2 2 2 2 2 2 2 2 2 2 2 2 2 2 2 2 2 2 2 2 2 2 2 2 2 2 2 2 2 2 2 2 2 2 2 2 10 2 2 2 2 2 2 2 2 2 2 2 2 2 2 2 2 2 2 2 2 2 2 2 2 2
left_child=46 2 3 8 6 12 7 -5 9 -2 11 -10 -6 16 15 -15 27 20 43 -20 -18 22 23 24 25 -22 52 37 -4 32 31 -31 33 -30 36 -34 -32 38 -3 40 41 -39 73 64 45 53 -1 -12 49 -33 -45 67 -23 -42 62 -11 -9 -54 -59 -51 -7 -44 -24 -36 -19 -25 -67 68 -29 70 -69 -72 -73 75 -75 76 -16 -78
right_child=1 13 28 4 5 60 -8 56 10 55 47 -13 -14 14 42 -17 17 18 19 -21 21 26 54 65 -26 -27 -28 51 29 30 34 48 35 -35 63 -37 -38 39 -40 -41 44 -43 61 50 -46 -47 -48 -49 -50 59 -52 -53 57 -55 -56 -57 -58 58 -60 -61 -62 -63 -64 -65 -66 66 -68 69 -70 -71 71 72 -74 74 -76 -77 77 -79
leaf_value=-0.030252295461379076 0.018399579508648824 0.017199269915231449 0.014541496763717184 0.015233805279396002 0.050975130246298052 -0.012525455982617451 0.015480549045610945 -0.021648939350343059 0.01311298276187756 0 0.0082818387805556545 0.060895488589282197 0.017793442311643801 0.0031129581881683081 -0.0088357970728911404 0.021529395440740322 0.0033150397371063123 0.0056330163032366131 -0.025582710952611273 0.003959810865972118 -0.014243777451296165 -0.001659240828748179 0.0029035229082926728 0.00015180572679166984 -0.021006878681496609 0.0061541945341552808 0.009141285957485118 -0.015203330873368509 0.015147623003988078 0.0224620218052046 -0.011757866073454606 0.00085018114016929911 0.0033627018838568636 -0.011136504804772534 0.035205214789285483 -0.017745036975539873 0.017208809176419933 -0.016593444797214155 -0.0021109805917016475 -0.021396278482378711 -0.017132376413361562 0.0097012450706230966 -0.017950293360958811 -0.019144917988008894 -0.012435632548115319 0.015824653739367825 -0.0034083537500045396 0.03007533640514631 0.009126365187717209 -0.026976815182292758 0.0029325335550744367 0.017607987199486322 -0.023812016128004265 0.0043535878747481931 0.0022609839749487774 -0.026373876250249745 -0.0061267305604044107 0.0043559311244566702 -0.017679531687717163 -0.0042703873418036328 0.010280442058933763 -0.0009260341338468384 -0.014638577458761213 0.012878040081430569 0.023632422242155803 0.0051136972846408529 0.030329013824855828 -0.0010953860826759634 0.0061027499335436245 -0.017671477933658718 -0.0020769100574288238 0.0095293364633408754 -0.0049569034487750505 0.022453843934804551 -0.0082634659141202511 -0.015995711688564687 -0.00566968624130928 0.01111675673164512
leaf_weight=98.323260750621557 91.56105681695044 99.506856564432383 99.681348718702793 78.682154312729836 65.737164493650198 57.682473005726933 129.55489563010633 89.606310220435262 46.649101188406348 52.048807974904776 217.75427083671093 49.668616807088256 53.688706070184708 698.95826213620603 95.453603215515614 170.37193981558084 251.84928604587913 336.67958865687251 65.560902733355761 48.200635246932507 108.93044362030923 91.460370246320963 53.356866229325533 101.11500249244273 92.674080209806561 233.70055606029928 47.490175189450383 117.22478507645428 134.52477411366999 58.895308570936322 64.344816321507096 124.81685347668827 68.281124144792557 131.27041646651924 57.943327534943819 247.01582514308393 50.655145658180118 273.60110943391919 319.91513770632446 95.412303332239389 49.351725347340107 59.115418033674359 125.33937567844987 55.905411403626204 74.507265035063028 131.32254506275058 48.267780655995011 57.663848761469126 51.12745975703001 111.09382630325854 106.68072280846536 72.978041388094425 241.71619508042932 140.08073290251195 87.466342432424426 45.480087719857693 444.68436040729284 63.504770826548338 126.86548590660095 55.892701914533973 60.105387788265944 112.16321254335344 455.4414747543633 109.51948753930628 58.324422363191843 70.099525041878223 56.669818870723248 648.49371165037155 71.918654890730977 43.831227438524365 249.35575776919723 760.89241166971624 75.844900108873844 77.966520898044109 48.447255674749613 93.224708218127489 75.920900521799922 184.38623331859708
leaf_count=1173 1525 1393 1379 843 827 722 1313 1057 537 668 2618 559 413 8686 1358 1808 3042 3752 725 550 1349 2661 844 1409 1101 2531 588 1596 1586 663 779 1428 916 1605 587 2754 536 3202 4148 1166 582 673 1283 592 695 1751 603 606 647 1135 1230 857 2538 1615 1115 472 5541 670 1241 635 555 1552 5571 1247 647 859 682 8172 879 494 3521 8940 945 999 609 1056 877 1621
internal_value=0 0.000436029 0.00408415 0.0073485 0.00312463 0.0187412 -0.00187426 -0.00569955 0.0145651 0.00206993 0.0206996 0.0397142 0.037535 -0.000932286 0.00236083 0.00686189 -0.00185897 -0.00424898 0.00154688 -0.0129483 -0.00614033 -0.00747233 -0.00482687 0.000161476 -0.00495915 -0.000281527 -0.0131465 0.000133443 0.000353546 -0.000768893 0.00369942 -0.00304889 -0.00610319 0.00201364 0.0133763 -0.0130366 0.000744383 -0.00332682 0.00247686 -0.0063397 -0.0041913 -0.0117157 -0.00240321 0.00466375 0.00207536 0.00571025 -0.0220692 0.0133921 -0.00778359 -0.0109964 -0.00464934 0.00226725 -0.0153157 -0.00123546 -0.0104197 -0.0129038 -0.0089651 -0.018052 -0.0101409 -0.0199453 -0.000533179 -0.0102639 -0.0126954 0.0215422 0.00862766 0.0100683 0.0173535 0.0016382 -0.00689185 0.0025865 0.00316677 0.00575097 0.00814053 0.000806699 0.0104177 -0.00186118 0.00184667 0.00602438
internal_weight=0 10624.9 2905.63 1540.57 979.741 237.214 742.528 612.973 560.826 189.09 371.736 96.3177 119.426 7719.28 1682.23 869.33 6037.04 2753.69 671.352 113.762 2082.34 1830.49 1259.45 663.189 435.305 342.631 571.037 3283.35 1365.06 1265.38 684.289 401.826 581.092 265.795 282.463 315.297 115 1242.81 419.422 823.391 727.979 332.717 812.902 557.59 395.262 320.755 146.591 275.418 342.931 291.803 162.586 2040.54 523.547 189.432 596.265 97.5289 534.291 432.086 190.37 166.987 117.788 237.503 508.798 167.463 395.004 227.884 126.769 1967.56 189.143 1778.42 1734.59 1086.09 836.737 575.399 126.414 448.985 355.761 260.307
internal_count=130104 128328 34153 18256 11271 2517 8754 7441 6985 2665 4320 1096 1240 94175 19849 10494 74326 33697 7496 1275 26201 23159 15461 7931 4981 3880 7698 40629 15897 14518 7657 4508 6861 3191 3149 3670 1315 15225 5541 9684 8518 3875 9355 6221 4643 3948 1776 3224 3845 3198 1822 25404 7110 2197 7530 1140 6598 4449 1911 1770 1277 2835 6415 1834 4399 2950 1541 24547 2475 22072 21578 13406 9885 6520 1608 4912 3856 2498
is_linear=0
shrinkage=0.0454652


end of trees

feature_importances:
Column_20=32
Column_7=29
Column_3=26
Column_21=23
Column_29=23
Column_14=18
Column_16=18
Column_18=17
Column_15=16
Column_28=16
Column_13=15
Column_22=15
Column_6=14
Column_12=14
Column_23=13
Column_4=12
Column_11=12
Column_17=12
Column_2=11
Column_0=9
Column_8=8
Column_27=7
Column_30=7
Column_10=6
Column_5=5
Column_9=4
Column_1=3
Column_24=2
Column_33=2
Column_32=1

parameters:
[boosting: gbdt]
[objective: binary]
[metric: auc]
[tree_learner: serial]
[device_type: cpu]
[data_sample_strategy: bagging]
[data: ]
[valid: ]
[num_iterations: 600]
[learning_rate: 0.0454652]
[num_leaves: 79]
[num_threads: 2]
[seed: 1337]
[deterministic: 0]
[force_col_wise: 0]
[force_row_wise: 0]
[histogram_pool_size: -1]
[max_depth: -1]
[min_data_in_leaf: 525]
[min_sum_hessian_in_leaf: 0.001]
[bagging_fraction: 0.774687]
[pos_bagging_fraction: 1]
[neg_bagging_fraction: 1]
[bagging_freq: 1]
[bagging_seed: 1337]
[feature_fraction: 0.515409]
[feature_fraction_bynode: 1]
[feature_fraction_seed: 1337]
[extra_trees: 0]
[extra_seed: 18955]
[early_stopping_round: 0]
[early_stopping_min_delta: 0]
[first_metric_only: 0]
[max_delta_step: 0]
[lambda_l1: 1.07292]
[lambda_l2: 4.08529]
[linear_lambda: 0]
[min_gain_to_split: 0]
[drop_rate: 0.1]
[max_drop: 50]
[skip_drop: 0.5]
[xgboost_dart_mode: 0]
[uniform_drop: 0]
[drop_seed: 17763]
[top_rate: 0.2]
[other_rate: 0.1]
[min_data_per_group: 100]
[max_cat_threshold: 32]
[cat_l2: 10]
[cat_smooth: 10]
[max_cat_to_onehot: 4]
[top_k: 20]
[monotone_constraints: ]
[monotone_constraints_method: basic]
[monotone_penalty: 0]
[feature_contri: ]
[forcedsplits_filename: ]
[refit_decay_rate: 0.9]
[cegb_tradeoff: 1]
[cegb_penalty_split: 0]
[cegb_penalty_feature_lazy: ]
[cegb_penalty_feature_coupled: ]
[path_smooth: 0]
[interaction_constraints: ]
[verbosity: -1]
[saved_feature_importance_type: 0]
[use_quantized_grad: 0]
[num_grad_quant_bins: 4]
[quant_train_renew_leaf: 0]
[stochastic_rounding: 1]
[linear_tree: 0]
[max_bin: 255]
[max_bin_by_feature: ]
[min_data_in_bin: 3]
[bin_construct_sample_cnt: 200000]
[data_random_seed: 4404]
[is_enable_sparse: 1]
[enable_bundle: 1]
[use_missing: 1]
[zero_as_missing: 0]
[feature_pre_filter: 1]
[pre_partition: 0]
[two_round: 0]
[header: 0]
[label_column: ]
[weight_column: ]
[group_column: ]
[ignore_column: ]
[categorical_feature: ]
[forcedbins_filename: ]
[precise_float_parser: 0]
[parser_config_file: ]
[objective_seed: 4113]
[num_class: 1]
[is_unbalance: 0]
[scale_pos_weight: 1]
[sigmoid: 1]
[boost_from_average: 1]
[reg_sqrt: 0]
[alpha: 0.9]
[fair_c: 1]
[poisson_max_delta_step: 0.7]
[tweedie_variance_power: 1.5]
[lambdarank_truncation_level: 30]
[lambdarank_norm: 1]
[label_gain: ]
[lambdarank_position_bias_regularization: 0]
[eval_at: ]
[multi_error_top_k: 1]
[auc_mu_weights: ]
[num_machines: 1]
[local_listen_port: 12400]
[time_out: 120]
[machine_list_filename: ]
[machines: ]
[gpu_platform_id: -1]
[gpu_device_id: -1]
[gpu_use_dp: 0]
[num_gpu: 1]

end of parameters

pandas_categorical:null
