tree
version=v4
num_class=1
num_tree_per_iteration=1
label_index=0
max_feature_idx=33
objective=binary sigmoid:1
feature_names=Column_0 Column_1 Column_2 Column_3 Column_4 Column_5 Column_6 Column_7 Column_8 Column_9 Column_10 Column_11 Column_12 Column_13 Column_14 Column_15 Column_16 Column_17 Column_18 Column_19 Column_20 Column_21 Column_22 Column_23 Column_24 Column_25 Column_26 Column_27 Column_28 Column_29 Column_30 Column_31 Column_32 Column_33
feature_infos=[0.23920178413391113:4.806818962097168] [0.049576185643672943:24.251049041748047] [0.17134076356887817:8.6935958862304688] [0.087584272027015686:1] [-28.67047119140625:41.262332916259766] [-36.190670013427734:42.326030731201172] [-36.841156005859375:62.500308990478516] [-41.300331115722656:63.120437622070312] [-22.455821990966797:30.680826187133789] [0:0.95389312505722046] [0:0.64536702632904053] [0:0.40022626519203186] [-0.51016271114349365:0.51874518394470215] [-0.15357083082199097:0.22172828018665314] [-45.028751373291016:17.161741256713867] [-6.6708002090454102:64.2962646484375] [0:1] [0:95] [0:95] [-1:1] [-29.775985717773438:44.984848022460938] [-30.525325775146484:55.0223388671875] [-2.8409864902496338:15.253066062927246] [0.049656935036182404:5.4310722351074219] [-1:1] [0:1] [0:0.99820786714553833] [-1:1] [-1:1] [-0.78183150291442871:0.97492790222167969] [-0.90096884965896606:1] [0:1] [0:1] [0.8888888955116272:25]
tree_sizes=8584 8745 8669 8715 8765 8652 8644 8739 8713

Tree=0
num_leaves=79
num_cat=0
split_feature=11 30 21 21 18 3 3 3 3 12 3 21 7 3 7 11 17 28 7 21 11 12 32 3 18 14 28 21 3 3 28 3 8 3 18 11 18 7 12 3 3 14 7 18 12 30 11 17 28 7 12 4 17 21 3 12 7 28 12 21 14 28 18 21 17 17 7 7 14 28 12 28 28 18 3 12 28 14
split_gain=55.3321 25.0377 85.4226 32.5497 26.8263 26.8204 26.5991 22.9109 34.933 25.9889 20.4148 19.4135 32.5756 24.8356 26.6918 18.3373 15.8365 14.0858 14.1532 13.6151 23.3855 20.7268 16.8937 31.4079 24.0686 20.6357 32.6255 34.4278 20.2568 16.8479 43.9178 16.8367 16.7057 16.134 16.4157 18.3063 15.8941 15.0647 14.7802 17.1598 30.7915 25.3353 17.2672 22.2003 16.8436 14.5864 14.5851 31.7077 14.1705 17.476 13.5768 13.1231 12.666 20.4869 13.4076 12.5441 18.9034 19.0938 11.9688 11.8318 11.7414 11.6435 11.3377 11.3111 11.2469 20.613 11.1963 11.158 12.9656 23.1577 15.7728 11.0789 10.6207 10.4877 12.4887 10.4737 10.7927 10.182
threshold=0.020711290650069717 0.81174489855766307 4.2171106338500985 12.020509243011476 79.500000000000014 0.26738095283508306 0.26400662958621984 0.28079642355442053 0.50786340236663829 -0.12525325268507001 0.30801160633564001 -0.11795637756586073 1.0000000180025095e-35 0.52066385746002208 -0.33744546771049494 0.15946267545223239 34.500000000000007 -0.8253108263015746 -8.3538513183593732 0.55358973145484935 0.079131416976451888 -0.04477086849510669 1.0000000180025095e-35 0.54729264974594127 51.500000000000007 -2.8624864816665645 -0.83743050694465626 10.415135383605959 0.57198828458786022 0.69571644067764293 -0.16288578510284421 0.38679166138172155 -1.4000209569931028 0.85474067926406871 75.500000000000014 0.1364923641085625 12.500000000000002 -17.219004631042477 0.058531522750854499 0.51196184754371654 0.35601826012134558 -13.138134479522703 2.893611073493958 35.500000000000007 -0.0063611366786062709 1.0000000180025095e-35 0.071521136909723296 21.500000000000004 -0.16288578510284421 19.082334518432621 0.085713148117065444 -0.26599904894828791 18.500000000000004 3.6048685312271123 0.47181421518325811 0.072251640260219588 16.694866180419925 0.60003554821014415 0.020620113238692287 1.4132471084594729 -3.4940440654754634 -0.87137606739997853 77.500000000000014 -2.8595354557037349 56.500000000000007 24.500000000000004 9.9451217651367205 10.125000953674318 -11.302689075469969 -0.35222910344600672 -0.017207438126206395 -0.24825246632099149 0.35222910344600683 85.500000000000014 0.71970131993293773 -0.025721245445311066 0.69930991530418407 -14.029063224792479
decision_type=2 2 2 2 2 2 2 2 2 2 2 2 2 2 2 2 2 2 2 2 2 2 2 2 2 2 2 2 2 2 2 2 2 2 2 2 2 2 2 2 2 2 2 2 2 2 2 2 2 2 2 2 2 2 2 2 2 2 2 2 2 2 2 2 2 2 2 2 2 2 2 2 2 2 2 2 2 2
left_child=11 5 4 6 7 15 -4 -3 67 -10 -8 13 -13 14 51 17 -12 -2 -19 20 38 59 23 25 72 48 31 46 52 30 -30 -27 -31 34 35 37 -37 -22 39 40 -7 -42 58 -44 -43 -46 47 -28 -23 -50 -29 -1 -24 -54 -55 -26 61 -58 -41 -21 -32 -57 -5 -6 65 -34 -67 68 69 -9 -71 -64 -25 74 -14 77 -77 -15
right_child=1 2 3 62 63 19 10 8 9 -11 16 12 73 75 -16 -17 -18 18 -20 21 33 22 28 24 55 26 27 50 29 32 60 -33 64 -35 -36 36 -38 -39 -40 42 41 44 43 -45 45 -47 -48 -49 49 -51 -52 -53 53 54 -56 56 57 -59 -60 -61 -62 -63 71 -65 -66 66 -68 -69 -70 70 -72 -73 -74 -75 -76 76 -78 -79
leaf_value=-0.88972369379354044 -0.85749887259425084 -0.92130002698585545 -0.9032272724379693 -0.8805678476107035 -0.89634035479533125 -0.90278857237116283 -0.84432513463116232 -0.90566550425512671 -0.8749398512640868 -0.90607410660868215 -0.88082621321615084 -0.91700582112386364 -0.8988651016382776 -0.9225663105023505 -0.90164752342000498 -0.909203831274496 -0.86092817905942354 -0.87003837337380319 -0.89372433120933703 -0.89613524786272103 -0.9271999841419627 -0.89543815651948055 -0.89398754618138487 -0.90061027234355573 -0.9044552626925203 -0.93053367530496212 -0.87285552913036413 -0.91432495762957244 -0.8989568791565391 -0.88371501139205555 -0.88156236326267767 -0.89777980825488979 -0.89603174676618924 -0.88605709008030342 -0.88793068956041221 -0.90730235790108893 -0.88134419506335171 -0.90696146060628979 -0.90917078214290004 -0.89607146228704504 -0.85836435939635858 -0.89485498927965934 -0.8951415488121619 -0.86675509118388794 -0.86512133615417586 -0.89653978934037049 -0.86967516768757991 -0.91820801889703429 -0.91106887179101936 -0.88335567121311509 -0.88779187576968566 -0.85937578624240651 -0.89119101244647581 -0.93007615882863648 -0.90389652046316538 -0.90397934908162814 -0.91743533676383127 -0.88160841495027886 -0.91252321973681039 -0.92089549530167858 -0.85196877356456713 -0.92726465119491175 -0.91707210568640118 -0.92021366748325173 -0.88202138529769281 -0.93078997100825189 -0.90084571658830348 -0.90409523350392751 -0.86686935816509825 -0.86000700281530873 -0.89712126828530758 -0.89134245302128146 -0.87484370417879964 -0.89163378241351277 -0.91573481258924194 -0.90170463584334781 -0.87971970843793557 -0.90478488946116453
leaf_weight=65.355089453980327 44.450187182053924 64.373499995097518 54.067074030637741 61.284469315782189 49.587153999134898 151.56860896199942 54.943319039419293 78.198304537683725 59.519067764282227 406.99032928422093 312.20026270672679 508.82061246782541 260.83639344200492 81.957479478791356 140.19949277117848 49.813227733597159 129.35282026603818 78.150439357385039 164.74389194697142 49.338749008253217 97.438336661085486 351.1457804068923 185.44455900974572 74.045454807579517 345.01518633402884 49.899321418255568 78.874267326667905 89.155402909964323 148.66136799193919 169.5059393234551 62.37846645899117 73.92611744813621 234.47527451254427 112.97585880383849 106.33050353825092 94.664084514603019 90.700589686632156 396.06545366346836 102.31365938484669 857.81271612457931 91.9768036454916 192.98922780156136 160.04043566249311 89.055491205304861 104.43145521171391 47.599876284599304 202.1539952121675 47.008121507242322 374.19894406199455 48.672558775171638 63.839194571599364 64.284026518464088 81.646556230261922 89.575738623738289 84.843569606542587 64.570932215079665 60.932230209931731 53.621400369331241 98.166372830048203 141.46756925061345 77.039007112383842 234.44297648780048 61.874595250934362 155.2088961545378 53.227604823186994 66.202638553455472 48.326545812189579 38.574363082647324 106.21460573188961 62.047025483101606 41.370470186695457 65.814746705815196 50.966068778187037 164.62939281575382 141.31916525401175 196.62790461443365 55.510812975466251 403.17563863657415
leaf_count=879 734 950 613 586 744 2081 463 1214 693 4962 3163 6108 3176 1060 1743 907 1522 1240 2690 538 1360 4430 2160 816 3807 561 940 985 1691 2303 776 886 2977 1575 1392 1370 1269 4562 1023 10319 1116 2253 1788 993 1239 494 2336 483 4720 596 590 906 877 916 943 824 611 728 944 1534 730 2711 490 1945 640 804 694 559 1383 909 486 657 476 2066 1669 2251 684 4566
internal_value=-0.897819 -0.896191 -0.891424 -0.8796 -0.89965 -0.897448 -0.87404 -0.896149 -0.893936 -0.901834 -0.870746 -0.904435 -0.908682 -0.899826 -0.888188 -0.885019 -0.874603 -0.880558 -0.885572 -0.898088 -0.895696 -0.899882 -0.899077 -0.901458 -0.908131 -0.897199 -0.890901 -0.885501 -0.894976 -0.890898 -0.881985 -0.911221 -0.895554 -0.901697 -0.904058 -0.906699 -0.894777 -0.911264 -0.892825 -0.891842 -0.88548 -0.879376 -0.89502 -0.884463 -0.885513 -0.874355 -0.877243 -0.890275 -0.902068 -0.907657 -0.90297 -0.873596 -0.902798 -0.909326 -0.918045 -0.911194 -0.916579 -0.900273 -0.897819 -0.914342 -0.86403 -0.922548 -0.896211 -0.914284 -0.900515 -0.903624 -0.919105 -0.882591 -0.879495 -0.887659 -0.873809 -0.90365 -0.890089 -0.90104 -0.905034 -0.904181 -0.896843 -0.90807
internal_weight=0 8687.51 1801.62 739.537 1062.08 6885.89 550.563 857.288 792.914 466.509 496.496 2082.72 1075.61 1007.11 269.839 337.158 441.553 287.345 242.894 6548.73 2794.13 3754.6 3563.8 2262.47 883.594 1378.87 604.856 481.031 1301.33 859.817 288.079 123.825 571.738 898.175 785.199 678.868 185.365 493.504 1895.95 1793.64 588.566 436.997 1205.08 249.096 345.021 152.031 328.036 125.882 774.017 422.872 152.995 129.639 441.51 256.066 174.419 758.583 413.568 114.554 955.979 190.806 139.417 299.014 188.974 204.796 402.232 349.004 114.529 326.405 287.83 181.616 103.417 127.689 125.012 566.785 402.156 737.272 252.139 485.133
internal_count=129879 104771 21339 7494 13845 83432 5761 11156 10206 5655 5148 25108 13019 12089 3528 5571 4685 4664 3930 77861 33778 44083 42011 26500 9973 16527 6781 5334 15511 10615 3197 1447 7418 11528 9953 8561 2639 5922 22250 21227 7183 5102 14044 2781 3986 1733 3759 1423 9746 5316 1575 1785 4896 2736 1859 8681 4874 1339 11263 2072 1506 3535 1733 2689 5115 4475 1498 4551 3992 2609 1395 1147 1292 6911 4845 8561 2935 5626
is_linear=0
shrinkage=1


Tree=1
num_leaves=79
num_cat=0
split_feature=29 28 15 13 15 10 30 10 27 13 27 5 15 6 5 12 5 15 0 13 12 27 29 13 12 0 28 30 0 27 4 15 6 27 10 30 15 15 10 28 13 29 15 12 0 4 33 0 27 30 13 10 8 27 15 27 0 27 27 15 27 28 13 13 28 12 12 0 10 8 12 27 12 10 5 27 15 15
split_gain=40.1358 28.1304 35.0527 38.2328 50.5289 41.6308 30.6601 31.4039 31.3887 24.2443 24.0988 23.8131 23.3248 22.9613 22.6077 22.4734 32.3762 20.544 22.5148 18.9408 26.5069 18.4716 18.2919 17.7831 16.8739 17.6016 23.7708 15.8165 14.8779 14.8514 18.6587 15.3749 17.9925 14.7197 16.2781 15.2773 14.6458 17.5546 15.9616 14.6385 14.4357 14.469 14.3972 14.2093 12.836 12.5609 12.3158 16.9117 15.0205 12.2186 11.7168 11.694 10.8979 10.8295 10.7682 10.6329 19.7602 17.3236 10.4026 18.5081 20.6631 10.4015 13.2042 20.2204 10.3519 15.8048 13.8598 10.2521 10.1513 16.9131 16.0957 10.1213 15.6508 10.0445 13.4039 9.98444 9.64307 9.27974
threshold=-0.60785761475563038 -0.69930991530418385 17.182117462158207 -0.025409232825040814 12.91022300720215 0.11449217051267625 0.81174489855766307 0.097489256411790862 -0.14132478833198545 -0.01319830399006605 0.95032352209091198 0.50113943219184887 3.7500249147415166 2.0541744232177739 -1.7926115393638609 0.072251640260219588 6.0238730907440194 23.011463165283207 0.64583644270896923 -0.062909260392189012 -0.06390750408172606 -0.90159028768539418 1.0000000180025095e-35 -0.0043850643560290328 0.0058628059923648843 0.65343180298805248 -0.41268247365951533 1.0000000180025095e-35 1.1098435521125796 0.86046862602233898 0.34720115363597875 12.91022300720215 3.1671656370162968 0.9015902876853944 0.11264251545071603 1.0000000180025095e-35 5.8480443954467782 12.734058380126955 0.072972800582647337 -0.032717135734856122 0.013027335051447155 0.87837970256805431 11.62654495239258 0.10504707694053651 1.0954131484031679 -0.30308860540390009 0.99736112356185924 0.81097599864006054 0.58244305849075328 -0.56174489110708226 0.019049592316150669 0.055552968755364425 0.97942179441452037 -0.71473535895347584 19.134836196899418 0.71473535895347606 0.70479527115821849 0.93585023283958446 0.076279435306787505 4.593863010406495 -0.89194178581237782 -0.39271505177021021 0.079192396253347411 0.058984497562050826 0.83743050694465648 -0.030345926992595192 -0.0091240722686052305 0.8252808451652528 0.25278680026531225 -3.0232547521591182 0.074665226042270674 -0.71473535895347584 0.15140670537948611 0.2287411838769913 3.5650364160537724 0.098011311143636717 11.227798461914064 11.956377029418947
decision_type=2 2 2 2 2 2 2 2 2 2 2 2 2 2 2 2 2 2 2 2 2 2 2 2 2 2 2 2 2 2 2 2 2 2 2 2 2 2 2 2 2 2 2 2 2 2 10 2 2 2 2 2 2 2 2 2 2 2 2 2 2 2 2 2 2 2 2 2 2 2 2 2 2 2 2 2 2 2
left_child=-1 17 3 4 5 13 10 8 -8 12 14 33 -5 19 51 23 53 18 -2 64 -21 -14 54 -13 25 -22 -27 -26 73 31 -31 32 77 34 -11 39 -35 38 67 -36 -41 -42 -34 68 -18 -33 -23 -48 -49 -39 -45 -4 -37 -17 -16 56 -15 -57 59 -7 -61 -24 63 -63 65 -3 -67 -38 69 76 -71 72 -56 74 -9 -65 -20 -25
right_child=1 2 6 9 -6 58 7 28 -10 11 -12 15 21 55 22 16 44 -19 43 20 24 46 61 29 27 26 -28 -29 -30 30 -32 45 42 36 35 52 37 49 -40 40 41 -43 -44 50 -46 -47 47 48 -50 -51 -52 -53 -54 -55 71 57 -58 -59 -60 60 -62 62 -64 75 -66 66 -68 -69 -70 70 -72 -73 -74 -75 -76 -77 -78 -79
leaf_value=-0.023528049277107502 0.028160809170025065 -0.0074661429845087881 -0.029837020832763839 0.00323711107986654 -0.035014376423022242 0.011813460203663464 0.063773535503991799 0.019547783509212508 0.01414275473694049 -0.0087819145265961279 -0.011875857852819289 -0.0061653932305442442 -0.033315389578840483 0.013932771214666469 0.015839977085335754 -0.0036192784699034118 -0.0021960414243300647 -0.016776292012403854 0.0021882708193986418 -0.004105866087543702 0.011062964870734054 0.0088394346348285302 0.024328374599551554 0.0011864676831538129 0.026383622448233467 0.0088730547464741689 0.044622361989631161 -0.00019826495602710836 -0.0050880912039089569 0.0026682499666204011 0.029149645894711744 0.014668776316015906 0.033254753017088481 -0.0099335472246576614 -0.0065592043605618528 -0.00074141035837116571 -0.008011942114627163 -0.022965339730553893 0.028914068252470414 0.028564783205488338 -0.01249603085398872 0.020523307531030651 0.0026011238401768355 0.030254207824628829 0.02620885183975185 -0.0078278466927186475 -0.024554777928138823 0.012013136872405218 -0.013566017069391883 0.0072553140915818538 0.00052111095172060302 0 -0.023408846336840691 -0.02394522752349889 -0.037571375894816225 0.029839097994867912 -0.02299164884481382 -0.0077201833218921313 -0.0071752459861158359 -0.027809978764235289 0.0055178015300064772 0.0037810206852890299 -0.0014470509863768303 0.03354528163818727 -0.010964965111640908 0.04150722749196456 0.0053686199427398487 0.017937038174732942 0.011384429441724509 -0.0044653254276984054 -0.019157006530909335 0.003400013625061515 -0.0001414730010086554 0.029379329960597909 -0.0077643337004183839 0.010348120402306506 0.026879221552960516 0.02230341508335338
leaf_weight=147.1554255746305 43.868699161335826 55.27492898888886 44.291066266596317 188.73856630735099 56.819604571908712 230.5446913074702 50.674246905371547 84.71809802390635 62.883843155577779 1201.821224225685 171.04398084059358 190.95708967372775 93.869777794927359 42.978976607322693 46.516364874318242 98.217727432027459 59.109547907486558 228.79605451226234 136.44315974600613 72.14464415051043 82.721839644014835 52.343096170574427 125.49352001957595 302.40087331645191 81.464818758890033 55.505421517416835 188.60266421735287 92.859550267457962 89.52747581154108 97.561855260282755 139.66700481064618 61.291384102776647 98.851116474717855 117.7090537250042 88.911748884245753 144.04844597168267 63.338754778727889 46.772571559995413 99.028118567541242 85.886859891936183 53.410141460597515 47.536664038896561 52.049912622198462 40.987872529774904 61.416804077103734 224.41289667598903 160.85130729526281 68.671347744762897 128.02510629966855 54.101652469485998 79.164535254240036 59.024860551580787 62.325974153354764 143.43825556710362 40.667799768969417 45.934751493856311 75.348696205765009 45.788442209362984 331.87131123244762 61.72471858561039 85.682198474183679 211.20453566126525 156.58221744000912 109.04883292503655 57.938713090494275 39.104038076475263 54.981599751859903 53.334581008180976 80.444401614367962 2041.6176363509148 166.28850663639605 81.525907784700394 53.282636523246765 77.313454369083047 57.699335956946015 76.943942440673709 41.702808063477278 47.470747360959649
leaf_count=1752 632 774 448 2156 646 3267 441 897 736 14386 2027 2223 1141 594 626 1260 631 2603 1792 889 1203 1669 1572 3570 1098 668 2252 1083 863 1123 1661 737 1175 1422 1129 1835 913 617 1169 1112 584 530 562 531 693 2724 1462 556 1150 715 993 782 687 1669 558 587 856 555 4467 609 1001 2518 1761 1344 810 544 743 493 1029 24516 1913 1087 675 699 540 957 507 559
internal_value=0 5.58394e-05 0.00148351 -7.03182e-05 0.00558055 0.00704627 0.00747227 0.0179419 0.0381502 -0.00234777 0.00361639 -0.00086561 -0.0101349 0.0130531 0.00633994 0.00334284 -0.00648043 -0.00379001 -0.00261771 0.0166277 0.020889 -0.0152266 0.00869077 0.00632383 0.0245878 0.0307778 0.0369701 0.0122702 0.00996523 0.00871622 0.0186907 0.00556482 0.0103574 -0.00402185 -0.00595437 0.00100833 0.00334589 0.00849922 0.0157934 0.00804864 0.0152474 0.00278208 0.0233435 -0.00320212 0.0122715 -0.00269462 -0.0106784 -0.0137381 -0.00433005 -0.00664087 0.011718 -0.0132636 -0.00814037 -0.01608 -0.00242466 -6.6703e-05 -0.00916408 0.0110506 -0.00129548 0.00376125 -0.00848938 0.0123876 0.00943583 0.0138187 0.00443605 0.0108611 0.0219877 0.00365162 -0.00396685 -0.0045234 -0.00562722 -0.00778826 -0.0177316 0.0162975 0.00824157 0.0246341 0.00870895 0.00441379
internal_weight=0 10602.6 7743.3 6144.86 1757.29 1700.47 1598.44 422.816 113.558 4387.57 1175.63 3695.07 692.499 990.649 1004.58 1576.85 362.182 2859.31 2630.52 780.598 573.299 503.761 901.266 1214.66 501.154 326.83 244.108 174.324 309.258 1023.71 237.229 786.477 500.773 2118.23 1683.94 482.12 434.285 316.576 215.701 275.745 186.834 100.947 150.901 2586.65 120.526 285.704 409.891 357.548 196.696 100.874 120.152 103.316 206.374 241.656 221.993 210.051 118.328 91.7232 709.823 377.952 147.407 679.273 553.78 397.197 207.299 149.361 94.0856 116.673 2466.5 2386.05 2207.91 175.476 93.9504 219.731 142.417 185.993 178.146 349.872
internal_count=129758 128006 93490 74959 22646 22000 18531 4176 1177 52313 14355 44179 8134 12656 12328 18587 4253 34516 31913 10064 7193 5978 11098 14334 6304 4123 2920 2181 2999 12111 2784 9327 5866 25592 20263 5877 5329 3907 2575 3355 2226 1114 1737 31281 1324 3461 4837 3168 1706 1332 1524 1230 2522 2929 2946 2592 1450 1142 9344 4877 1610 8152 6580 4819 2871 2061 1287 1406 29757 28728 26429 2320 1233 2136 1437 2301 2299 4129
is_linear=0
shrinkage=0.0454652


Tree=2
num_leaves=79
num_cat=0
split_feature=16 16 28 22 3 23 3 3 2 27 4 6 15 2 4 3 3 17 3 28 3 22 2 27 15 0 15 28 4 3 2 15 15 28 15 17 22 3 0 27 2 15 15 17 27 2 2 0 27 28 17 2 2 15 27 15 22 27 3 3 6 27 2 23 17 28 27 3 23 28 17 3 3 2 23 16 2 16
split_gain=37.2778 48.027 41.536 29.299 24.6213 20.385 19.2881 26.0727 23.5495 22.2419 25.2935 25.2695 17.2324 24.1011 16.5995 20.5745 22.9304 18.8115 16.5027 21.6639 15.5283 18.9729 14.8675 22.3826 25.8521 22.1773 16.7796 21.8451 16.2558 15.9646 28.9397 14.8568 14.1602 13.9306 22.1185 14.6445 13.795 12.6281 12.4485 13.4308 12.3308 16.7326 14.4535 16.7097 18.0635 12.3113 12.0557 18.5998 12.0477 11.8619 12.5979 11.8045 11.728 12.6875 17.5602 14.9483 13.4607 11.6465 11.6325 11.3931 11.3515 11.2937 11.26 16.6334 15.214 13.244 11.201 12.828 11.1349 10.9618 10.8274 17.457 11.4236 10.8117 10.3076 10.1216 12.9566 9.90296
threshold=0.82291585206985485 0.58360546827316295 -0.69930991530418385 -0.86226531863212574 0.85939016938209545 0.72460752725601207 0.52314314246177684 0.49049106240272528 0.55114695429801952 0.58244305849075328 -0.41548298299312586 2.9121041297912602 23.011463165283207 1.9339571595191958 -2.4931257963180538 0.28430086374282842 0.25303006172180181 56.500000000000007 0.55671611428260814 0.24825246632099154 0.89635646343231212 -0.49115134775638575 0.79210135340690624 0.95032352209091198 16.725772857666019 1.1149282455444338 12.734058380126955 -0.24825246632099149 1.6229227781295779 0.31845454871654516 0.59395587444305431 14.737194061279299 3.8239470720291142 0.8491516411304475 26.040184974670414 21.500000000000004 0.55566895008087169 0.30291782319545751 1.0320348739624026 0.61734244227409374 1.3072801828384402 13.727497577667238 12.734058380126955 70.500000000000014 -0.2693240344524383 1.2832041978836062 1.0012817382812502 0.98236331343650829 0.032717135734856136 0.71473535895347606 57.500000000000007 0.48114876449108129 2.6771625280380253 5.8480443954467782 0.61734244227409374 7.9368679523468026 -0.32240843772888178 0.076279435306787505 0.35601826012134558 0.3209106326103211 -6.1734385490417472 -0.72982063889503468 0.79210135340690624 1.1303036212921145 43.500000000000007 -0.72982063889503468 0.29026740789413458 0.58964040875434887 0.52600839734077465 -0.2693240344524383 74.500000000000014 0.35601826012134558 0.46371668577194219 1.2397477626800539 0.90977710485458385 0.78222069144248974 1.0813924074172976 0.74844610691070568
decision_type=2 2 2 2 2 2 2 2 2 2 2 2 2 2 2 2 2 2 2 2 2 2 2 2 2 2 2 2 2 2 2 2 2 2 2 2 2 2 2 2 2 2 2 2 2 2 2 2 2 2 2 2 2 2 2 2 2 2 2 2 2 2 2 2 2 2 2 2 2 2 2 2 2 2 2 2 2 2
left_child=1 3 12 18 22 37 7 9 -8 59 69 -12 13 -2 31 16 -16 -18 19 -1 36 -22 26 24 46 28 -4 -28 33 30 51 -3 -21 34 35 -26 40 49 52 -40 42 -42 43 77 -45 -23 -24 -48 -31 50 -5 -29 53 56 55 -55 60 -20 -34 -7 -10 -43 64 -64 -61 -66 67 -27 -44 -11 71 -39 -73 -30 -58 76 -70 -17
right_child=2 14 4 5 -6 6 8 -9 38 10 11 -13 -14 -15 15 20 17 -19 57 32 21 45 23 -25 25 66 27 29 73 48 -32 -33 58 -35 -36 -37 -38 70 39 -41 41 61 68 44 -46 -47 47 -49 -50 -51 -52 -53 -54 54 -56 -57 74 -59 -60 62 -62 -63 63 -65 65 -67 -68 -69 75 -71 -72 72 -74 -75 -76 -77 -78 -79
leaf_value=0.042350053639503664 -0.0030851673736339426 -0.0053622833244288256 0.033964532236695821 0.0267122028338799 -0.0056549216560548097 -0.015516100867751832 -0.023798333538390073 0.021624951278823776 0.0016252067902843346 0.011485357389334783 0.030015812770856107 -0.0036453334146433749 -0.015153179819309663 0.028938907177186547 -0.0076513300876423261 -0.012414813046140283 0.0025352295413401419 0.046506001419077979 0.0074526353322937281 0.032906545630003711 0.023576157905494298 0.011381746662228054 0.0085885532051668493 -0.0074250336801066951 0.0091321775373513318 -0.019145732104846245 0.033083884604312164 0.015288136617767347 0.018857242311219494 -0.014790022451072912 0.041855164773535833 0.015947629194551408 -0.012163492346719679 0.0093020412762110684 0.052328335729549015 0.033334972044254389 -0.00035442157018928825 -0.02918099502742634 0 -0.010837484218120811 -0.03058869432406543 0.0068522943490509644 0.0010053370200791239 -0.01236656275104152 0.012402505156878366 -0.018032041391293222 -0.023591711417933418 0.0086827078376117122 0.0073388818152522088 -0.0094328762540372493 -0.0028335052672139051 -0.013420574166094481 0.024685803197233694 0.012924263293283169 0.024494107157138983 -0.011030755384715867 -0.0031736885699345549 -0.015393321893732773 0.012483548567449354 0.022346109405064409 -0.019008503274546104 -0.017774087274314013 -0.015852086906367076 0.0092650947275739644 -0.014336944179292783 0.015906369564721443 0.013771876833672691 0.0051730515524111703 -0.02698882659927334 -0.0092856057437141412 -0.0020822257090517458 0.0021382453667153768 -0.013380110446869034 -0.0040483112975766991 0.015994698234960348 -0.0066273097104562907 -0.0032609162720449842 0
leaf_weight=60.171928692609072 500.93512725457549 137.96425757557154 91.394747560843825 65.997653294354677 232.34136973880231 110.36902985721827 83.224827645346522 193.21578843332827 91.096304826438427 86.291626872494817 169.66042037308216 58.284400163218379 212.08972059376538 49.662978623062372 92.35781042650342 566.07058995589614 44.723022393882275 37.586355028674006 233.47850232198834 46.198542002588511 62.899814309552312 42.717431161552668 97.431211331859231 181.99696510098875 121.12813667953014 68.690136566758156 82.246685396879911 65.045438658446074 69.009087899699807 79.345129784196615 59.598893351852894 122.1134564243257 51.68898032605648 122.43764350749552 64.068533141165972 104.27334739267826 298.36279712989926 96.542371239513159 1191.7696328796446 293.4077465236187 146.38492613472044 56.760371655225754 67.569717470556498 87.925424799323082 171.31021077558398 71.276897249743342 93.403425805270672 53.881412878632545 124.61959397792816 61.973328895866871 45.949866067618132 46.763125037774444 53.761964889243245 114.43300079368055 109.29937929660082 93.547966359183192 114.57279173657298 52.399334143847227 125.03869396448135 86.40839622169733 119.55828234367073 94.479856535792351 139.70963629707694 81.812608759850264 71.437262443825603 44.894059104844928 112.62912966683507 108.85875201225281 257.31780175678432 120.72765258513391 441.95618341304362 149.41784896329045 251.92926372215152 93.494637252762914 104.88026835024357 132.09058431535959 65.565047835931182 181.68015594221652
leaf_count=599 5678 1538 832 1114 3011 1664 742 2491 1074 1369 2399 771 2417 583 1603 6694 624 539 3221 645 770 503 971 2008 1266 745 952 820 731 789 693 1485 659 1357 695 1084 3608 1200 15012 2834 1800 867 1017 1018 1877 1004 872 589 1401 891 784 481 733 1266 1123 1139 1324 534 1531 1017 1408 1398 1966 1113 818 569 1114 1322 3070 1525 5717 1832 2798 929 1233 1514 866 1865
internal_value=0 -0.00132947 0.0047377 0.00122282 0.00807975 1.5938e-05 0.00171803 0.00650654 -0.000618434 0.00336563 0.0109738 0.0212859 -0.00427557 0 -0.00620473 -0.00735926 0.00740579 0.0244286 0.0109225 0.018658 -0.00851166 0.00416077 0.00984889 0.00707838 0.00952019 0.0132105 0.0161766 0.0122493 0.0183727 0.00724874 0.0173225 0.00455052 0.0114011 0.0231861 0.0286813 0.0209353 -0.00959518 -0.00532525 0.000244985 -0.00219547 -0.0110733 -0.01968 -0.00931883 -0.00601481 0.00375476 -0.00658417 -0.00332465 -0.0115468 -0.00115649 0.00567178 0.0144917 0.0028102 0.00481789 0.00319738 0.0100572 0.00191455 -0.00179764 0.00293903 0.00489309 -0.00276992 -0.00999725 -0.00828063 0.000548399 -0.00635979 0.00830897 -0.0021168 0.00271289 -0.00418585 -0.0154973 -0.000341878 -0.00742769 -0.0120199 -0.00751912 0.00560988 0.00589387 -0.0180415 -0.0224207 -0.00946868
internal_weight=0 7952.26 2835.35 5215.11 2072.66 4646.13 3532.36 1162.81 2369.55 969.595 434.964 227.945 762.688 550.598 2737.16 2477.08 174.667 82.3094 568.976 283.098 2302.41 176.894 1840.32 1291.3 1109.31 864.589 549.014 457.619 574.411 375.372 171.407 260.078 222.926 411.908 289.47 225.401 2125.52 1113.77 2286.33 1485.18 1827.15 297.625 1529.53 1006.99 259.236 113.994 244.716 147.285 203.965 173.921 111.948 111.809 801.15 747.388 317.28 207.981 430.108 285.878 176.728 534.631 210.655 151.24 424.262 221.522 202.74 116.331 290.178 177.549 522.543 207.019 939.846 497.889 401.347 162.504 219.453 454.973 322.883 747.751
internal_count=130115 98775 31340 65115 22662 57926 43590 15702 27888 13211 6064 3170 8678 6261 33660 30637 2766 1163 7189 3434 27871 2277 19651 13683 11675 9243 5968 5136 6062 4184 1994 3023 2835 4402 3045 2350 25594 14336 27146 17846 21986 4065 17921 11454 2895 1507 2432 1461 2190 2789 1898 1301 9300 8567 3528 2405 5039 3755 2190 7147 2482 2265 5483 3079 2404 1387 3181 2067 6467 2894 11547 5830 4630 1660 2557 5450 3936 8559
is_linear=0
shrinkage=0.0454652


Tree=3
num_leaves=79
num_cat=0
split_feature=11 29 22 11 29 5 14 11 2 28 29 14 5 28 21 18 0 22 11 14 14 2 13 22 21 21 13 0 13 18 2 18 21 28 29 11 0 2 2 0 8 5 29 13 21 2 0 11 2 13 28 2 5 13 21 5 1 33 18 18 4 5 28 13 29 21 0 14 21 29 22 21 14 21 21 6 18 2
split_gain=61.6111 32.9325 35.3679 19.6085 27.7066 18.7098 41.837 19.1427 18.1547 19.6473 17.9582 24.1358 17.7901 17.3761 17.3019 28.1407 21.2123 17.0859 12.9571 12.5916 14.7052 13.7422 14.7559 12.985 12.3739 12.9266 11.5707 15.8171 13.7503 10.6081 10.5936 10.2805 9.67594 31.6301 26.31 21.1303 12.9465 12.0547 13.2085 13.4612 10.7396 9.84026 9.48763 9.45645 18.9862 9.32504 19.5761 9.96886 15.4767 12.5935 27.7845 18.4878 16.1699 16.0514 20.0549 12.9918 11.7023 11.4957 10.7371 11.1849 10.2499 16.5152 10.2451 9.94505 9.02232 12.4964 8.8033 8.74777 8.38661 8.0394 7.98966 7.74393 10.6724 7.60517 9.78006 10.5877 7.52226 7.52045
threshold=0.021121991798281673 -0.60785761475563038 -0.6305401325225829 0.1146913804113865 0.6078576147556306 0.46499584615230566 -12.666232109069822 0.081835411489009871 1.028785288333893 0.97854062914848339 0.87837970256805431 -6.665458917617797 5.4599149227142343 0.4904943853616715 12.020509243011476 62.500000000000007 0.72940954566001903 -0.73703652620315541 0.091614585369825377 -2.4885996580123897 -5.3818538188934317 2.2423862218856816 -0.025409232825040814 0.42804059386253362 8.2168292999267596 5.9397871494293222 -0.011208523996174334 0.81389376521110546 -0.017845451831817623 59.500000000000007 0.87676721811294567 83.500000000000014 8.0939536094665545 -0.86046862602233876 -1.0000000180025095e-35 0.12380873411893846 0.77731382846832286 2.0308083295822148 1.6207386255264284 1.3761249184608462 0.21510859578847888 3.9177170991897587 1.0000000180025095e-35 -0.043977608904242509 -0.9327537715435027 2.61151134967804 1.0727525949478152 0.031600421294569976 1.0931061506271365 -0.026571368798613545 0.87137606739997875 0.60779953002929699 1.4362675547599795 -0.035722015425562852 -2.2344238758087154 -0.19107814133167264 1.1904702186584475 1.0013927817344668 75.500000000000014 34.500000000000007 1.6507354378700259 5.9010751247406015 -0.79989895224571217 -0.015264964196830986 -1.0000000180025095e-35 -4.8963782787322989 0.99619740247726452 -9.7540421485900861 -3.8050838708877559 0.87837970256805431 -0.84332704544067372 2.8483690023422246 -4.1966428756713858 2.2173926830291752 -2.5418483018875118 -6.426792860031127 70.500000000000014 0.90053841471672069
decision_type=2 2 2 2 2 2 2 2 2 2 2 2 2 2 2 2 2 2 2 2 2 2 2 2 2 2 2 2 2 2 2 2 2 2 2 2 2 2 2 2 2 2 2 2 2 2 2 2 2 2 2 2 2 2 2 2 2 8 2 2 2 2 2 2 2 2 2 2 2 2 2 2 2 2 2 2 2 2
left_child=12 -2 3 5 14 6 7 13 9 18 17 -12 19 -3 15 -5 -17 -8 70 20 21 22 42 31 25 43 27 28 -24 67 -6 -22 45 35 40 -34 41 38 -38 -40 66 -36 -1 -10 -45 47 -47 58 49 50 51 68 -51 77 -55 -52 57 60 59 64 61 -50 -61 -60 -4 -66 -35 -29 -49 -67 -7 72 -33 74 75 -28 -14 -53
right_child=1 2 32 4 30 8 10 -9 24 -11 11 -13 76 -15 -16 16 -18 -19 -20 -21 23 -23 26 -25 -26 -27 73 29 -30 -31 -32 71 33 34 36 -37 37 -39 39 -41 -42 -43 -44 44 -46 46 -48 48 56 52 55 53 -54 54 -56 -57 -58 -59 63 62 -62 -63 -64 -65 65 69 -68 -69 -70 -71 -72 -73 -74 -75 -76 -77 -78 -79
leaf_value=-0.0039323588193741045 -0.022263156488229668 0.0076165188676989718 0.016549487880962027 0.0083174112420435799 -0.014173025700012529 0.030239004794258909 -0.014924815080411232 -1.0449000753218249e-05 -0.013458228556826907 -0.0046072014749515919 0.029358781960922006 -0.0090866416615862904 -0.029177111281400818 0.045424939552485409 0.0023645671347447919 0.061194778431500847 0.018672270149013497 0.0048973186193810242 0 0.0090416936277047336 -0.021615222301778023 -0.026822639766114643 -0.038827744670977674 0.0037122746116429136 0.019112137573337303 -0.021079831427209098 0.0006371075358397591 0.0011942444110059733 -0.006491500250297131 0.011108138997575888 0.0092360018252088377 -0.012135526324403277 0.0032562248348676228 -0.031313872040724298 0.0059050275586029115 -0.024616405341462585 0.011902825906305699 0.0034681315374262378 0.03992160530315448 0.0074127261039071621 0.0044148288070028742 -0.020349752904851599 0.02163617552554694 0.031133551103877614 -0.0017485714333577815 0.026027321807334382 -0.00072116704071490507 0.012683713841123129 -0.0093773436172191402 -0.0044510331657112261 0.0050479902560900498 -0.0068068589232984089 0.004431299521075174 0.037831649345498444 -0.0019235386941221673 -0.023354332176049281 -0.00029697023542181103 0.0044969161950916461 -0.021196834311514277 -0.0016838187277629744 -0.019822408418952515 0.015537557077937452 0.020113283291603418 0.00085380026467836152 0.01761430885249169 -0.01320492303947945 -0.0056251199979234345 -0.024030159917070137 0.038996065610273647 0.0056503752618664357 0.014536498915571983 -0.020486604257580115 0.017365790417389667 -0.019257120435157798 0.0023127797077405884 -0.016524775928406094 -0.0074629594437644305 0.0078786050263578208
leaf_weight=42.889282969757915 114.15682079643011 49.277108173817396 61.089007813483477 74.245560869574547 54.404188646003604 169.28593426756561 361.9633536785841 65.635598544031382 52.915282230824232 79.283087750896811 58.704311637207866 67.20993803627789 100.74508441984653 62.261289456859231 57.787732312455773 70.069761417806149 49.391038628295064 112.52633438818157 59.215324576944113 104.65860344283283 279.55596076510847 49.952088885009289 64.807622440159321 71.016594028100371 62.011683121323586 58.063722800463438 139.76384960673749 48.289249198511243 55.008196340873837 61.03290125541389 119.45310811884701 48.822253692895174 97.470553090795875 42.810308247804642 78.933159129694104 118.16171512007713 400.78609224595129 224.30086524970829 83.08913504704833 46.762509422376752 95.040536526590586 40.767813269048929 72.443671656772494 46.726179134100676 117.32544355839491 78.632274562492967 167.71008676849306 66.580440524965525 704.80309091135859 1287.6782199516892 48.745327373966575 153.43602514639497 622.38361483626068 56.057825343683362 41.908684087917209 80.841514989733696 628.39565356820822 122.5608958080411 52.737585350871086 53.553032407537103 178.41198159754276 54.588627379387617 171.86415404267609 149.56227723322809 46.966097246855497 144.5379400998354 88.074209533631802 53.834575006738305 55.737480975687504 61.159080982208252 161.13810383901 44.37976074591279 43.930455731227994 47.004193441942334 566.20602152310312 142.27126980014145 63.704638665542006 128.77377206459641
leaf_count=634 1321 600 665 1051 574 1846 4208 931 619 1024 747 673 1131 863 630 818 495 1345 684 1101 3232 606 802 792 604 623 1693 565 736 677 1411 660 1243 531 1150 1282 3957 2972 879 583 1255 410 876 554 1358 1113 2239 1034 6883 15210 593 2184 7364 820 524 1061 7784 3848 621 668 1741 533 2138 1817 554 1778 1091 640 816 708 1879 539 501 657 7335 1703 714 1506
internal_value=0 0.00153719 0.00187139 0.00714157 0.0158175 0.00474573 -0.000229606 0.0188652 0.00958299 0.0153397 -0.00603444 0.00882166 -0.0071353 0.0300026 0.0253564 0.0317784 0.0452075 -0.0101203 0.0195281 -0.00585242 -0.00674848 -0.00421744 -0.00322522 -0.0135287 0.00134296 -0.00270981 -0.00478408 -0.0127657 -0.0250792 -0.00303974 0.0014794 -0.0165905 0.000240375 0.00372301 0.0068746 -0.0119691 0.0104607 0.012667 0.016408 0.0291618 -0.00673564 -0.00301926 0.0119102 0.00228434 0.00785589 -0.000630856 0.00790744 -0.00106981 -0.0019301 0.000294147 0.00585158 0.0107373 -0.00152801 0.00549777 0.0209507 -0.0124778 -0.00529977 -0.00820619 0.00375734 0.00713217 -0.00993044 -0.00744889 0.0147845 -0.00496402 0.00136143 -0.00232565 -0.0150824 -0.0120564 0.0259324 -0.00736536 0.0229982 -0.0056729 0.00147659 -0.00216045 -0.00106807 -0.00796197 -0.0214397 0
internal_weight=0 8657.96 8543.81 2008.89 425.351 1583.54 777.578 177.174 805.965 468.922 600.404 125.914 2100.32 111.538 251.494 193.706 119.461 474.49 389.639 1935.87 1831.21 1343.5 1293.55 487.705 337.042 275.031 1178.22 282.973 119.816 163.157 173.857 416.688 6534.91 1316.2 1100.56 215.632 874.64 754.939 530.638 129.852 225.925 119.701 115.333 216.967 164.052 5218.71 246.342 4972.37 4230.9 2542.14 632.081 502.494 1910.06 380.176 97.9665 129.587 1688.76 1060.36 741.469 539.169 937.804 759.392 225.417 202.3 313.752 252.663 130.885 102.124 122.318 205.697 330.424 137.132 92.7527 895.245 848.241 282.035 164.45 282.21
internal_count=130007 104413 103092 23537 4979 18558 9367 2394 9191 5433 6973 1420 25594 1463 2994 2364 1313 5553 4409 23749 22648 16924 16318 5724 3758 3154 14808 3420 1538 1882 1985 4932 79555 15353 12828 2525 9951 8391 5419 1462 2877 1560 1510 2531 1912 64202 3352 60850 51901 31112 8538 6884 22574 5034 1344 1654 20789 13005 8949 6511 9157 7416 2806 2438 3705 3040 1622 1205 1850 2486 3725 1700 1161 11388 10731 3396 1845 3690
is_linear=0
shrinkage=0.0454652


Tree=4
num_leaves=79
num_cat=0
split_feature=11 29 5 21 12 21 13 5 16 13 16 16 13 13 23 5 1 11 16 23 14 13 11 21 23 18 21 11 0 0 0 4 11 0 13 13 21 12 18 29 16 14 11 29 13 0 13 21 12 29 0 12 11 13 12 23 0 12 18 23 31 21 13 21 8 13 18 12 21 13 5 13 9 29 0 9 5 11
split_gain=48.2664 31.4386 19.446 32.7375 24.4542 24.9115 19.4723 18.6818 18.2128 35.5816 22.9635 19.0735 16.3503 18.6672 25.8826 21.7768 17.8068 16.3053 15.8956 14.8994 25.0836 14.8717 14.4606 14.0536 13.9841 15.0969 13.6107 13.9929 13.1815 12.735 12.6948 12.263 11.5286 13.1405 10.7198 10.469 10.9703 10.3254 14 10.5244 10.1797 18.8544 10.5929 10.1709 10.1116 11.5958 9.88448 10.1173 9.68294 9.41222 21.7919 28.8443 16.6702 11.7325 10.5712 9.72086 12.0818 9.28463 9.24642 8.93799 17.378 10.665 8.67207 12.507 8.60523 8.60309 8.42888 7.77735 7.53988 8.46897 8.32499 7.19885 7.16993 7.11654 10.5214 6.92768 8.68303 11.7071
threshold=0.020291220396757129 -0.60785761475563038 0.54273119568824779 10.236514091491701 0.072251640260219588 10.599288940429689 0.03437603451311589 7.0507779121398935 0.55127933621406566 -0.0061829790938645593 0.3944831937551499 0.77898997068405162 -0.023784829303622242 -0.012675095349550245 0.73652449250221264 -5.3471486568450919 0.74737203121185314 0.13532011210918429 0.91223475337028515 0.89072930812835704 -10.310122489929197 -0.00086558129987679411 0.047960694879293449 13.437692165374758 0.75741896033287059 63.500000000000007 7.7278711795806894 0.14628198742866519 0.76902031898498546 0.67478609085083019 0.88981246948242199 1.2880771160125735 0.086657509207725539 0.80251190066337597 -0.017845451831817623 -0.017845451831817623 1.0000000180025095e-35 0.046357542276382453 81.500000000000014 0.6078576147556306 0.32630275189876562 -11.713077545166014 0.10381038486957551 1.0000000180025095e-35 -0.019535463303327557 0.85902255773544323 -0.035722015425562852 -5.0002465248107901 0.038413304835557945 0.87837970256805431 0.88091287016868602 -0.0012765475548803804 0.043927196413278587 -0.0091981873847544176 0.019937925040721897 1.0678994059562685 1.3422920703887942 0.023201339878141884 67.500000000000014 1.3049069046974184 1.0000000180025095e-35 13.437692165374758 0.054212031885981567 1.83303838968277 -1.1639730334281919 0.0079403985291719454 51.500000000000007 -0.016500577330589291 6.8407421112060556 0.038614528253674514 -0.6549972891807555 0.050871165469288833 0.32757090032100683 1.0000000180025095e-35 0.67818695306777965 0.10142385587096216 -1.1567893624305723 0.10578137263655664
decision_type=2 2 2 2 2 2 2 2 2 2 2 2 2 2 2 2 2 2 2 2 2 2 2 2 2 2 2 2 2 2 2 2 2 2 2 2 2 2 2 2 2 2 2 2 2 2 2 2 2 2 2 2 2 2 2 2 2 2 2 2 2 2 2 2 2 2 2 2 2 2 2 2 2 2 2 2 2 2
left_child=8 -2 3 12 5 26 7 -6 10 -10 44 21 16 14 -14 -15 64 -5 49 20 -12 -11 -9 72 43 31 27 29 -13 37 -27 -26 -28 -34 -16 -22 -37 38 -4 -40 42 67 46 -8 45 -1 47 -31 -30 53 51 52 -51 -17 -55 68 -57 -21 -24 60 -32 71 63 -52 -3 -39 -23 -42 69 70 -56 -61 -7 -66 -75 -18 77 -77
right_child=1 2 4 17 6 23 24 22 9 11 19 28 13 15 34 18 75 -19 -20 57 35 66 58 -25 25 30 32 -29 48 40 59 -33 33 -35 -36 36 -38 65 39 -41 41 -43 -44 -45 -46 -47 -48 -49 -50 50 62 -53 -54 54 55 56 -58 -59 -60 61 -62 -63 -64 -65 73 -67 -68 -69 -70 -71 -72 -73 -74 74 -76 76 -78 -79
leaf_value=-0.008793229077331946 -0.021918984018363466 -0.0050967282118324873 0.015170026349491507 0.00076381088589639028 -0.013180355018059999 -0.025272565711061581 0.02644378854007981 0.025135139038599295 -0.022876768402499872 0.0071249637125749693 -0.015655891919297785 0.02478527045235451 -0.031389794554581081 0.0086299030002145866 0.0031289609160296702 0.012588322621847307 -0.0075733074052773356 0.038009664027080843 0.021451551182776685 -0.0087569833668321787 0 -0.021466954839090165 -0.016739198525304658 0.0094794787938420107 0.030166231516338609 -0.016164631902683167 -0.0003495205389388949 -0.014856156664238921 0.011084516465043617 0.0124927732576637 0.014682345544639317 -0.0010629152253327843 0.036657337137133934 0.013190380817498357 -0.013322147677334591 0.033611901914788495 0.0066590649303834475 0.040409936244406947 0.0082750940267461333 -0.020103546167141547 0.0035843713086596489 0.0055348667637279674 -0.0012238173636748343 0.0042192979241285275 -0.010020810666172887 0.021923950320716715 0.0031787018002282048 0.040939259974543715 -0.013004972363388762 0.045981268179124096 -0.0022928805770287028 -0.0040678135438521577 0.008138166748065459 -0.0088342822472536244 -0.015738076568301111 0.020481571837234213 -0.0056026474455044672 0.01359901854683245 0.0046564552062340961 0.014454469429136221 -0.0078302794790180673 -0.018127669140286438 0.0092549931406512905 -0.02661677140730433 0.018753289998401632 0.010090851751895297 -0.0064404358577774476 -0.017242703216015016 -0.016106528359523507 0.010234380350990915 0.0044032982221664883 -0.0083577393474621869 -0.0031281178569922442 -0.0045425728009886365 0.013534852300551055 0.011448105468535148 -0.0098640418896151928 -0.0025355568396839062
leaf_weight=47.555553218349814 110.87183121591806 63.635059224441648 281.32288974151015 42.22173379547894 371.48283333517611 80.099962946027517 81.108151018619537 45.307340104132891 324.3616641946137 82.422078631818295 46.372055878862739 58.51354275085032 100.16618637368083 384.1187801156193 159.37781184539199 66.145071869716048 226.97921379096806 64.207286238670349 48.591487396508455 156.531145054847 45.930109649896622 158.36847044527531 58.979333339259028 54.793122544884682 55.3196044228971 104.89533697068691 61.510395934805274 56.815253371372819 66.85716269724071 67.158866541460156 180.034169472754 40.580255905166268 76.025677405297756 182.69852938689291 154.39348499663174 106.06343996524811 53.905624162405729 48.415064616128802 55.152999578043818 44.143494836986065 47.767786102369428 1415.8521095346659 65.185278790071607 101.44097442738712 544.51793779619038 44.162011047825217 61.412456525489688 55.349196758121252 62.77356998808682 54.090808046981692 125.60988717339933 101.96510924585164 50.941021993756294 1032.8513563815504 91.253383379429579 80.363919699564576 58.329636756330729 45.399772526696324 115.18211556226015 52.835358437150717 108.86382432840765 85.310453776270151 46.967923037707806 68.211584666743875 192.19182978011668 44.770240312442183 180.5107002556324 110.85362533293664 85.843740969896317 89.075572524219751 68.569440824910998 51.407239457592368 57.820369845256209 99.218801295384765 171.93108177371323 238.37473139725626 103.57352811656892 241.35509144701064
leaf_count=670 1319 915 3865 467 4469 859 808 516 3810 1057 540 665 1132 4822 1791 809 2880 868 515 1933 578 1967 748 684 734 1077 744 792 728 773 2019 536 889 1892 1801 1305 717 607 780 562 510 16233 815 1112 6663 519 791 754 687 617 1483 1234 725 12531 1090 849 740 579 1369 608 1166 1078 526 725 2554 547 2247 1379 982 1075 856 584 697 1606 2112 2831 1264 3206
internal_value=0 0.00166814 0.00198703 -0.000162914 0.00414174 0.00657537 -0.000632762 -0.00699139 -0.0061155 -0.0107745 -0.00205584 -0.00414442 -0.000815459 -0.00276018 -0.0116554 -0.00122235 0.00331305 0.0242496 -0.00308856 0.00566201 0.0129835 -0.00954404 0.00331554 -0.00895884 0.00368357 0.000576417 0.00772489 0.00647293 0.00763875 0.00704704 -0.00213319 0.0169602 0.0165808 0.0207344 -0.00487965 0.0198449 0.0252188 0.013732 0.0100084 -0.00416501 0.00525665 0.00384095 0.0138056 0.0147179 -0.00764268 0.00579211 0.0193026 0.0266366 -0.000256919 -0.00374502 0.00197725 0.0127506 0.0290661 -0.00540641 -0.00626081 -0.000516801 0.00932339 -0.00332395 -0.00253305 0.000952779 0.00604165 -0.00651509 -0.0071432 -0.0114724 0.0097917 0.0273804 -0.0137771 -0.0107384 -0.00480111 -0.000511977 -0.00690476 0.00286339 -0.0166895 0.0119675 0.00677351 -0.000868495 0.00169201 0.00435001
internal_weight=0 8741.32 8630.45 4310.55 4319.89 2867.15 1452.75 590.952 2024.24 933.807 1090.44 609.446 4204.13 2866.87 413.937 2452.93 1337.26 106.429 2068.81 454.202 252.271 421.301 219.469 192.713 861.795 679.246 2674.43 2354.2 188.144 2297.38 583.346 95.8999 320.235 258.724 313.771 205.899 159.969 473.805 380.619 99.2965 1823.58 1574.47 249.106 182.549 636.236 91.7176 183.921 122.508 129.631 2020.22 447.786 206.997 105.032 1572.43 1506.29 473.436 138.694 201.931 174.161 478.451 288.898 189.553 240.789 193.821 526.977 93.1853 338.879 158.621 334.742 248.898 159.823 104.243 137.92 463.342 271.15 810.283 583.303 479.73
internal_count=129987 105322 104003 53006 50997 34173 16824 7102 24665 11161 13504 7351 51671 34303 4724 29579 17368 1335 24757 5652 3140 5271 2633 2240 9722 7802 31933 28408 2080 27616 6532 1270 3525 2781 3592 2600 2022 6361 5207 1342 21255 18122 3133 1920 7852 1189 2318 1527 1415 24242 5310 2576 1342 18932 18123 5592 1589 2512 2117 5455 3185 2270 2734 2208 7187 1154 4214 1889 4003 3021 1946 1192 1556 6272 3718 10181 7301 6037
is_linear=0
shrinkage=0.0454652


Tree=5
num_leaves=79
num_cat=0
split_feature=16 30 16 23 5 18 30 3 3 3 6 2 23 2 2 4 3 3 5 23 18 5 0 2 18 4 2 4 23 3 2 3 3 6 18 1 2 3 30 2 18 30 3 3 9 2 16 18 2 20 4 16 3 23 5 2 0 20 5 2 6 31 25 4 20 6 19 2 4 0 0 0 2 2 9 2 3 3
split_gain=29.8859 59.088 36.4927 29.4777 28.2057 25.2089 22.6857 30.0855 27.0032 23.1307 36.0342 29.481 35.0923 17.7962 17.1902 16.9035 17.0623 28.282 16.3437 15.5556 16.3052 15.0859 14.5965 14.0658 13.7866 13.2084 12.8456 12.7855 12.7775 14.1157 12.6527 11.4536 12.336 14.6969 11.9891 11.4432 11.3819 11.0885 16.0586 11.748 11.3468 24.3257 13.1121 12.3324 10.8942 10.6682 10.1761 10.1622 21.859 25.9206 10.1427 9.45765 15.2819 14.7934 11.8418 13.7562 9.66017 11.2206 14.408 14.0097 9.10314 8.98233 10.3364 8.95381 8.54637 13.3979 10.9275 8.99809 8.4228 9.58803 10.1065 13.5432 8.42168 8.41978 17.2486 16.2017 13.3773 10.4363
threshold=0.82291585206985485 0.81174489855766307 0.57958945631980907 0.82346820831298839 2.3864755630493169 83.500000000000014 1.0000000180025095e-35 0.2441363409161568 0.25303006172180181 0.48015630245208746 1.8772291541099551 0.69012680649757396 0.96273815631866466 0.80503880977630626 0.61764115095138561 -1.0716568827629087 0.56754219532012951 0.35826425254344946 1.7735742926597597 0.50081759691238414 25.500000000000004 5.3587002754211435 1.0398008823394778 0.60273715853691112 18.500000000000004 -2.4342467784881587 1.4216451048851015 1.7981574535369875 0.55328068137168895 0.46541570127010351 0.75682196021080028 0.28430086374282842 0.25303006172180181 -0.55466839671134938 44.500000000000007 0.83928593993186962 0.50506436824798595 0.89635646343231212 1.0000000180025095e-35 1.3072801828384402 42.500000000000007 0.81174489855766307 0.45225353538990026 0.709478259086609 0.16978141665458682 2.0814499855041508 0.84900006651878368 55.500000000000007 0.7375333607196809 1.6552611589431765 1.965529799461365 0.39058858156204229 0.83580163121223461 0.86510124802589428 -3.392584919929504 2.3601429462432866 1.3529312014579775 0.65323644876480114 3.7336988449096684 1.0118143558502199 1.2240674495697024 1.0000000180025095e-35 0.067134469747543349 0.9957742989063264 0.56028938293457042 -4.5760762691497794 -0.15000000223517415 0.80088320374488842 0.79184624552726757 0.93960925936698925 0.80251190066337597 0.73525437712669384 0.90982395410537731 1.4306676387786867 0.052623694762587554 0.91906610131263744 0.71606770157814037 0.71606770157814037
decision_type=2 2 2 2 2 2 2 2 2 2 2 2 2 2 2 2 2 2 2 2 2 2 2 2 2 2 2 2 2 2 2 2 2 2 2 2 2 2 2 2 2 2 2 2 2 2 2 2 2 2 2 2 2 2 2 2 2 2 2 2 2 2 2 2 2 2 2 2 2 2 2 2 2 2 2 2 2 2
left_child=2 19 6 4 -3 -6 8 -8 35 10 18 12 -11 -5 -12 -10 17 24 36 -2 22 63 -21 -18 -17 30 28 73 -19 50 -4 32 34 -34 -27 -1 -9 39 -39 40 41 42 -33 -44 -43 -23 -22 48 -42 -50 -30 54 56 -54 72 -56 57 59 -59 -53 -41 68 -63 -15 65 -38 -67 -68 69 70 71 -48 -13 75 -75 76 -25 -77
right_child=1 3 25 13 5 -7 7 9 15 11 14 51 -14 21 -16 16 23 26 -20 20 46 45 -24 27 -26 31 -28 -29 29 -31 -32 37 33 -35 -36 -37 64 38 -40 60 47 44 43 -45 -46 -47 61 -49 49 -51 -52 52 53 -55 55 -57 -58 58 -60 -61 -62 62 -64 -65 -66 66 67 -69 -70 -71 -72 -73 -74 74 -76 77 -78 -79
leaf_value=0.036470020625024253 0.015599540571746182 0.041274415758799365 -0.011626664304774412 0.02947324511265648 -0.0051913872651726308 0.030698089505137974 -0.034235045820055252 -0.0073955291098605092 -0.002122121623762178 -0.034680534377444193 0.0066689826747689225 0.017213422259860334 0.0081456127707477191 0.00094772194572513341 -0.023305435932265167 -0.022866252983035171 -0.022373753366470572 0.0363787419223318 0.028998595251500465 0.031774052682056089 0.0070798338744695781 0.019945044014726881 0 0.0013898451624799143 0.0023956726458000269 -0.021308436996040504 -0.00051584359504921312 -0.0074859607313703122 0.001852633350304706 0.022833090504268766 0.0094451924604669682 -0.022604732567559391 0.035872572636673344 -0.00074217693533007792 0.0093536076467652766 0.0016294009283812463 -0.0011606231439819791 0.014092837015047733 -0.012960356573363556 -0.030262543552994185 -0.012020617840464055 -0.0048079446008970454 -0.0029318986867367821 -0.02794339137507593 0.025166916705337404 -0.003308193748806866 -0.0031762242796105683 -0.0060024830649850654 0.039550734131006987 -0.0039692962077942364 0.025150494475758872 -0.028310134459287994 0.037617014105117086 0 -0.013954951056646521 0.012415377060081422 0.015647892518470912 0.019839723937102344 -0.011493439860338042 -0.00062550274992189477 -0.011758157630849968 0.0059007694665788989 -0.011609771963261455 -0.021187134507033099 -0.006995614020488791 0.0025158973945232808 0.015315120044441369 0.040478184068509497 -0.00401879820128346 0.010932991618277977 -0.013403094372973271 0.021632525635892196 -0.0024060369579570972 0.033251245890733395 0.005248809563004257 0.0043159475098873941 0.030254237552093523 -0.012486819449266077
leaf_weight=67.080561833456159 125.49921794235706 139.57734724134207 76.458621738478541 56.738982100039721 78.988167058676481 73.073160283267498 57.116874733939767 82.297389723360538 1030.2005469258875 128.04433116875589 55.162292929366231 46.711629904806614 52.173739533871412 83.432189237326384 109.23569761775434 53.44412550330162 46.302855081856251 65.805125197395682 85.666868772357702 54.67191131785512 234.28745768219233 107.10344893299043 62.323009606450796 85.540541352704167 186.91341120004654 50.065303536131978 90.331804459914565 208.88365795277059 205.15638978220522 220.51357737742364 206.21258357167244 271.60074177011847 38.556687207892537 42.657537173479795 45.43557764776051 31.543355962261558 83.859261471778154 107.96250740997493 71.095901597291231 75.410602133721113 77.839748391881585 47.060939759016037 221.22990914061666 48.080029956996441 42.731793599203229 57.677571550011635 148.28371361270547 980.98062466457486 54.523958534002304 49.83708380907774 45.524785010144114 64.806230435147882 42.189346395432949 40.013188512995839 354.02970646135509 41.018056219443679 52.251020943745971 62.631652660667896 50.113766048103571 92.425592424347997 287.85310223326087 78.901021420955658 370.89354174956679 59.114118540659547 42.146788517013192 62.062572384253144 91.182437486946583 58.078246980905533 736.68868834339082 209.60986625403166 97.248277954757214 59.674768123775721 404.42853706888855 54.883232435211539 238.5566611494869 130.64259109087288 54.944045573472977 165.3110473472625
leaf_count=1148 1541 1407 807 481 750 649 917 1058 12324 1443 646 539 614 734 1454 671 418 867 1029 624 2762 1039 777 1051 2877 865 957 2422 2737 2422 2450 3091 514 639 790 517 1552 1482 801 1029 886 571 2443 509 533 563 1672 11895 612 547 504 781 482 602 4511 533 700 842 610 1310 4013 962 4475 582 454 764 1182 727 8210 2257 1033 665 4883 679 3067 1438 602 1914
internal_value=0 0.00394088 -0.00149486 0.0158621 0.0266023 0.0120948 0.00077135 -0.00276418 0.00334648 -0.00182046 0.00509694 -0.00509738 -0.0221118 0.00692638 -0.0130404 0.00250791 0.00510766 0.00974693 0.011151 0.000306689 -0.000633759 0.00227508 0.0155157 0.000948491 -0.0033101 -0.00567337 0.0148159 0.00224252 0.0174696 0.0144361 0.003491 -0.00672761 0.00417886 0.0169544 -0.00644552 0.0263098 0.00714779 -0.0075793 0.00303541 -0.00848704 -0.00690028 -0.0118391 -0.0155004 -0.00792647 0.00941171 0.0116338 -0.00166567 -0.0041485 0.00548433 0.0189515 0.00661055 -0.00254266 0.00307984 0.0201116 -0.00528916 -0.0109956 -0.00131297 -0.00495786 0.00558014 -0.0127666 -0.0160261 -0.0029127 -0.00840521 -0.0082335 0.0108848 0.0136615 0.0196802 0.0262419 -0.000878905 0.00351646 -0.00149648 0.00399235 -0.00013121 0.00511934 0.0110348 0.000965876 0.0135522 -0.00494923
internal_weight=0 2833.79 7934.82 655.705 291.639 152.061 5139.22 2157.65 2981.58 2100.53 669.692 1430.84 180.218 364.066 164.398 2882.95 1852.75 867.689 505.294 2178.08 2052.58 307.327 116.995 985.065 240.358 2795.59 627.332 938.762 537 471.195 282.671 2512.92 176.715 81.2142 95.5009 98.6239 419.627 2336.21 179.058 2157.15 1793.88 630.703 540.911 269.31 89.7927 164.781 1935.59 1163.18 182.201 104.361 250.681 1250.62 404.431 82.2025 846.188 395.048 322.228 269.977 112.745 157.232 363.264 1701.3 449.795 142.546 337.329 295.183 211.323 149.261 1251.51 514.817 305.207 207.958 451.14 729.878 293.44 436.438 140.485 295.954
internal_count=129908 31183 98725 6205 2806 1399 64248 27633 36615 26716 8866 17850 2057 3399 2100 34950 22626 11035 6766 24978 23437 2918 1401 11591 3548 34477 7487 11173 6530 5663 3257 31220 2808 1153 1655 1665 5737 28412 2283 26129 21087 7147 6043 2952 1104 1602 22036 13940 2045 1159 3241 15793 5327 1084 10466 5044 4243 3543 1452 2091 5042 19274 5437 1316 4679 4225 2673 1909 13837 5627 3370 2337 5422 8751 3746 5005 1653 3352
is_linear=0
shrinkage=0.0454652


Tree=6
num_leaves=79
num_cat=0
split_feature=11 15 20 32 5 11 32 21 15 12 21 15 8 15 15 0 18 5 21 3 5 3 3 3 33 12 3 12 17 3 21 0 21 11 11 20 0 3 21 0 0 11 12 15 18 3 12 11 18 3 0 0 20 15 21 5 18 12 20 8 15 20 11 15 15 31 12 0 15 4 11 21 18 17 12 3 3 8
split_gain=47.7616 18.3607 19.0523 16.7073 16.5546 22.3905 21.6033 21.4241 19.6598 19.4834 28.2739 19.3254 16.0472 16.0129 14.7726 14.5807 14.4987 14.1762 23.3129 14.1144 14.6562 13.9346 13.0849 12.9283 11.9887 13.872 11.5508 11.4293 11.088 10.697 20.924 15.9074 10.3094 12.9039 13.5012 11.1109 14.4426 16.332 9.40875 11.5222 13.0085 9.21332 8.74612 9.21208 8.73588 15.0628 13.5906 14.2647 10.5147 10.3363 9.41498 9.05333 8.87809 8.5653 9.42023 8.48253 8.24487 8.14546 8.08551 7.72791 8.0734 8.59906 7.53058 7.23922 7.18924 7.07585 7.06182 7.02402 6.80417 10.8547 8.4848 6.76341 8.20402 7.4886 7.00401 8.14359 19.9934 27.4351
threshold=0.023648678325116638 9.9650878906250018 2.0075125694274907 1.0000000180025095e-35 1.0000000180025095e-35 0.15537108480930331 1.0000000180025095e-35 10.236514091491701 12.215703487396242 0.072251640260219588 8.9189295768737811 14.965861320495607 -0.38531927764415735 20.011120796203617 31.310359954833988 1.1809650063514712 78.500000000000014 -0.34399951994419092 4.5245895385742196 0.73662748932838451 8.2979240417480487 0.55425605177879345 0.34855362772941595 0.3756395429372788 0.99393379688262951 0.030077075585722927 0.90247163176536571 0.095802854746580138 1.5000000000000002 0.27747114002704626 7.6051621437072763 0.50069946050643932 10.599288940429689 0.12172105535864831 0.10103136673569681 0.6237829625606538 0.80251190066337597 0.457323968410492 5.4599037170410165 0.57573550939559948 0.8252808451652528 0.085342388600111022 0.047226410359144218 12.734058380126955 52.500000000000007 0.66934624314308178 0.04294965602457524 0.050553804263472564 12.500000000000002 0.46748131513595587 0.96876519918441784 1.2911066412925722 2.6949576139450078 10.417715072631838 5.5577111244201669 0.46499584615230566 44.500000000000007 0.032777322456240661 -1.2777845859527586 -3.120809674263 19.316024780273441 5.3757774829864511 0.056909240782260902 13.174785137176515 8.5409426689147967 1.0000000180025095e-35 0.063944276422262206 0.74413865804672252 24.436732292175297 0.63798442482948314 0.12605612725019458 0.33781750500202185 61.500000000000007 69.500000000000014 0.04294965602457524 0.52066385746002208 0.44775147736072546 -0.52117437124252308
decision_type=2 2 2 2 2 2 2 2 2 2 2 2 2 2 2 2 2 2 2 2 2 2 2 2 10 2 2 2 2 2 2 2 2 2 2 2 2 2 2 2 2 2 2 2 2 2 2 2 2 2 2 2 2 2 2 2 2 2 2 2 2 2 2 2 2 2 2 2 2 2 2 2 2 2 2 2 2 2
left_child=1 2 71 16 7 9 14 8 57 26 59 56 -13 19 -7 -8 64 21 24 -12 -21 23 58 -3 -19 -26 29 -15 -29 30 38 -31 33 34 44 -36 -37 -38 39 -6 41 -41 43 -35 45 48 -46 49 -33 -48 -47 -52 -51 -49 -55 -50 63 -2 -14 -11 61 -61 -63 -10 -4 66 -59 -24 69 70 -30 74 73 -73 75 76 -1 -78
right_child=4 17 3 -5 5 6 15 -9 11 10 13 12 22 27 -16 -17 -18 18 -20 20 -22 -23 67 -25 25 -27 -28 28 68 31 -32 32 -34 42 35 36 37 -39 -40 40 -42 -43 -44 -45 46 50 47 53 55 52 51 -53 -54 54 -56 -57 -58 65 -60 60 -62 62 -64 -65 -66 -67 -68 -69 -70 -71 -72 72 -74 -75 -76 -77 77 -79
leaf_value=-0.0079820394438616382 0.0014838977348321028 0.0080220211254262413 0.018740810222668165 -0.010921129585186842 -0.0089671486554258589 -0.017592635907032521 0.020381792222106138 0.021547803568545364 -0.010000324919397473 0.0064988276536052164 0.031089405993738616 0.0069589045861363453 -0.011590759874066783 -0.013972590764759405 0.0072203160425986825 -0.0073065736395484127 0.03873505926851456 0 0.00055960876507930098 -0.0097572350162676846 0.020546231682544838 0.016862684334673885 -0.00026597880743847914 -0.023007778773642344 -0.011594452220757681 -0.030720336856290609 0.019959819385636665 -0.0082110780721132062 0.03527018515105422 0.022020247603192284 0.04343776557050142 -0.00520408290283978 -0.010395980835724702 0.022661245527512936 -0.022146443202501188 0.018597286071909625 -0.024435756160035647 0.0073045246822259526 -0.010653678474384202 0.011161258058635827 0 0.043327828866644248 0.02761223090429038 0 -0.0016083767206973526 0.0088062788769942679 -0.00053162803582369961 -0.01146715149900647 -0.0017472854273409193 0.033713944482443796 -0.023057006773975493 0.0020356668980260296 0.0099962981796574112 0.017733146870229706 -0.0021468605986851332 0.015893542170050082 -0.0082845193235189709 -0.018387118143605132 0.0093443638274586655 -0.014598256788087263 0.0063695410748502946 0.013752662731597318 -0.010995725647948752 -0.032327345604935664 -0.0042681525058734073 0.0047860329409129664 0.00093638937733450873 -0.022751274628031809 -0.00092260486616808088 0.00060054823496037679 0.008211333061889179 -0.025437531590096894 -0.0023680134686322489 -0.0036719267462866716 0.013750336185134706 -0.0062309972513067873 -0.0079547858679793818 0.033309754649726464
leaf_weight=156.82833152450621 2532.2633905578405 42.668756887316704 50.937422459945083 51.613750036805868 33.731538578867912 252.25054999627173 82.298332165926695 83.854483060538769 64.019533077254891 64.089323151856661 80.529407422989607 237.82903399504721 58.25797875598073 78.626807570457458 55.971792304888368 65.822708962485194 44.522577496245503 50.249239269644022 140.12845189496875 57.652160659432411 64.576822765171528 59.896225716918707 43.191069632768631 60.759071234613657 148.55056455731392 218.42414750531316 125.19234844483435 95.300829557701945 55.629765151068568 105.51930360868573 40.745244648307562 59.945089703425765 90.866665715351701 51.820955356582999 62.936658930033445 53.137521952390671 63.564020654186606 60.225455868989229 37.875976037234068 44.578835366293788 45.944548957049847 43.780364841222763 75.566866714507341 98.84604717604816 701.6292445641011 79.427048787474632 45.624192375689745 73.031164146959782 57.107718840241432 78.170936720445752 57.31572332046926 50.15458489023149 74.654912129044533 81.336002338677645 106.03107644058764 496.42458608187735 171.63688662834466 115.17279813066125 92.712948381900787 366.93946444429457 52.66584917716682 44.286938024684787 49.078642889857292 87.125587278977036 49.455503676086664 63.419107830151916 50.689014794304967 120.83718264847994 84.054660577327013 81.177779683843255 55.141811091452837 99.109344091266394 139.55296141654253 58.51370676420629 43.612717654556036 804.02822794765234 53.336540909484029 73.500645115971565
leaf_count=2224 31274 590 656 546 562 2754 893 1080 809 829 929 2833 745 843 744 975 622 1524 1639 742 729 773 642 725 1489 2089 1635 996 653 1704 449 689 1028 602 723 641 664 697 537 804 667 607 755 1061 8179 806 645 902 669 824 616 630 846 929 1153 5690 2185 1353 1174 4394 591 502 625 1109 629 721 573 1364 915 904 573 1214 1727 728 529 9509 614 875
internal_value=0 -0.0056796 -0.00294672 0.0101109 0.00165234 0.00345194 -0.00603209 -0.000599891 -0.00114751 0.00449271 -0.000287863 -0.00707192 -0.00177649 0.00613542 -0.012895 0.00789116 0.0180232 -0.0117232 -0.0151527 0.016626 0.00601342 0 -0.00852937 -0.00993444 -0.0204999 -0.0233226 0.00646947 0.00119341 0.004652 0.0058365 0.0149258 0.00494144 0.00417183 0.00475388 0.00364512 -0.00637277 -0.000119066 -0.00887213 0.00831637 0.0130271 0.0190053 0.0288373 0.0150717 0.00790386 0.0049061 0.00857231 0.00231445 0.00837952 0.0120104 0.0174481 -0.00247308 -0.0112637 0.0230007 0.00112112 0.0064225 0.0139866 -0.0158566 0.000721 0.000858601 -0.00762898 -0.00952582 -0.0114896 0.000327245 -0.0236968 0.00721556 -0.00737417 -0.0123141 -0.0172711 0.0093226 0.0139835 0.0229962 -0.00480094 -0.0109293 -0.0179561 -0.00311462 -0.00388445 0.00259117 0.0158782
internal_weight=0 2345.69 1625.01 196.529 8402.29 4681.28 456.343 3721.01 3637.15 4224.93 1229.75 875.61 552.828 652.69 308.222 148.121 144.916 720.676 557.352 202.758 122.229 163.324 314.999 103.428 417.224 366.975 2995.18 449.932 371.305 2869.99 246.657 2623.34 2517.82 2426.95 2200.72 239.864 176.927 123.789 205.911 168.035 134.304 88.3592 226.234 150.667 1960.85 800.375 1160.48 458.848 613.477 198.45 186.897 107.47 152.826 260.398 187.367 553.532 322.782 2761.54 150.971 577.06 512.971 460.305 93.3656 151.145 100.393 229.281 165.862 164.028 276.004 191.949 110.772 1428.48 297.176 157.623 1131.31 1087.69 283.666 126.837
internal_count=129869 28702 19873 2453 101167 55305 5366 45862 44782 49939 14225 10861 6758 7284 3498 1868 1907 8829 6741 2400 1471 2088 3925 1315 5102 3578 35714 4884 4041 34079 3626 30453 28749 27721 25303 2725 2002 1361 3177 2640 2078 1411 2418 1663 22578 9100 13478 5299 7048 2315 2052 1246 1670 2984 2082 6359 4103 33921 1919 6941 6112 5521 1127 1918 1285 2647 1926 2006 3045 2130 1226 17420 3669 1942 13751 13222 3713 1489
is_linear=0
shrinkage=0.0454652


Tree=7
num_leaves=79
num_cat=0
split_feature=11 22 16 13 3 16 32 23 23 14 23 9 7 3 13 13 3 3 14 6 16 23 7 12 22 12 3 12 6 3 22 7 14 12 4 16 13 14 7 3 16 9 23 3 14 9 23 11 22 23 6 16 3 6 14 13 23 11 13 3 3 3 11 13 3 6 17 14 16 14 11 13 3 7 14 3 3 13
split_gain=44.7231 31.1954 22.2747 33.7817 20.8584 18.5772 17.9915 16.176 14.1879 19.4564 14.1002 14.0804 13.1415 12.7966 13.2345 13.7351 11.5402 13.6065 10.6835 14.1035 10.9402 12.8962 13.3693 16.4342 12.9278 13.121 13.1525 12.517 17.8125 15.6946 14.3909 12.9799 12.8597 11.8812 12.4193 10.6648 10.5802 10.2946 10.0875 10.0425 10.0192 9.96559 9.93666 9.87621 9.40263 13.255 9.17046 9.16727 13.8809 12.7141 12.8161 9.13433 15.6578 10.7567 8.8624 15.7864 20.687 12.8805 18.446 12.2892 17.3931 11.0303 9.27229 10.2779 8.96834 8.83781 9.93907 12.6255 8.60714 11.7698 8.58573 8.56056 8.28632 8.22607 9.19852 8.2069 17.2241 9.87197
threshold=0.023648678325116638 -0.93854415416717518 0.55127933621406566 -0.0061829790938645593 0.54025420546531688 0.3862151056528092 1.0000000180025095e-35 0.56740379333496105 0.89072930812835704 -10.931856632232664 0.67856827378273021 0.23641694337129596 0.23433852940797809 0.58173707127571117 0.0047463832888752231 0.044275538995862014 0.89635646343231212 0.75290206074714672 -27.471098899841305 -14.355575561523436 0.82940569519996654 1.1687138676643374 12.644034385681154 -0.030345926992595192 -0.48029650747776026 0.0065615398343652495 0.45978929102420812 0.072251640260219588 7.6766200065612802 0.85939016938209545 0.045413881540298469 15.600475311279299 -2.755683064460754 0.090552013367414488 0.85191342234611522 0.78580507636070263 0.010944801848381759 -6.6048190593719474 -0.11143552511930464 0.59242457151412975 0.75905582308769237 0.046144178137183196 0.57699060440063488 0.44389441609382635 -12.666232109069822 0.22165351361036303 0.85029914975166332 0.10684614628553392 -0.31111226975917811 0.76315343379974376 2.1136555671691899 0.69672295451164257 0.56754219532012951 3.2371438741683964 -3.6575429439544673 0.073440685868263259 0.78611519932746898 0.079826358705759062 0.024311221204698089 0.26400662958621984 0.31064902245998388 0.47761167585849768 0.12076286226511003 0.035534523427486427 0.36362852156162268 -9.2754154205322248 81.500000000000014 -11.505359649658201 0.38214336335659033 -6.1745982170104972 0.0097589162178337591 -0.034423796460032456 0.28430086374282842 -8.0066995620727521 -11.302689075469969 0.85939016938209545 0.73246982693672191 -0.0091981873847544176
decision_type=2 2 2 2 2 2 2 2 2 2 2 2 2 2 2 2 2 2 2 2 2 2 2 2 2 2 2 2 2 2 2 2 2 2 2 2 2 2 2 2 2 2 2 2 2 2 2 2 2 2 2 2 2 2 2 2 2 2 2 2 2 2 2 2 2 2 2 2 2 2 2 2 2 2 2 2 2 2
left_child=2 7 5 -4 6 10 35 13 9 -7 12 38 -1 14 -2 -16 17 36 -3 -20 21 22 24 -24 25 26 46 54 32 30 33 -32 -29 -30 -35 42 70 -10 39 -11 -25 -12 -5 -44 -9 -46 -21 49 -49 -26 75 52 72 -53 -22 56 57 58 -56 -57 -61 62 63 -58 -59 -43 -67 -68 71 -70 -6 -28 -27 -73 -75 76 77 -51
right_child=1 18 3 4 16 8 -8 44 37 11 41 -13 -14 -15 15 -17 -18 -19 19 20 27 -23 23 40 47 51 68 28 29 -31 31 -33 -34 34 -36 -37 -38 -39 -40 -41 -42 65 43 -45 45 -47 -48 48 -50 50 -52 53 -54 -55 55 59 61 64 -60 60 -62 -63 -64 -65 -66 66 67 -69 69 -71 -72 73 -74 74 -76 -77 -78 -79
leaf_value=-0.0072231220616088675 0.037080431251403922 -0.01316185499370932 -0.021673899005963653 0.0058662538403009851 -0.014768853272224302 -0.016030462180763441 -0.035129273784572181 0.018547966735141055 0.0012286105712157338 0.023920820912541826 0.012050364768322504 0 -0.034652698584549106 0.0037421759929746256 -0.0026007544660639867 0.025024209850347041 0.022921525993316139 -0.014352652921127031 0.014990864159878372 0.009133963654770906 0.020361951310142984 0.0031310088291887474 -0.025834326401116478 0.0082745533312105716 -0.0079291115841380339 0.017008725452381981 0.0039553957409137943 0.0054964769019495751 -0.0076491649216353565 -0.0104196688997701 0.011649603509637058 -0.0082372140695189423 -0.019598791253499483 0.021108640402887936 0.0041940978616765972 0.0064351405798514566 0.017341209329883898 -0.020722433284924253 0.033183024775006308 -0.004019607704792017 -0.01059924413939046 -0.019234099313376038 -0.027080389122117778 -0.0033212426859895558 0.0066748818867652659 -0.013083884649399658 0.03020744063709329 0.006590651168049317 -0.019028345696704439 0.0092366746175915164 -0.0072013557909176192 -0.0073819777963645781 -0.020894966183116974 0.018064821642996262 0.025062426538871266 -0.022344620525882739 0.0067295958059892273 0.036788951531633259 -0.0076346331036472766 0.019629573547324319 -0.0092487845562800736 0.0085524376887220581 0.0071322653278410647 -0.016160957454934628 0.013898791480849043 -0.0074506022816666403 0.024709435277885137 -0.0034030850965917825 0.017589797684999943 -0.0051764526696161895 0.0074772321402440918 -0.02679520941865271 -0.004306697160855617 0.01071725440616089 -0.01620623539457158 0.017198653382442329 -0.013957306185799368 -0.00075638594715729199
leaf_weight=104.57308107614517 91.649374494329095 111.60897184722126 367.19789209961891 40.724098017439246 59.636196615174413 42.3969516903162 58.044180057942867 68.125221801921725 195.9508440643549 50.161173461005092 74.40368963778019 83.122699528932571 59.471898863092065 105.9708818923682 58.153245002031326 83.914358999580145 46.72187283448875 96.383412046357989 137.07910604961216 270.50928116776049 83.261929485946894 1323.4085851944983 99.785370133817196 84.315327467396855 581.26932882145047 41.000059628859162 134.10636420547962 52.979984648525715 59.527929279953241 160.6737975217402 91.388689653947949 224.2809186540544 145.24186019040644 198.93949702568352 180.5882825832814 75.908137746155262 91.347732717171311 51.601405784487724 91.423977373167872 45.313161302357912 158.37579969875515 75.688569786027074 95.500855984166265 66.852735370397568 214.25457523018122 99.202101744711399 52.69203838147223 54.058282967656851 158.53909621201456 383.96171240694821 360.42671071738005 55.376951418817043 111.29393684491515 73.152089796960354 57.250407246872783 59.600059425458312 51.021347464993596 81.034203371033072 78.778742982074618 62.168699601665139 118.63684998266399 320.66241030208766 99.904730670154095 135.08301299251616 91.281360149383545 263.24599417671561 50.057051921263337 76.424747779965401 112.80157143995166 71.503471501171589 75.864448832347989 45.972319263964891 220.96218778006732 44.904719147831202 50.62662598490715 71.806458301842213 123.08295229636133 413.19511076621711
leaf_count=1387 1088 1990 4375 585 647 523 606 893 2502 693 919 1027 767 1450 667 913 601 1083 1734 3603 1048 16225 1199 1300 7304 705 1633 618 652 2077 1161 2403 1544 2178 1779 948 1032 597 1135 532 2020 808 1380 803 2234 1045 622 751 2134 4580 4452 666 1261 898 546 876 565 906 857 587 1108 3576 1066 1577 998 3372 617 891 1360 743 907 532 2794 571 590 906 1205 5034
internal_value=0 0.00138442 -0.00571755 -0.0105264 -0.00457672 -0.00157108 -0.0127152 0.0104017 0.00453953 0.0109596 -0.00649952 0.0155511 -0.0180578 0.017601 0.0235075 0.013626 0.002765 -0.000249233 0.000528149 0.000742951 0.000466154 -0.000709913 -0.00207173 -0.010601 -0.00119462 0.0023854 0.00607267 0.00303204 -0.000426111 0.0022177 0.00501398 -0.002252 -0.0126748 0.0103207 0.0133178 -0.0074399 0.0056797 -0.0034153 0.0223493 0.0105492 -0.00381604 -0.00278816 -0.0128863 -0.0179118 0.00374766 0.000180171 0.0130528 -0.00336093 -0.0122875 -0.00233052 5.6324e-05 -0.00327531 -0.00692532 0.00684353 0.00617148 0.00503868 0.00777791 0.0173168 0.00610789 -0.00514341 0.000631325 0.00276641 -0.0035816 -0.00961917 0.0255425 -0.00534842 -0.00235628 0.00777427 0.000990553 0.00857769 -0.00210988 -0.00395987 -0.000577289 -0.0116969 -0.00314059 0.00276085 0.00151046 0.00401858
internal_weight=0 8419.39 2338.02 1074.18 706.984 1263.84 337.03 721.27 559.97 312.418 703.865 270.021 164.045 339.688 233.717 142.068 369.954 323.232 7698.12 7586.51 7449.43 5097.13 3773.72 342.476 3431.24 1284.9 783.116 2352.3 1113.62 915.399 754.725 315.67 198.222 439.056 379.528 278.986 226.848 247.552 186.898 95.4743 242.691 539.82 203.078 162.354 381.582 313.457 323.201 2146.34 212.597 1933.74 1352.47 501.785 373.256 128.529 1238.68 1155.42 915.016 308.345 136.029 240.406 180.806 606.672 286.009 186.104 172.316 465.416 389.728 126.482 459.915 184.305 135.501 275.61 261.962 141.504 95.5313 992.046 920.24 797.157
internal_count=129961 101224 28737 12967 8592 15770 4322 8290 7009 3910 8761 3387 2154 4118 2668 1580 4270 3669 92934 90944 89210 63088 46863 4519 42344 15978 9654 26122 12412 10250 8173 3564 2162 4609 3957 3716 2586 3099 2360 1225 3320 6607 2768 2183 4172 3279 4225 26366 2885 23481 16177 6324 4760 1564 13710 12662 10091 3307 1403 2571 1695 6784 3208 2142 1904 5688 4880 1508 5429 2103 1554 3326 3499 1693 1161 11725 10819 9614
is_linear=0
shrinkage=0.0454652


Tree=8
num_leaves=79
num_cat=0
split_feature=22 7 16 30 7 28 2 27 2 15 30 27 28 6 7 22 15 15 17 2 10 27 22 30 15 9 4 16 30 15 7 16 27 30 22 18 27 28 2 28 15 18 28 16 15 10 30 17 25 18 28 7 7 6 30 18 6 2 7 7 2 30 2 30 28 7 9 6 15 18 27 6 2 27 16 28 9 6
split_gain=16.0666 18.2924 23.2495 35.8124 23.2613 22.0157 20.1132 19.424 15.7706 15.889 20.729 23.7376 20.707 19.9386 15.1374 14.4433 16.3414 26.0895 18.0339 12.2584 12.1608 11.9364 13.3647 11.4997 10.7328 9.95317 9.58508 8.4356 23.1759 22.2351 23.5495 22.9598 34.3163 20.3213 19.6764 15.2838 13.7815 13.1418 17.4993 14.4645 13.7453 14.5421 12.7434 10.7882 10.6644 10.5941 8.7932 13.6012 9.69316 8.97555 12.9895 12.1872 9.36069 15.5324 8.16526 7.91428 7.87584 7.64077 9.37731 28.2394 8.01373 7.52746 14.2828 7.49723 12.5188 9.86113 9.00816 14.1157 10.8335 10.9217 7.75195 7.26295 9.17535 7.14362 6.87086 6.83163 8.78675 6.81793
threshold=-0.62431904673576344 17.15245342254639 0.55534982681274425 1.0000000180025095e-35 0.87793201208114635 0.032717135734856136 1.6652330160140993 0.20576497167348864 0.47518889605998998 6.465808868408204 -0.56174489110708226 0.098011311143636717 0.4904943853616715 -3.5595653057098384 -5.7911171913146964 -1.1522299051284788 9.0190558433532733 12.734058380126955 45.500000000000007 0.93303248286247265 0.049704292789101608 -0.52803644537925709 -1.0531693696975706 0.81174489855766307 4.8647916316986093 0.2271431386470795 -0.26599904894828791 0.8060806691646577 0.81174489855766307 8.40289354324341 0.74878805875778209 0.5757175385951997 0.61734244227409374 -0.56174489110708226 0.84690219163894664 26.500000000000004 0.65106672048568737 -0.50938662886619557 1.9563776850700381 0.81279832124710094 23.011463165283207 89.500000000000014 -0.92794367671012867 0.64804720878601085 11.389063358306887 0.13727070391178134 1.0000000180025095e-35 12.500000000000002 0.38582973182201391 51.500000000000007 -0.14132478833198545 -2.7489722967147823 -9.2248969078063947 -2.5020899772644039 0.81174489855766307 57.500000000000007 -1.3636431097984312 1.028785288333893 13.359977722167971 11.471774578094484 0.64180606603622448 0.81174489855766307 1.0873263478279116 0.81174489855766307 -0.47136868536472315 11.471774578094484 0.12809500843286517 -4.5760762691497794 12.734058380126955 21.500000000000004 0.78661888837814342 -10.291694641113279 0.51571968197822582 -0.90159028768539418 0.039660004898905761 0.71473535895347606 0.41739408671855932 -11.636317729949949
decision_type=2 2 2 2 2 2 2 2 2 2 2 2 2 2 2 2 2 2 2 2 2 2 2 2 2 2 2 2 2 2 2 2 2 2 2 2 2 2 2 2 2 2 2 2 2 2 2 2 2 2 2 2 2 2 2 2 2 2 2 2 2 2 2 2 2 2 2 2 2 2 2 2 2 2 2 2 2 2
left_child=1 2 3 8 25 56 15 61 -1 12 11 -11 -10 26 21 -6 -17 18 19 -18 -20 24 -23 57 -7 -4 -14 29 35 43 31 32 -31 -34 -33 36 -29 40 39 45 41 -30 -37 46 -44 -39 48 -48 74 52 54 -52 53 77 -51 -16 -5 58 59 60 -19 62 -3 66 -65 70 67 -32 -69 -70 -66 -54 -73 -50 -2 76 -68 -49
right_child=27 7 4 5 6 14 -8 -9 9 10 -12 -13 13 -15 55 16 17 23 20 -21 -22 22 -24 -25 -26 -27 -28 28 37 30 63 34 33 -35 -36 42 -38 38 -40 -41 -42 -43 44 -45 -46 -47 47 49 73 50 51 -53 71 -55 -56 -57 -58 -59 -60 -61 -62 -63 -64 64 65 -67 75 68 69 -71 -72 72 -74 -75 -76 -77 -78 -79
leaf_value=0.037530018709384376 -0.012020108789886035 -0.0053800586164846733 -0.022306099513296446 0.0024565704773684568 -0.016320702897203311 0.029519389139236386 0.020935786839572181 -0.0023407825157064567 -0.0075137985655507429 -0.0042643481935386324 0.041626188440740099 0.030262245771180064 0.0083164998605087005 -0.0026876365999430525 -0.023538529029367053 -0.018999503323916079 0.013497865676723477 -0.022582652233374936 0.0098617276329575447 -0.014767574858855778 0.03890694151548113 0.013794954170471658 -0.013738539755719498 0.010053022381086258 -0.0010101613246076167 -0.0018108985149007713 0.038326026617174408 0.0018008578788426862 -0.0014639210405814715 -0.013060623097495224 -0.021109290885172213 -0.022199563062070722 0.029369984162507006 -0.0037760754716153889 0.004813457067373416 -0.011615281206902439 0.03264486392565219 0.040758515486537444 -0.0040378971355536242 0.0022659139679959213 -0.012263396287552193 0.027544525213826405 0.017601694464560311 -0.020136411878715812 -0.001345099147384067 0.015131567868121559 -0.016827058649580545 0.012679809889066028 -0.003399654813548929 0.014336266987703586 -0.024914547710141812 0.0028598240412240766 -0.015064601284377335 0.024380151462377288 -0.0070095638756644115 -0.0045592363220420696 0.027120815651915802 -0.018121478428765683 -0.017036649241576728 0.031640789546120873 0.00085791346594402671 0.034555207066281741 0.026106662216289649 -0.0062022781759612892 0.0090994066789919226 -0.0023047300306468141 -0.0059945828104981955 0.0098901272494689059 -0.021702872897276626 0.0018555329141511348 0.036617566607694732 -0.017200818734820593 0.00213562691751159 0.010640185986976802 0.0016857716476404495 -0.014916399923201585 0.010095887070497016 -0.0020757276281573225
leaf_weight=52.478598652407527 75.289961053058505 44.008332597091794 149.17409165389836 57.744926305487752 114.71490809693933 43.232477620244026 86.397964477539062 92.216789750382304 147.0018810518086 88.721718914806843 66.612701924517751 68.330281781032681 43.97315664216876 72.657026402652264 110.56525694765151 73.239142831414938 69.785571251064539 47.463729662820697 66.784088879823685 51.051093980669975 67.965997831895947 45.939676450565457 122.69621354341507 88.110225120559335 41.466684829443693 81.131008617579937 63.387435792014003 84.491265747696161 81.075016224756837 261.4971739500761 47.600131917744875 380.93353197723627 78.095597768202424 65.642998239025474 60.313683394342661 247.19595285505056 46.204369289800525 83.243492420762777 62.702204594388604 61.088521461933851 86.011062601581216 55.453099358826876 60.039708886295557 46.983519475907087 1375.92334330827 79.604055766016245 111.60122087225318 85.838549572974443 82.820975055918097 61.006256885826588 104.55469861254096 41.328638447448611 72.240968316793442 80.523916954174638 79.614222234115005 91.531852893531322 57.055321641266346 102.19257210940123 64.174765514209867 45.856572024524212 62.948208376765251 70.713326407596469 70.279757961630821 107.07581183128059 60.163151146844029 47.83282370492816 579.89439675584435 268.00357270054519 48.753633223474026 162.65020065940917 40.244095399975777 52.991869997233152 451.7194764893502 423.92430108040571 1403.2001775242388 151.70944169536233 74.005966750904918 216.2090269792825
leaf_count=616 1028 503 1810 613 1309 588 1029 1063 1737 1020 759 792 593 1033 1436 733 698 660 777 545 753 572 1618 933 492 1001 887 1045 848 3236 563 4560 923 812 680 3085 555 813 685 563 701 530 598 544 16228 707 1447 1099 1113 727 1283 585 702 952 990 1238 540 1072 741 549 639 543 932 1610 812 672 7380 3297 616 2326 540 577 5624 5239 17043 1833 935 3085
internal_value=0 0.00321137 0.00186935 0.00639404 -0.00262959 -0.00170065 0.000511206 0.0141952 0.0140871 0.0115052 0.0208061 0.0108412 0.00481831 0.0150969 -0.00627691 -0.00158741 0.000709381 0.003051 0.0143791 0.00107337 0.0255768 0.000972322 -0.00580658 -0.00395249 0.0146647 -0.0154516 0.0272277 -0.00087728 0.00142575 -0.00180458 -0.00511759 -0.0112344 -0.00322075 0.0142167 -0.0183874 -0.000961235 0.0137259 0.00996398 0.0163472 0.0222391 0.00138043 0.0104294 -0.00216106 0.000563582 -0.000471345 0.0292005 0.000893316 -0.00190162 0.00282917 -0.000475177 -0.00750746 -0.0168573 0.00159689 0.00710121 0.00205722 -0.0154399 0.0156357 -0.0080045 -0.00285285 0.00295344 -0.00923886 0.0225683 0.0138029 -0.00180581 0.00520417 0.0137088 -0.00319715 0.00134402 0.00383381 -0.00365955 0.0215962 -0.00199328 0 0.00824123 0.000923718 -0.00621989 -0.00404801 0.00207154
internal_weight=0 2621.6 2344.39 1173.4 1170.99 570.232 940.685 277.218 603.163 550.684 223.665 157.052 327.019 180.018 455.432 854.287 739.572 666.333 255.587 120.837 134.75 253.335 168.636 410.746 84.6992 230.305 107.361 8147.3 2323.03 5824.26 2434.42 846.483 405.236 143.739 441.247 1813.85 130.696 509.177 286.638 223.936 222.539 136.528 1683.16 3389.85 1435.96 162.848 3342.86 1357.63 1985.24 1246.03 286.504 145.883 959.524 382.571 140.62 202.097 114.8 322.636 220.443 156.269 110.412 185.001 114.288 1587.93 255.316 148.24 1332.62 527.008 479.407 211.404 100.407 576.952 504.711 506.745 1478.49 805.61 653.9 302.048
internal_count=130015 30824 27783 14534 13249 7097 10438 3041 7437 6821 2571 1812 4250 2513 5944 9409 8100 7367 2773 1243 1530 3270 2190 4594 1080 2811 1480 99191 26358 72833 30795 10211 4971 1735 5240 21511 1600 4847 2768 2083 2079 1378 19911 42038 16826 1520 41494 17071 24423 15624 3585 1868 12039 5136 1717 2674 1153 3661 2589 1848 1299 1978 1435 20584 3634 2024 16950 6802 6239 2942 1352 6903 6201 6352 18071 10148 8315 4184
is_linear=0
shrinkage=0.0454652


end of trees

feature_importances:
Column_3=70
Column_2=45
Column_15=41
Column_13=38
Column_0=37
Column_12=36
Column_21=36
Column_28=35
Column_18=33
Column_11=32
Column_27=29
Column_16=25
Column_5=24
Column_7=23
Column_14=22
Column_23=22
Column_6=20
Column_30=19
Column_4=17
Column_17=16
Column_22=16
Column_29=15
Column_9=10
Column_10=9
Column_8=8
Column_20=8
Column_32=4
Column_1=3
Column_31=3
Column_33=3
Column_25=2
Column_19=1

parameters:
[boosting: gbdt]
[objective: binary]
[metric: auc]
[tree_learner: serial]
[device_type: cpu]
[data_sample_strategy: bagging]
[data: ]
[valid: ]
[num_iterations: 600]
[learning_rate: 0.0454652]
[num_leaves: 79]
[num_threads: 2]
[seed: 2024]
[deterministic: 0]
[force_col_wise: 0]
[force_row_wise: 0]
[histogram_pool_size: -1]
[max_depth: -1]
[min_data_in_leaf: 525]
[min_sum_hessian_in_leaf: 0.001]
[bagging_fraction: 0.774687]
[pos_bagging_fraction: 1]
[neg_bagging_fraction: 1]
[bagging_freq: 1]
[bagging_seed: 2024]
[feature_fraction: 0.515409]
[feature_fraction_bynode: 1]
[feature_fraction_seed: 2024]
[extra_trees: 0]
[extra_seed: 29642]
[early_stopping_round: 0]
[early_stopping_min_delta: 0]
[first_metric_only: 0]
[max_delta_step: 0]
[lambda_l1: 1.07292]
[lambda_l2: 4.08529]
[linear_lambda: 0]
[min_gain_to_split: 0]
[drop_rate: 0.1]
[max_drop: 50]
[skip_drop: 0.5]
[xgboost_dart_mode: 0]
[uniform_drop: 0]
[drop_seed: 2449]
[top_rate: 0.2]
[other_rate: 0.1]
[min_data_per_group: 100]
[max_cat_threshold: 32]
[cat_l2: 10]
[cat_smooth: 10]
[max_cat_to_onehot: 4]
[top_k: 20]
[monotone_constraints: ]
[monotone_constraints_method: basic]
[monotone_penalty: 0]
[feature_contri: ]
[forcedsplits_filename: ]
[refit_decay_rate: 0.9]
[cegb_tradeoff: 1]
[cegb_penalty_split: 0]
[cegb_penalty_feature_lazy: ]
[cegb_penalty_feature_coupled: ]
[path_smooth: 0]
[interaction_constraints: ]
[verbosity: -1]
[saved_feature_importance_type: 0]
[use_quantized_grad: 0]
[num_grad_quant_bins: 4]
[quant_train_renew_leaf: 0]
[stochastic_rounding: 1]
[linear_tree: 0]
[max_bin: 255]
[max_bin_by_feature: ]
[min_data_in_bin: 3]
[bin_construct_sample_cnt: 200000]
[data_random_seed: 6648]
[is_enable_sparse: 1]
[enable_bundle: 1]
[use_missing: 1]
[zero_as_missing: 0]
[feature_pre_filter: 1]
[pre_partition: 0]
[two_round: 0]
[header: 0]
[label_column: ]
[weight_column: ]
[group_column: ]
[ignore_column: ]
[categorical_feature: ]
[forcedbins_filename: ]
[precise_float_parser: 0]
[parser_config_file: ]
[objective_seed: 12337]
[num_class: 1]
[is_unbalance: 0]
[scale_pos_weight: 1]
[sigmoid: 1]
[boost_from_average: 1]
[reg_sqrt: 0]
[alpha: 0.9]
[fair_c: 1]
[poisson_max_delta_step: 0.7]
[tweedie_variance_power: 1.5]
[lambdarank_truncation_level: 30]
[lambdarank_norm: 1]
[label_gain: ]
[lambdarank_position_bias_regularization: 0]
[eval_at: ]
[multi_error_top_k: 1]
[auc_mu_weights: ]
[num_machines: 1]
[local_listen_port: 12400]
[time_out: 120]
[machine_list_filename: ]
[machines: ]
[gpu_platform_id: -1]
[gpu_device_id: -1]
[gpu_use_dp: 0]
[num_gpu: 1]

end of parameters

pandas_categorical:null
