tree
version=v4
num_class=1
num_tree_per_iteration=1
label_index=0
max_feature_idx=33
objective=binary sigmoid:1
feature_names=Column_0 Column_1 Column_2 Column_3 Column_4 Column_5 Column_6 Column_7 Column_8 Column_9 Column_10 Column_11 Column_12 Column_13 Column_14 Column_15 Column_16 Column_17 Column_18 Column_19 Column_20 Column_21 Column_22 Column_23 Column_24 Column_25 Column_26 Column_27 Column_28 Column_29 Column_30 Column_31 Column_32 Column_33
feature_infos=[0.23920178413391113:4.806818962097168] [0.049576185643672943:24.251049041748047] [0.17134076356887817:8.6935958862304688] [0.087584272027015686:1] [-28.67047119140625:41.262332916259766] [-36.190670013427734:42.326030731201172] [-36.841156005859375:62.500308990478516] [-41.300331115722656:63.120437622070312] [-22.455821990966797:30.680826187133789] [0:0.95389312505722046] [0:0.64536702632904053] [0:0.40022626519203186] [-0.51016271114349365:0.51874518394470215] [-0.15357083082199097:0.22172828018665314] [-45.028751373291016:17.161741256713867] [-6.6708002090454102:64.2962646484375] [0:1] [0:95] [0:95] [-1:1] [-29.775985717773438:44.984848022460938] [-30.525325775146484:55.0223388671875] [-2.8409864902496338:15.253066062927246] [0.049656935036182404:5.4310722351074219] [-1:1] [0:1] [0:0.99820786714553833] [-1:1] [-1:1] [-0.78183150291442871:0.97492790222167969] [-0.90096884965896606:1] [0:1] [0:1] [0.8888888955116272:25]
tree_sizes=1730 1745 1752 1811 1779 1810 1816 1801 1812 1757 1816 1795

Tree=0
num_leaves=15
num_cat=0
split_feature=27 11 29 22 15 2 29 13 13 20 8 3 3 6
split_gain=77.2257 68.3003 55.0736 61.5555 31.8681 27.5334 57.4204 27.226 50.103 27.5409 26.6505 26.4908 22.7527 23.7272
threshold=-0.50938662886619557 0.016934276558458809 -1.0000000180025095e-35 0.035930305719375617 18.783555030822757 1.2042557597160342 -1.0000000180025095e-35 -0.069335259497165666 -0.034423796460032456 -0.26233838498592371 -2.0447347164154048 0.70700708031654369 0.50221890211105358 8.4831905364990252
decision_type=2 2 2 2 2 2 2 2 2 2 2 2 2 2
left_child=1 -1 12 -4 5 7 11 9 -9 -2 -6 -7 -3 -14
right_child=4 2 3 -5 10 6 -8 8 -10 -11 -12 -13 13 -15
leaf_value=-1.0519571494419342 -1.0455039319030441 -1.0490562796253584 -1.0579703495459725 -1.0544984252464873 -1.0585868198201109 -1.045401113038797 -1.052950612380493 -1.0564754930426157 -1.0533153984653585 -1.05406161876613 -1.0542886498108852 -1.0524952100665379 -1.0555152770814631 -1.0503384455579463
leaf_weight=504.26433427073061 76.937408171594143 103.67186526581645 1387.0127873718739 882.05016399733722 167.98778506368399 170.00055043399334 1331.7762911710888 581.12708564475179 3809.8145711626858 79.229369286447763 1087.905841557309 105.39439275860786 337.22407273948193 114.68102640472353
leaf_count=6419 1276 1217 17555 12019 1942 2021 16532 8382 49696 1338 13263 1433 4582 1525
internal_value=-1.05406 -1.05532 -1.05594 -1.05664 -1.05347 -1.05317 -1.05203 -1.05358 -1.05375 -1.04952 -1.05492 -1.04786 -1.05315 -1.05407
internal_weight=0 3328.9 2824.64 2269.06 7410.17 6154.28 1607.17 4547.11 4390.94 156.167 1255.89 275.395 555.577 451.905
internal_count=139200 43317 36898 29574 95883 80678 19986 60692 58078 2614 15205 3454 7324 6107
is_linear=0
shrinkage=1


Tree=1
num_leaves=15
num_cat=0
split_feature=21 30 23 4 12 32 21 7 2 30 7 2 7 7
split_gain=47.2766 39.696 30.768 23.518 22.3603 31.4437 48.39 24.4299 22.3818 24.4348 31.4636 26.3546 22.1313 45.6071
threshold=6.8407421112060556 1.0000000180025095e-35 0.44984076917171484 1.4347806572914126 0.069960229098796858 1.0000000180025095e-35 2.8483690023422246 1.2692720890045168 0.71432065963745128 1.0000000180025095e-35 6.1161417961120614 0.51571968197822582 2.893611073493958 12.999408245086672
decision_type=2 2 2 2 2 2 2 2 2 2 2 2 2 2
left_child=2 -2 -1 -3 8 6 -6 -7 9 10 -4 -11 -10 -14
right_child=1 3 4 -5 5 7 -8 -9 12 11 -12 -13 13 -15
leaf_value=-0.0022185182722133769 0 -0.003959188315097892 -0.00055816182179173454 -0.00067785752158660358 0 0.0031636176336542394 0.006561197415877431 -0.0029747922750016018 0.00043631349290618627 0.0051625489428469657 0.0026877909935627341 0.0012215476499047215 -0.0018431996793974079 0.0025127093238137953
leaf_weight=423.17050016857684 1146.1367456950247 616.48661155812442 1035.5954447295517 405.10619479976594 183.44923145137727 100.25419417023659 265.48427319340408 157.49825249239802 3556.891724685207 270.45990652777255 418.11712672747672 587.74532732740045 1276.4797468073666 290.06152149662375
leaf_count=6212 15439 6825 14011 4427 2178 1195 3346 2123 46628 3789 5296 7593 16375 3566
internal_value=0 -0.00127103 0.000396656 -0.00271202 0.000539496 0.00225927 0.00386309 -0.000412303 0.000368451 0.00119225 0.000356889 0.00254487 0 -0.00100266
internal_weight=0 2167.73 8565.21 1021.59 8142.04 706.686 448.934 257.752 7435.35 2311.92 1453.71 858.205 5123.43 1566.54
internal_count=139003 26691 112312 11252 106100 8842 5524 3318 97258 30689 19307 11382 66569 19941
is_linear=0
shrinkage=0.0101079


Tree=2
num_leaves=15
num_cat=0
split_feature=11 29 21 15 0 2 13 11 2 18 29 23 3 3
split_gain=67.5443 49.2942 49.2792 45.2085 44.8351 32.8661 31.1222 27.5434 24.846 36.1007 22.3626 20.5915 20.0966 19.1923
threshold=0.011893782299011947 -1.0000000180025095e-35 7.3794376850128183 10.18549966812134 0.59879007935523998 1.03980427980423 -0.0021413465728983279 0.15537108480930331 0.51078063249588024 58.500000000000007 0.87837970256805431 1.1242719292640688 0.6640833616256715 0.46541570127010351
decision_type=2 2 2 2 2 2 2 2 2 2 2 2 2 2
left_child=3 5 4 10 -3 13 -5 -4 9 -6 12 -7 -1 -2
right_child=1 2 7 6 8 11 -8 -9 -10 -11 -12 -13 -14 -15
leaf_value=1.8027584448750045e-05 0.0011308667248648568 -0.002777360145139865 -0.0030542563073253106 0.0088191169205906229 0 0.0037975945183370192 0.0022006321249994714 0 -0.00015148659967830465 0.0056515408992669726 -0.0019481332285806419 0.00054630565979518634 0.0036326440406417404 -0.0017101475820062318
leaf_weight=343.72221625968814 538.64394952729344 627.33003633841872 1141.9640090614557 149.29012049362063 300.67380916886032 542.96407146751881 188.28407830558717 392.62532322853804 5024.052758410573 184.19498053193092 191.0426908172667 366.73225673660636 322.7887476850301 426.44581229239702
leaf_count=4732 7473 10075 13762 1922 4053 7065 2404 4617 64724 2393 2330 5035 4043 4683
internal_value=0 -0.000283793 -0.000646356 0.00225785 -0.000232727 0.00117476 0.00537521 -0.00226471 5.31446e-05 0.00222518 0.0009473 0.00254648 0.00184996 -8.64312e-05
internal_weight=0 9545.63 7670.84 1195.13 6136.25 1874.79 337.574 1534.59 5508.92 484.869 857.554 909.696 666.511 965.09
internal_count=139311 123880 99624 15431 81245 24256 4326 18379 71170 6446 11105 12100 8775 12156
is_linear=0
shrinkage=0.0101079


Tree=3
num_leaves=15
num_cat=0
split_feature=27 28 30 21 7 2 29 13 13 0 28 17 29 20
split_gain=67.5413 62.9262 47.8143 47.7121 39.3265 28.198 27.3913 28.2695 33.2042 29.9509 26.7868 31.2065 33.1977 26.1772
threshold=-0.49049438536167139 0.50938662886619579 1.0000000180025095e-35 -8.0862569808959943 3.1408286094665532 1.315403997898102 -0.60785761475563038 -0.035071045160293572 -0.0017058646772056816 0.59879007935523998 0.010907442308962378 57.500000000000007 1.0000000180025095e-35 1.3192463517189028
decision_type=2 2 2 2 2 2 2 2 2 2 2 2 2 2
left_child=1 2 -1 5 -4 -2 -5 -8 9 -9 11 13 -13 -11
right_child=3 -3 4 6 -6 -7 7 8 -10 10 -12 12 -14 -15
leaf_value=0.00050418977358875517 0.0066205010937903947 -0.0042291620918955665 -0.00020558969723536021 0.0046307817222095392 -0.0040264704665909229 0.0013616055859062208 -0.0016167842219625968 -0.0021765555015310595 -5.645209321330633e-05 -0.0028419607737371205 0.0036281269688407487 0.0062544549825117425 0.0003126268955125435 0.0013159692893808896
leaf_weight=1687.3449655417353 188.33530817739666 577.22207096964121 574.54252697899938 139.08090695552528 567.84562429971993 288.46668046526611 761.32843843474984 180.15474744699895 4140.2318562623113 270.04719988815486 643.84667483344674 177.80560143664479 233.33753950148821 329.83756199665368
leaf_count=22010 2899 7574 7969 1741 6765 3787 10455 2909 53021 3353 7668 2176 2909 4158
internal_value=0 -0.00119961 -0.000557646 0.000520181 -0.00215416 0.00359403 0.000297388 0.000196778 0.000436387 0.00156595 0.00200585 0.000913545 0.00304613 -0.000501313
internal_weight=0 3406.96 2829.73 7352.47 1142.39 476.802 6875.67 6736.59 5975.26 1835.03 1654.87 1011.03 411.143 599.885
internal_count=139394 44318 36744 95076 14734 6686 88390 86649 76194 23173 20264 12596 5085 7511
is_linear=0
shrinkage=0.0101079


Tree=4
num_leaves=15
num_cat=0
split_feature=27 11 23 29 21 2 0 3 6 11 15 23 0 3
split_gain=70.5906 68.3236 55.6855 82.9728 35.8405 29.6348 28.3335 24.2625 22.3566 19.7963 47.4587 20.4206 22.0193 28.6336
threshold=-0.47136868536472315 0.0140023953281343 0.8413023352622987 -1.0000000180025095e-35 -8.0862569808959943 1.315403997898102 0.58967530727386486 0.72657498717308056 -6.8636951446533194 0.0097589162178337591 10.111009597778322 0.53183797001838695 0.72024002671241771 0.30801160633564001
decision_type=2 2 2 2 2 2 2 2 2 2 2 2 2 2
left_child=1 -1 3 -3 5 -2 -6 9 -9 10 -8 -11 13 -13
right_child=4 2 -4 -5 6 -7 7 8 -10 11 -12 12 -14 -15
leaf_value=0.0025355844376986681 0.0063152931016733777 0.0025716013797740015 -0.00077306687383090671 -0.0051592933565427325 -0.0016744247853872579 0.00096466967880735356 0 -0.00092760035287607731 0.0027772629371537153 -0.0029703445252155674 0.0068153093955058818 -0.0013429441193051001 -1.7064241035410149e-05 0.0033409430231016164
leaf_weight=429.06807983666658 189.43955904245377 160.8844275996089 2106.0404641106725 771.21814232505858 604.78417078778148 283.39293944090605 298.65186658874154 186.25715683028102 807.65803858265281 201.43989078141749 149.69344730116427 168.14586680755019 3936.8351795487106 453.77736000344157
leaf_count=5427 2870 2061 27986 9624 10348 3736 3979 1974 9244 2119 1931 3038 48222 6695
internal_value=0 -0.00117162 -0.00171351 -0.00377177 0.000579028 0.00325895 0.000383496 0.000592491 0.00204077 0.000305779 0.00232213 0.00010396 0.000253412 0.00200933
internal_weight=0 3467.21 3038.14 932.103 7280.08 472.832 6807.24 6202.46 993.915 5208.54 448.345 4760.2 4558.76 621.923
internal_count=139254 45098 39671 11685 94156 6606 87550 77202 11218 65984 5910 60074 57955 9733
is_linear=0
shrinkage=0.0101079


Tree=5
num_leaves=15
num_cat=0
split_feature=27 11 23 29 15 29 29 12 13 8 6 13 16 16
split_gain=73.2778 61.9385 57.1284 81.6667 32.5609 37.1711 30.4956 24.5459 46.1193 23.9358 22.7036 32.9109 22.6306 21.6871
threshold=-0.49049438536167139 0.016934276558458809 0.82644504308700573 -1.0000000180025095e-35 3.9660116434097294 0.87837970256805431 -0.60785761475563038 0.069960229098796858 0.037312144413590438 -0.55761787295341481 -11.252279758453367 -0.069335259497165666 0.57149660587310802 0.83961057662963878
decision_type=2 2 2 2 2 2 2 2 2 2 2 2 2 2
left_child=1 -1 3 -3 5 10 -6 13 12 -10 -2 -12 -9 -8
right_child=4 2 -4 -5 6 -7 7 8 9 -11 11 -13 -14 -15
leaf_value=0.0019450732005929154 -0.00050180466173605995 0.0025622477641298836 -0.0008604191737095221 -0.0054999428119797246 0.0050583077472116161 -0.0014714998121629571 0.00019992120391669119 -0.00027855735579147698 -0.0025154648601648467 0.0015432329725158036 0.009128863912891411 0.0027991672362164856 0.004365839927856315 -0.0014679165632815259
leaf_weight=517.43320062756538 127.6618392392993 145.14308208413422 2038.4250506982207 687.53381966240704 127.22438857704401 206.68281309679151 3983.7456527743489 115.08684824593365 297.45607314817607 272.06317242607474 102.8792837113142 633.94273432530463 490.56520144455135 981.80117269419134
leaf_count=6553 1548 1862 27175 8618 1594 3016 52424 1430 3527 3141 1737 8343 6103 12052
internal_value=0 -0.00121625 -0.00180371 -0.00403593 0.000579064 0.00220705 0.000292047 0.000180556 0.00149185 -0.00051166 0.00313815 0.00382189 0.00342479 -0.000123451
internal_weight=0 3388.54 2871.1 832.677 7339.11 1071.17 6267.94 6140.72 1175.17 569.519 864.484 736.822 605.652 4965.55
internal_count=139123 44208 37655 10480 94915 14644 80271 78677 14201 6668 11628 10080 7533 64476
is_linear=0
shrinkage=0.0101079


Tree=6
num_leaves=15
num_cat=0
split_feature=27 11 23 29 21 2 12 13 30 2 11 13 2 13
split_gain=69.8126 73.0727 56.4013 78.966 38.3397 31.4785 24.4609 50.8417 32.6347 45.1185 40.1235 23.7709 29.6471 28.2883
threshold=-0.49049438536167139 0.016934276558458809 0.84411758184432995 -1.0000000180025095e-35 -8.0862569808959943 1.3072801828384402 0.069960229098796858 0.037312144413590438 1.0000000180025095e-35 0.51571968197822582 0.062502823770046248 -0.024896387942135331 1.0689377188682558 -0.0069973175413906566
decision_type=2 2 2 2 2 2 2 2 2 2 2 2 2 2
left_child=1 -1 3 -3 5 -2 8 -8 11 10 -10 12 -6 -13
right_child=4 2 -4 -5 6 -7 7 -9 9 -11 -12 13 -14 -15
leaf_value=0.0022449904201031698 0.0064998163597824992 0.0023510707663704136 -0.00085552603256836414 -0.0053698233038868568 -0.0038680909871036274 0.0010088760759116059 0.0036656459551300175 -0.00039896560828719306 0.0074861276310915093 0.00044583886682280716 -1.6811896296046895e-05 0.0018529524848666114 0.00086081888267752174 -0.00067042303173454377
leaf_weight=519.11132026277483 187.90987122617662 153.39430495165288 1998.8045046813786 723.48836613819003 412.92828161641955 290.42037369124591 622.64942601136863 592.84436497651041 182.29520394466817 2017.9207797273993 100.84930545650423 560.17392852529883 177.8573609944433 2209.3530275300145
leaf_count=6547 2859 1970 26584 9067 6573 3789 7690 6907 2557 25898 1423 6678 1868 28803
internal_value=0 -0.00118766 -0.00182566 -0.00396478 0.000563001 0.00331751 0.000362059 0.00165994 7.44002e-05 0.00100622 0.00474419 -0.000552502 -0.00238394 -0.000141764
internal_weight=0 3394.8 2875.69 876.883 7355.2 478.33 6876.87 1215.49 5661.38 2301.07 283.145 3360.31 590.786 2769.53
internal_count=139213 44168 37621 11037 95045 6648 88397 14597 73800 29878 3980 43922 8441 35481
is_linear=0
shrinkage=0.0101079


Tree=7
num_leaves=15
num_cat=0
split_feature=27 11 23 29 21 0 2 29 13 13 21 0 21 12
split_gain=69.2921 58.1545 58.1594 66.6894 37.3187 29.5032 28.2745 25.1181 24.8616 52.0892 27.6623 26.8758 30.7168 21.775
threshold=-0.50938662886619557 0.016934276558458809 0.8413023352622987 -1.0000000180025095e-35 -8.0862569808959943 0.58967530727386486 1.315403997898102 -0.60785761475563038 -0.035071045160293572 -0.0017058646772056816 3.2470363378524785 0.77731382846832286 -0.11795637756586073 0.016683422029018406
decision_type=2 2 2 2 2 2 2 2 2 2 2 2 2 2
left_child=1 -1 3 -3 6 -6 -2 -7 -9 10 11 12 -10 -13
right_child=4 2 -4 -5 5 7 -8 8 9 -11 -12 13 -14 -15
leaf_value=0.0018615081740548736 0.0061743563038160849 0.0017695517592605445 -0.00080087872227440574 -0.0053217654501879329 -0.001720416392942668 0.0049438743089089583 0.0010296663206022236 -0.0013834341663728662 0.0060583356874360497 1.7600941013137334e-05 0.0064776458951200456 0.0018063111478295764 8.3809526681369683e-05 -0.0011570784564565572
leaf_weight=513.63672235235572 195.54300883226097 153.89994261972606 1977.824183806777 699.10992021858692 626.85754264704883 124.83228153921664 295.7206941600889 650.33957448042929 254.00933706760406 3826.9153459332883 138.8286305796355 784.24987282790244 153.88781020976603 349.1457285694778
leaf_count=6443 2964 1969 26319 8801 10705 1478 3874 8509 3389 47494 1767 9198 2110 4141
internal_value=0 -0.00120955 -0.00178455 -0.00399095 0.000541889 0.000342139 0.00322177 0.000556223 0.00045469 0.000680717 0.00216023 0.0017152 0.00394472 0.000856304
internal_weight=0 3344.47 2830.83 853.01 7400.33 6909.07 491.264 6282.21 6157.38 5507.04 1680.12 1541.29 407.897 1133.4
internal_count=139161 43532 37089 10770 95629 88791 6838 78086 76608 68099 20605 18838 5499 13339
is_linear=0
shrinkage=0.0101079


Tree=8
num_leaves=15
num_cat=0
split_feature=11 29 15 32 23 28 11 29 15 13 13 29 14 30
split_gain=51.0424 45.7277 42.3705 40.1836 83.5964 38.972 31.4184 26.9712 26.0016 33.2628 25.2621 24.628 34.0199 23.139
threshold=0.011893782299011947 -1.0000000180025095e-35 10.339477062225344 1.0000000180025095e-35 0.82644504308700573 -0.69930991530418385 0.046424213796854026 0.87837970256805431 3.7500249147415166 -0.069335259497165666 -0.0021413465728983279 0.87837970256805431 -12.02418279647827 1.0000000180025095e-35
decision_type=2 2 2 2 2 2 2 2 2 2 2 2 2 2
left_child=2 6 13 8 -5 -6 -2 -7 9 -3 -4 12 -11 -1
right_child=1 3 10 4 5 7 -8 -9 -10 11 -12 -13 -14 -15
leaf_value=-0.00044795320963907228 -0.00062752299365983013 0.0067298290351033687 0.0082059917590618803 -0.0046931847388185033 0.0014133190958761004 -0.0024434617431000499 0.0020838813040621861 0.00066142878513064543 -0.0003570758618559553 0.00014340155176417879 0.0020821408586115956 -0.0029097512170644245 0.0068086674231598292 0.0029292156825346098
leaf_weight=560.67919448204339 636.29693621397018 108.7597111929208 144.30342119932175 666.19133394211531 665.3936803303659 967.93078348599374 1244.9163836669177 374.67550854198635 4327.6578182987869 328.82048212178051 182.12534643895924 133.57515730336308 101.06478950567544 306.77286997810006
leaf_count=7012 8028 2000 1841 8143 8699 12924 16210 4986 55250 4438 2322 1905 1329 4191
internal_value=0 -0.000255388 0.00195484 -0.000605118 -0.00160397 -0.000545082 0.00114651 -0.00154816 -6.11639e-05 0.00176693 0.00503616 0.00066093 0.00189439 0.000715229
internal_weight=0 9555.28 1193.88 7674.07 2674.19 2008 1881.21 1342.61 4999.88 672.22 326.429 563.46 429.885 867.452
internal_count=139278 123912 15366 99674 34752 26609 24238 17910 64922 9672 4163 7672 5767 11203
is_linear=0
shrinkage=0.0101079


Tree=9
num_leaves=15
num_cat=0
split_feature=27 11 22 21 30 27 13 2 3 27 27 13 13 15
split_gain=62.2182 58.4848 37.5003 34.9543 28.8144 32.2633 27.3936 27.2847 26.7253 22.9162 22.5653 24.4351 15.9382 30.5039
threshold=-0.47136868536472315 0.016934276558458809 -0.056870412081480019 -8.0862569808959943 1.0000000180025095e-35 -0.87137606739997853 0.026415389962494377 1.3226708173751833 0.66934624314308178 -0.79989895224571217 0.41268247365951544 -0.012675095349550245 -0.035071045160293572 9.446360111236574
decision_type=2 2 2 2 2 2 2 2 2 2 2 2 2 2
left_child=1 9 4 7 5 -3 -7 -2 12 -1 -10 -12 13 -5
right_child=3 2 -4 8 -6 6 -8 -9 10 -11 11 -13 -14 -15
leaf_value=0.0035351649860217789 0.0060810017546086221 0 -0.00036178916451632082 -0.0023638084295104413 -0.0042244193067405011 -0.0061851920482048307 0 0.00095088228994398452 0.00016614766991674006 -0.00062979858844577235 0.0058465876825895546 0.0015411627022296726 0.00021554108009125576 0.0029167992160852754
leaf_weight=330.67612927407026 191.08891922608018 571.62112567946315 1287.6437576618046 602.88957472331822 729.97658821567893 199.06802234239876 129.70646130293608 284.21376278065145 712.36889649555087 197.1485699377954 193.42132407985628 573.7332280986011 4610.2150249835104 123.90106416493654
leaf_count=4238 2895 7243 17549 8564 9247 2512 1766 3688 9115 2421 1882 6356 60094 1563
internal_value=0 -0.00112394 -0.00169142 0.000522689 -0.00271024 -0.00141287 -0.003897 0.00316075 0.000329479 0.00191707 0.0015278 0.00272585 0 -0.00138749
internal_weight=0 3445.84 2918.02 7291.83 1630.37 900.396 328.774 475.303 6816.53 527.825 1479.52 767.155 5337.01 726.791
internal_count=139133 44976 38317 94157 20768 11521 4278 6583 87574 6659 17353 8238 70221 10127
is_linear=0
shrinkage=0.0101079


Tree=10
num_leaves=15
num_cat=0
split_feature=27 28 30 7 15 12 30 14 15 3 13 14 13 8
split_gain=63.0018 53.3386 45.6869 39.1936 28.2336 33.9366 37.1294 30.6251 37.7254 26.3721 24.4146 33.4051 23.5051 22.9028
threshold=-0.49049438536167139 0.50938662886619579 1.0000000180025095e-35 3.1408286094665532 19.316024780273441 0.073412269353866591 1.0000000180025095e-35 -17.179298400878903 8.9506244659423846 0.62049713730812084 -0.035071045160293572 -9.678487300872801 0.041736263781785972 -1.4277428388595579
decision_type=2 2 2 2 2 2 2 2 2 2 2 2 2 2
left_child=1 2 -1 -4 5 6 7 -2 10 -10 -9 -12 -8 -6
right_child=4 -3 3 -5 13 -7 12 8 9 -11 11 -13 -14 -15
leaf_value=0.00048751072014674706 0.0027395815206603326 -0.0039579882172506003 -0.0001718543068527933 -0.0039937279010241579 -0.0035747205407810271 0.0030559133262562971 0.0019326295590626538 -0.0047949186344525396 8.6387402955576951e-06 0.003591184568953177 0.00066613907282180669 -0.0025400691934410534 -0.001114126206778429 -0.0001000685530438029
leaf_weight=1687.9372657649219 330.4675228279084 566.56078042089939 573.79063558205962 563.09891186095774 249.29786111600697 613.86348507739604 1980.5928654968739 209.39743344113231 1241.2455366495997 250.91357661597431 598.66920007392764 691.12796132452786 274.62851972691715 900.29394993744791
leaf_count=21971 4861 7562 7964 6750 2868 7652 26846 3071 16308 2883 7413 8450 3587 10981
internal_value=0 -0.00113733 -0.000548166 -0.00211421 0.000526913 0.000800533 0.000541195 -0.000127539 -0.000463952 0.000653273 -0.00160049 -0.0010255 0.00154121 -0.000907177
internal_weight=0 3391.39 2824.83 1136.89 7340.5 6190.91 5577.04 3321.82 2991.35 1492.16 1499.19 1289.8 2255.22 1149.59
internal_count=139167 44247 36685 14714 94920 81071 73419 42986 38125 19191 18934 15863 30433 13849
is_linear=0
shrinkage=0.0101079


Tree=11
num_leaves=15
num_cat=0
split_feature=11 15 32 23 21 2 30 13 28 30 23 0 30 32
split_gain=48.5868 48.5988 34.8818 58.8547 30.0353 33.1057 28.0506 26.478 25.7724 27.5539 23.8718 22.2349 22.1778 21.0158
threshold=0.011893782299011947 10.18549966812134 1.0000000180025095e-35 0.82346820831298839 -8.0862569808959943 1.3072801828384402 1.0000000180025095e-35 -0.0025857748696580525 -0.69930991530418385 1.0000000180025095e-35 0.73652449250221264 0.58967530727386486 -0.56174489110708226 1.0000000180025095e-35
decision_type=2 2 2 2 2 2 2 2 2 2 2 2 2 2
left_child=1 6 4 12 5 -2 13 -3 -5 -10 -8 -6 -4 -1
right_child=2 7 3 8 11 -7 10 -9 9 -11 -12 -13 -14 -15
leaf_value=-0.0021664983746496383 0.0059276233558520318 0.0083697463596444886 -0.0010937087969681749 0.0011444275116591505 -0.0018694718735777784 0.00026674560169315085 0.0065617248366626312 0.0022013758507857572 0 -0.0026288942822690199 0.00054713958744946579 0.0002261730848106327 -0.0048030975864074765 0.0018747372323928877
leaf_weight=365.30775813013315 183.78149423189461 148.13817071728408 303.61778914369643 829.9464053362608 566.18309528566897 273.19119379483163 114.40235580131412 189.04120227880776 1042.3541167713702 651.85990853607655 192.26824361085892 5212.9992732424289 488.35771374218166 187.30835690721869
leaf_count=4591 2796 1860 3682 10871 9716 3582 1428 2419 14029 8578 2705 64518 6079 2347
internal_value=0 0.00193159 -0.000222619 -0.00106108 0.000217508 0.00269054 0.000586121 0.00515415 -0.000285603 -0.00101192 0.00302457 1.16706e-05 -0.0034557 -0.000717562
internal_weight=0 1196.47 9552.29 3316.14 6236.16 456.973 859.287 337.179 2524.16 1694.21 306.671 5779.18 791.976 552.616
internal_count=139201 15350 123851 43239 80612 6378 11071 4279 33478 22607 4133 74234 9761 6938
is_linear=0
shrinkage=0.0101079


end of trees

feature_importances:
Column_13=20
Column_29=16
Column_2=13
Column_11=13
Column_21=11
Column_27=11
Column_30=11
Column_15=10
Column_23=10
Column_3=8
Column_0=7
Column_7=6
Column_12=5
Column_28=5
Column_32=4
Column_6=3
Column_8=3
Column_14=3
Column_16=2
Column_20=2
Column_22=2
Column_4=1
Column_17=1
Column_18=1

parameters:
[boosting: gbdt]
[objective: binary]
[metric: auc]
[tree_learner: serial]
[device_type: cpu]
[data_sample_strategy: bagging]
[data: ]
[valid: ]
[num_iterations: 600]
[learning_rate: 0.0101079]
[num_leaves: 15]
[num_threads: 2]
[seed: 1337]
[deterministic: 0]
[force_col_wise: 0]
[force_row_wise: 0]
[histogram_pool_size: -1]
[max_depth: -1]
[min_data_in_leaf: 1280]
[min_sum_hessian_in_leaf: 0.001]
[bagging_fraction: 0.829452]
[pos_bagging_fraction: 1]
[neg_bagging_fraction: 1]
[bagging_freq: 1]
[bagging_seed: 1337]
[feature_fraction: 0.727545]
[feature_fraction_bynode: 1]
[feature_fraction_seed: 1337]
[extra_trees: 0]
[extra_seed: 18955]
[early_stopping_round: 0]
[early_stopping_min_delta: 0]
[first_metric_only: 0]
[max_delta_step: 0]
[lambda_l1: 4.00664]
[lambda_l2: 7.63247]
[linear_lambda: 0]
[min_gain_to_split: 0]
[drop_rate: 0.1]
[max_drop: 50]
[skip_drop: 0.5]
[xgboost_dart_mode: 0]
[uniform_drop: 0]
[drop_seed: 17763]
[top_rate: 0.2]
[other_rate: 0.1]
[min_data_per_group: 100]
[max_cat_threshold: 32]
[cat_l2: 10]
[cat_smooth: 10]
[max_cat_to_onehot: 4]
[top_k: 20]
[monotone_constraints: ]
[monotone_constraints_method: basic]
[monotone_penalty: 0]
[feature_contri: ]
[forcedsplits_filename: ]
[refit_decay_rate: 0.9]
[cegb_tradeoff: 1]
[cegb_penalty_split: 0]
[cegb_penalty_feature_lazy: ]
[cegb_penalty_feature_coupled: ]
[path_smooth: 0]
[interaction_constraints: ]
[verbosity: -1]
[saved_feature_importance_type: 0]
[use_quantized_grad: 0]
[num_grad_quant_bins: 4]
[quant_train_renew_leaf: 0]
[stochastic_rounding: 1]
[linear_tree: 0]
[max_bin: 255]
[max_bin_by_feature: ]
[min_data_in_bin: 3]
[bin_construct_sample_cnt: 200000]
[data_random_seed: 4404]
[is_enable_sparse: 1]
[enable_bundle: 1]
[use_missing: 1]
[zero_as_missing: 0]
[feature_pre_filter: 1]
[pre_partition: 0]
[two_round: 0]
[header: 0]
[label_column: ]
[weight_column: ]
[group_column: ]
[ignore_column: ]
[categorical_feature: ]
[forcedbins_filename: ]
[precise_float_parser: 0]
[parser_config_file: ]
[objective_seed: 4113]
[num_class: 1]
[is_unbalance: 0]
[scale_pos_weight: 1]
[sigmoid: 1]
[boost_from_average: 1]
[reg_sqrt: 0]
[alpha: 0.9]
[fair_c: 1]
[poisson_max_delta_step: 0.7]
[tweedie_variance_power: 1.5]
[lambdarank_truncation_level: 30]
[lambdarank_norm: 1]
[label_gain: ]
[lambdarank_position_bias_regularization: 0]
[eval_at: ]
[multi_error_top_k: 1]
[auc_mu_weights: ]
[num_machines: 1]
[local_listen_port: 12400]
[time_out: 120]
[machine_list_filename: ]
[machines: ]
[gpu_platform_id: -1]
[gpu_device_id: -1]
[gpu_use_dp: 0]
[num_gpu: 1]

end of parameters

pandas_categorical:null
