tree
version=v4
num_class=1
num_tree_per_iteration=1
label_index=0
max_feature_idx=33
objective=binary sigmoid:1
feature_names=Column_0 Column_1 Column_2 Column_3 Column_4 Column_5 Column_6 Column_7 Column_8 Column_9 Column_10 Column_11 Column_12 Column_13 Column_14 Column_15 Column_16 Column_17 Column_18 Column_19 Column_20 Column_21 Column_22 Column_23 Column_24 Column_25 Column_26 Column_27 Column_28 Column_29 Column_30 Column_31 Column_32 Column_33
feature_infos=[0.23920178413391113:4.806818962097168] [0.049576185643672943:24.251049041748047] [0.17134076356887817:8.6935958862304688] [0.087584272027015686:1] [-28.67047119140625:41.262332916259766] [-36.190670013427734:42.326030731201172] [-36.841156005859375:62.500308990478516] [-41.300331115722656:63.120437622070312] [-22.455821990966797:30.680826187133789] [0:0.95389312505722046] [0:0.64536702632904053] [0:0.40022626519203186] [-0.51016271114349365:0.51874518394470215] [-0.15357083082199097:0.22172828018665314] [-45.028751373291016:17.161741256713867] [-6.6708002090454102:64.2962646484375] [0:1] [0:95] [0:95] [-1:1] [-29.775985717773438:44.984848022460938] [-30.525325775146484:55.0223388671875] [-2.8409864902496338:15.253066062927246] [0.049656935036182404:5.4310722351074219] [-1:1] [0:1] [0:0.99820786714553833] [-1:1] [-1:1] [-0.78183150291442871:0.97492790222167969] [-0.90096884965896606:1] [0:1] [0:1] [0.8888888955116272:25]
tree_sizes=1719 1809 1819 1781 1787 1774 1777 1775 1802 1813 1814 1813

Tree=0
num_leaves=15
num_cat=0
split_feature=27 11 23 2 0 15 20 14 30 30 11 15 30 28
split_gain=70.6457 70.0536 53.7466 37.9924 31.7678 29.927 24.7181 24.8493 27.419 22.7958 22.0629 59.0159 19.8988 18.3542
threshold=-0.47136868536472315 0.016934276558458809 0.82934236526489269 0.66026142239570629 0.58967530727386486 3.9660116434097294 -4.3017654418945304 -19.75493240356445 1.0000000180025095e-35 -0.56174489110708226 0.01019480684772134 10.111009597778322 -0.56174489110708226 -0.69930991530418385
decision_type=2 2 2 2 2 2 2 2 2 2 2 2 2 2
left_child=1 -1 3 -3 -2 6 -6 -8 12 -5 11 -7 -9 -4
right_child=4 2 13 9 5 10 7 8 -10 -11 -12 -13 -14 -15
leaf_value=-1.0519873144487362 -1.0557026146859325 -1.0527128679319318 -1.053302024069414 -1.0562831299500195 -1.0539518180209122 -1.0540929323825983 -1.0459126238019614 -1.0515853425235271 -1.0490219259260294 -1.0602491516196144 -1.0538806564142933 -1.0472776101723189 -1.056853909020995 -1.0555412267026205
leaf_weight=523.89783163741231 641.57831396721303 104.18603726103902 453.28903514519334 286.97819706983864 362.48893128335476 351.2374254912138 101.38781023211777 170.2689341455698 225.57409087382257 478.02196350879967 5113.9935239739716 188.01577620021999 114.70166636444628 1628.8502244465053
leaf_count=6661 11103 1032 5962 3700 4538 4395 1802 1999 3016 6146 63345 2361 1509 21637
internal_value=-1.05406 -1.05534 -1.05595 -1.05806 -1.05359 -1.05337 -1.05174 -1.05051 -1.0516 -1.05885 -1.05367 -1.05173 -1.05386 -1.05503
internal_weight=0 3475.22 2951.33 869.186 7269.25 6627.67 974.421 611.933 510.545 765 5653.25 539.253 284.971 2082.14
internal_count=139206 45138 38477 10878 94068 82965 12864 8326 6524 9846 70101 6756 3508 27599
is_linear=0
shrinkage=1


Tree=1
num_leaves=15
num_cat=0
split_feature=27 11 23 2 13 12 30 2 30 14 0 7 13 13
split_gain=71.6696 66.2933 57.9879 37.2426 33.2936 46.0183 43.0574 59.1935 40.699 34.9907 24.9253 27.3933 27.3295 39.1599
threshold=-0.49049438536167139 0.016934276558458809 0.82934236526489269 0.67050069570541393 0.038614528253674514 0.072251640260219588 1.0000000180025095e-35 0.4685396701097489 0.81174489855766307 -17.179298400878903 0.90110245347023021 6.3768255710601816 -0.0025857748696580525 -0.028252682648599144
decision_type=2 2 2 2 2 2 2 2 2 2 2 2 2 2
left_child=1 -1 3 -3 5 6 9 -8 -6 -2 11 12 13 -11
right_child=4 2 -4 -5 8 -7 7 -9 -10 10 -12 -13 -14 -15
leaf_value=0.002041670602634286 0.0028946539753210536 0.0012579910909582665 -0.00087661032366487604 -0.0048509726000345033 0.00020158670661512109 0.0035966191800555348 0.0080399530773266354 0.0012427782498207534 -0.0032740922524595183 -0.003854870010146211 0.00052846400124073514 0.0015203347166278752 -0.003860183559085757 0.00099558588778982104
leaf_weight=518.7062627337873 329.93433181010187 103.09108353964984 2038.3900025635958 744.60891420394182 1415.0518171582371 593.84720683470368 137.63212392479181 1806.8200438693166 439.64710470847785 254.70006388798356 1152.3947214242071 244.98605000786483 508.05994827114046 457.38496020808816
leaf_count=6549 4863 1042 27089 9635 18250 7356 2067 24280 5145 4039 13165 3019 6808 5932
internal_value=0 -0.00122736 -0.00183272 -0.0040561 0.000545149 0.000943578 0.000608149 0.0017742 -0.000610601 -0.000149988 -0.000556487 -0.00143567 -0.00206793 -0.000705547
internal_weight=0 3404.8 2886.09 847.7 7340.46 5485.76 4891.91 1944.45 1854.7 2947.46 2617.53 1465.13 1220.14 712.085
internal_count=139239 44315 37766 10677 94924 71529 64173 26347 23395 37826 32963 19798 16779 9971
is_linear=0
shrinkage=0.0101079


Tree=2
num_leaves=15
num_cat=0
split_feature=15 30 29 22 13 23 29 29 32 7 3 13 13 3
split_gain=53.1608 41.4036 33.6752 58.2764 28.6975 26.0611 24.8756 24.2548 22.398 27.0802 20.1829 21.6979 23.2166 25.2921
threshold=19.316024780273441 0.81174489855766307 1.0000000180025095e-35 -0.57305702567100514 0.044895978644490249 0.80881002545356762 -0.60785761475563038 -1.0000000180025095e-35 1.0000000180025095e-35 6.3768255710601816 0.44389441609382635 -0.025985304266214367 0.0016784890322014692 0.9999404549598695
decision_type=2 2 2 2 2 2 2 2 2 2 2 2 2 2
left_child=2 -2 4 5 6 8 -1 -6 9 -4 -5 -12 13 -13
right_child=1 -3 3 10 7 -7 -8 -9 -10 -11 11 12 -14 -15
leaf_value=0.0062158129106484328 -0.00058783482900278208 -0.0041185924891546221 -0.0027334371389298551 0.0017568157838103201 0.00066680927100115216 0.00039250601893961261 0.0012231162949322856 -0.0045688773536150303 -0.0050425403755260103 0.0010954478980012661 -0.0016705393083358004 0.0023037866440097088 -0.00027218949173436887 -0.0025799788848136257
leaf_weight=103.47811320982873 1232.0274719055742 482.63214456103742 662.3877486474812 955.14090875722468 182.14802605472505 382.024060793221 2995.2777011580765 150.42902199923992 288.34873640164733 240.15963074564934 578.93894516676664 869.3665356375277 1523.8998856246471 109.66632743924856
leaf_count=1336 16058 4782 9213 14170 2433 4438 39418 2087 3512 3096 7242 10798 19218 1527
internal_value=0 -0.00161901 0.000318361 -0.000157919 0.00110744 -0.00180891 0.00141774 -0.00163169 -0.00254688 -0.00166947 0.000477533 6.45854e-05 0.000485917 0.00169996
internal_weight=0 1714.66 9041.27 5609.93 3431.33 1572.92 3098.76 332.577 1190.9 902.547 4037.01 3081.87 2502.93 979.033
internal_count=139328 20840 118488 73214 45274 20259 40754 4520 15821 12309 52955 38785 31543 12325
is_linear=0
shrinkage=0.0101079


Tree=3
num_leaves=15
num_cat=0
split_feature=11 27 29 23 21 16 29 29 23 21 0 20 27 23
split_gain=66.5335 87.7987 52.6668 62.7203 44.3025 36.2049 35.1919 26.6194 25.4876 24.7575 31.6709 23.4092 28.6727 17.3498
threshold=0.011893782299011947 -0.61734244227409352 -1.0000000180025095e-35 0.82644504308700573 -8.0862569808959943 0.65201419591903698 0.87837970256805431 1.0000000180025095e-35 0.44984076917171484 0.66642057895660411 1.0359489321708681 -3.7303243875503536 0.18436925113201144 0.73652449250221264
decision_type=2 2 2 2 2 2 2 2 2 2 2 2 2 2
left_child=5 2 9 -4 11 7 -5 13 -6 -2 -11 -3 -13 -1
right_child=1 4 3 6 8 -7 -8 -9 -10 10 -12 12 -14 -15
leaf_value=0.0063966785751693542 -0.0013274488656361072 0.0011882081368084359 -0.0050792058521722068 -0.0022815842873692813 -0.0024370317310424528 0.0048762547549607831 0.0010850230638255916 -0.0002851950139097448 0.00026859004193484305 0.0064067312844789479 0 0.0008056767191418799 0.0090177712351462574 0.0010281323697193593
leaf_weight=116.47522279061377 236.59577625617385 303.10955442301929 671.31206487864256 1088.0971467848867 369.38549817167222 370.75783261656761 422.6509966198355 532.9501761328429 5950.0554493740201 134.9176197052002 162.81504879891872 87.532651927322149 116.23940598033369 174.01718859374523
leaf_count=1683 3256 3995 8303 14510 5451 4570 5606 6647 75759 1584 2182 1201 1919 2481
internal_value=0 -0.000266624 -0.00180328 -0.00250338 0.000340259 0.00225663 -0.00131234 0.000994453 0.00010129 0.000976027 0.00292655 0.00319514 0.00583819 0.00342519
internal_weight=0 9542.71 2716.39 2182.06 6826.32 1194.2 1510.75 823.443 6319.44 534.328 297.733 506.882 203.772 290.492
internal_count=139147 123766 35441 28419 88325 15381 20116 10811 81210 7022 3766 7115 3120 4164
is_linear=0
shrinkage=0.0101079


Tree=4
num_leaves=15
num_cat=0
split_feature=27 11 29 22 21 2 3 3 6 0 13 3 15 6
split_gain=59.8599 71.6045 55.6072 61.9535 37.6277 33.0283 29.2253 26.4283 22.9398 19.0811 20.4418 23.9884 17.7116 17.2796
threshold=-0.47136868536472315 0.016934276558458809 -1.0000000180025095e-35 0.035930305719375617 -8.0862569808959943 1.315403997898102 0.48802235722541815 0.72657498717308056 8.2014217376709002 0.72652530670166027 0.069116041064262404 0.6147620975971223 9.9650878906250018 -6.8636951446533194
decision_type=2 2 2 2 2 2 2 2 2 2 2 2 2 2
left_child=1 -1 6 9 5 -2 -3 -6 12 -4 11 -11 -8 -9
right_child=4 2 3 -5 7 -7 8 13 -10 10 -12 -13 -14 -15
leaf_value=0.0022921371870131021 0.0064907259038323771 0.0058746447956986702 -0.0055444543810476456 -0.0003155454205601668 4.1962758666399745e-05 0.00085050287075502933 0.00015124707797871588 -0.00079685678199606033 0.0035881862654403816 0.00013136529894712984 -0.0070657499409917104 -0.003316526266935709 -0.0044208914603884883 0.0023917790013640362
leaf_weight=524.03320381976664 188.95398947224021 97.788797611370683 449.99654516391456 928.81635202281177 5729.8012643549591 279.65117483399808 227.55307571589947 190.5774031560868 123.93078333511949 277.11651998758316 104.98084113560617 603.5821091439575 117.92982689850032 872.17951274849474
leaf_count=6632 2892 1153 5767 12717 74973 3668 3167 2118 1638 3212 1122 8002 1538 10257
internal_value=0 -0.0010935 -0.00171683 -0.00240257 0.000521194 0.0032774 0.00106528 0.000321628 0 -0.00371591 -0.00280415 -0.00219423 -0.00135658 0.00178054
internal_weight=0 3455.73 2931.69 2364.49 7261.16 468.605 567.202 6792.56 469.414 1435.68 985.679 880.699 345.483 1062.76
internal_count=138856 44948 38316 30820 93908 6560 7496 87348 6343 18103 12336 11214 4705 12375
is_linear=0
shrinkage=0.0101079


Tree=5
num_leaves=15
num_cat=0
split_feature=27 11 29 22 21 29 2 3 3 2 6 17 29 13
split_gain=68.5176 64.1099 55.3057 75.4604 34.0089 34.9798 31.5434 29.0082 28.0026 24.6441 18.8013 29.7577 18.4238 17.7838
threshold=-0.47136868536472315 0.016934276558458809 -1.0000000180025095e-35 0.045413881540298469 -8.0862569808959943 -0.60785761475563038 1.315403997898102 0.72657498717308056 0.48802235722541815 0.88136368989944469 -6.8636951446533194 57.500000000000007 1.0000000180025095e-35 -0.035071045160293572
decision_type=2 2 2 2 2 2 2 2 2 2 2 2 2 2
left_child=1 -1 8 -4 6 -6 -2 13 -3 -9 -11 12 -12 -7
right_child=4 2 3 -5 5 7 -8 9 -10 10 11 -13 -14 -15
leaf_value=0.002052179977760399 0.0063318091512383524 0.0057047115250761114 -0.0038597286152531672 -0.00010372972594686433 0.0054672624060186394 -0.0014552022504718226 0.00084707642132078077 -0.0015258062842739488 0 -0.00018616479203438234 -0.00059883177582286925 0.0065782709808998672 0.0032659663745953239 0.00022283928847873215
leaf_weight=527.04273511841893 190.43947786092758 99.232904070988297 1435.7157148066908 916.5995855666697 129.62757509574294 734.85166612453759 284.5092831403017 166.20531761273742 471.5985086094588 177.19556358456612 179.82565965689719 200.71005118824542 310.08222621679306 4919.1831380967051
leaf_count=6674 2916 1167 18198 12550 1632 10155 3735 1757 6337 1931 2346 2225 3692 63808
internal_value=0 -0.00113705 -0.00172974 -0.0024184 0.000589876 0.000399049 0.00319556 0.000288648 0.00103262 0.00183869 0.00253701 0.00328811 0.00177853 0
internal_weight=0 3450.19 2923.15 2352.32 7292.63 6817.68 474.949 6688.05 570.831 1034.02 867.814 690.618 489.908 5654.03
internal_count=139123 44926 38252 30748 94197 87546 6651 85914 7504 11951 10194 8263 6038 73963
is_linear=0
shrinkage=0.0101079


Tree=6
num_leaves=15
num_cat=0
split_feature=29 21 11 15 4 23 30 8 23 11 12 20 13 3
split_gain=51.2291 57.7648 29.4015 31.9887 29.0674 25.9857 25.1674 22.6262 22.5336 20.8247 21.6638 22.0704 21.4256 20.7374
threshold=-1.0000000180025095e-35 7.3794376850128183 0.011893782299011947 9.0190558433532733 1.4617422223091128 0.62579330801963817 1.0000000180025095e-35 0.62909379601478588 0.75132557749748241 0.045938840135931976 -0.017909986898303028 2.7406904697418217 -0.0017058646772056816 0.85939016938209545
decision_type=2 2 2 2 2 2 2 2 2 2 2 2 2 2
left_child=9 2 3 6 -3 7 -2 -4 -8 12 -11 -12 -1 -7
right_child=1 4 5 -5 -6 13 8 -9 -10 10 11 -13 -14 -15
leaf_value=0.0018507564217116982 -0.0015676998474276629 -0.0033130110087573545 -0.0025244571416583282 0.004019488004226233 -0.00042435676268085573 0.00031341941126348415 0.006204133549081484 0.00052246354946045785 0 0.0041298090597557255 -0.00018759143887711472 0.0030093504693089689 -0.0013104082237627704 -0.0016220866827402821
leaf_weight=397.68842072784901 342.06433495134115 906.45206998288631 817.23264035210013 355.43764711357653 644.7997990809381 4340.5026483908296 96.933106370270252 324.76689325459301 155.38285119831562 408.71396867185831 473.55104411393404 371.87108855322003 464.23056239821017 640.84080691635609
leaf_count=5034 4118 10997 11395 4415 7586 56898 1192 4414 2220 5177 6258 4871 6131 8404
internal_value=0 -0.000384924 0 0.00165054 -0.00214624 -0.000253999 0.000133646 -0.00162502 0.00257426 0.00136698 0.0021963 0.0011855 0.000105018 5.42018e-05
internal_weight=0 8624.41 7073.16 949.818 1551.25 6123.34 594.38 1142 252.316 2116.06 1254.14 845.422 861.919 4981.34
internal_count=139110 111639 93056 11945 18583 81111 7530 15809 3412 27471 16306 11129 11165 65302
is_linear=0
shrinkage=0.0101079


Tree=7
num_leaves=15
num_cat=0
split_feature=27 30 7 0 17 13 16 12 2 22 5 14 2 12
split_gain=69.1869 37.2182 44.3639 36.2273 34.036 31.1026 31.5867 43.2391 40.6413 22.6843 22.266 22.7748 35.566 24.7673
threshold=-0.49049438536167139 1.0000000180025095e-35 3.1408286094665532 0.58967530727386486 65.500000000000014 0.0043287766166031369 0.64431303739547741 0.016012632288038734 0.83292600512504589 0.59827736020088207 2.0717768669128422 -5.604435682296752 1.03980427980423 -0.04900169558823108
decision_type=2 2 2 2 2 2 2 2 2 2 2 2 2 2
left_child=1 4 -3 -2 10 6 7 -5 -8 -4 11 13 -13 -1
right_child=3 2 9 5 -6 -7 8 -9 -10 -11 -12 12 -14 -15
leaf_value=0.0040057587835223363 -0.0016826837358344664 -0.00055954634420219069 -0.0052255530015026625 0.0019389908995123819 -0.0021042808283684281 0.00013729176052021218 0 -0.00080659310166753765 0.0065094029440627378 -0.00030987254870490859 -0.00075364035178678685 0.0076477134263202608 0.00012894250611809822 -0.0010400426279484508
leaf_weight=130.66492053680122 645.93769350275397 678.9610085580498 539.19852994009852 1937.0599377434701 689.98699025250971 3578.0487334337085 139.47114734351635 809.28622224368155 259.5087313298136 139.25805073976517 600.35531741566956 135.6536767911166 137.63242593407631 331.23607017658651
leaf_count=2039 11220 9436 6423 24316 9010 44043 1788 10587 3157 1760 7640 1409 1694 4635
internal_value=0 -0.00117334 -0.00246745 0.000570896 -0.000280156 0.000795084 0.00152839 0.00111523 0.00419838 -0.00429027 0.0006387 0.00182627 0.00411166 0.000342999
internal_weight=0 3382.95 1357.42 7369.31 2025.53 6723.37 3145.33 2746.35 398.98 678.457 1335.54 735.187 273.286 461.901
internal_count=139157 44046 17619 95111 26427 83891 39848 34903 4945 8183 17417 9777 3103 6674
is_linear=0
shrinkage=0.0101079


Tree=8
num_leaves=15
num_cat=0
split_feature=11 29 32 23 28 16 2 21 29 23 2 5 23 20
split_gain=51.0451 49.0624 43.6709 89.8627 42.9239 36.806 34.9088 27.6471 26.206 26.1451 21.927 23.4442 19.2946 18.7164
threshold=0.011893782299011947 -1.0000000180025095e-35 1.0000000180025095e-35 0.82644504308700573 -0.69930991530418385 0.656154364347458 1.03980427980423 -8.0862569808959943 0.87837970256805431 0.44984076917171484 0.72884088754653942 2.5294417142868046 1.0981231331825259 -3.7303243875503536
decision_type=2 2 2 2 2 2 2 2 2 2 2 2 2 2
left_child=5 6 7 -4 -5 -1 -2 13 -6 -9 11 -11 -8 -3
right_child=1 2 3 4 8 -7 12 9 -10 10 -12 -13 -14 -15
leaf_value=0.00065073554832437706 -0.00015194352117964038 0.00017870605477555052 -0.0049266408033219857 0.0014495090356330164 -0.0025594719291638216 0.0045601264923443956 0.0038336538538629654 -0.0030263574528674288 0.00050090909551060963 0.0015483658571935918 -0.00061057702411235627 -0.0017922696199584134 0.0006898753697901043 0.0049058302049793797
leaf_weight=826.11755223572254 963.35097252577543 202.1338970400393 662.41762584447861 661.16780921258032 955.7651125267148 365.5437852256 524.09659486822784 332.82864585518837 374.56840631179512 1150.9800593908876 2906.7216644063592 246.53471026942134 382.9937405642122 170.68825101107359
leaf_count=10891 12088 2693 8137 8670 12871 4462 6768 4870 5005 15853 35706 3188 5237 2675
internal_value=0 -0.000306404 -0.000668008 -0.00171536 -0.000612221 0.0019051 0.00115033 -0.000103354 -0.00166958 -0.000325505 -0.00010228 0.000923691 0.00256739 0.00250436
internal_weight=0 9534.25 7663.81 2653.92 1991.5 1191.66 1870.44 5009.89 1330.33 4637.07 4304.24 1397.51 907.09 372.822
internal_count=139114 123761 99668 34683 26546 15353 24093 64985 17876 59617 54747 19041 12005 5368
is_linear=0
shrinkage=0.0101079


Tree=9
num_leaves=15
num_cat=0
split_feature=27 28 11 30 15 3 13 27 2 12 30 13 14 30
split_gain=69.0169 57.2424 46.9256 35.5885 34.732 38.7326 36.2272 31.478 24.7605 19.3499 49.5414 26.584 24.6028 18.8371
threshold=-0.49049438536167139 0.50938662886619579 0.016934276558458809 1.0000000180025095e-35 3.8239470720291142 0.73246982693672191 -0.069335259497165666 -0.7866188883781432 0.76136308908462536 0.065791070461273207 1.0000000180025095e-35 0.036723667755723007 -1.0065596699714658 1.0000000180025095e-35
decision_type=2 2 2 2 2 2 2 2 2 2 2 2 2 2
left_child=1 2 -1 -4 6 9 -2 -5 -3 -6 12 -12 -11 -8
right_child=4 8 3 7 5 -7 13 -9 -10 10 11 -13 -14 -15
leaf_value=0.0024823792020351953 0.0071317854129108781 0.00015605679174996592 -5.0617945511791718e-05 -0.0036016521046688963 -0.00031891319498527368 0.0022377049241910315 1.0877073213065748e-05 0.00041740275738972568 -0.0050203930429369246 0.0020489172832695683 0.0022843216510144422 -0.0027799104729162058 0.0076972364345151353 0.0030493386541131026
leaf_weight=424.67837006412446 134.28592916205525 98.246132357046008 1404.9609300792217 748.88788799010217 4462.4934450685978 883.77681445889175 475.93981768935919 244.83570383302867 474.60644567757845 417.75450630858541 142.64038736186922 316.61373955383897 106.1667138710618 405.54026307538152
leaf_count=5358 2372 1049 18569 9609 58768 10461 6011 3145 6518 5272 2012 3238 1248 5487
internal_value=0 -0.00116976 -0.000557114 -0.00111824 0.000570913 0.000283892 0.00230437 -0.00257535 -0.00407247 -2.84538e-05 0.00124133 -0.00110863 0.00336376 0.0014685
internal_weight=0 3396.22 2823.36 2398.68 7345.21 6329.45 1015.77 993.724 572.853 5445.67 983.175 459.254 523.921 881.48
internal_count=139117 44248 36681 31323 94869 80999 13870 12754 7567 70538 11770 5250 6520 11498
is_linear=0
shrinkage=0.0101079


Tree=10
num_leaves=15
num_cat=0
split_feature=11 15 15 30 3 5 13 13 14 30 3 32 23 12
split_gain=46.3193 43.3691 30.8512 37.1959 32.3967 28.7056 27.283 26.1413 33.5368 22.1746 40.6254 21.472 44.9003 42.746
threshold=0.011893782299011947 10.18549966812134 19.316024780273441 0.81174489855766307 0.46541570127010351 2.0273730754852299 -0.0021413465728983279 -0.062909260392189012 -8.0290913581848127 1.0000000180025095e-35 0.62815293669700634 1.0000000180025095e-35 0.82051119208335888 0.069960229098796858
decision_type=2 2 2 2 2 2 2 2 2 2 2 2 2 2
left_child=1 9 4 -4 5 7 -3 -2 -9 10 -1 13 -13 -6
right_child=2 6 3 -5 11 -7 -8 8 -10 -11 -12 12 -14 -15
leaf_value=-0.0037328626664277359 0.0043698332586885186 0.0080908851182656966 -0.0004929600839476266 -0.0038521203777110201 -0.00041802306348614658 -0.0010374194358988595 0.0019105412262396917 -0.00037685741125164914 0.0024135334452946079 0.0027472685981149089 0.0017211727663509432 -0.0037855574564395378 -0.0003759152405787647 0.0027287325561773865
leaf_weight=236.47039671801031 284.84281012229621 150.86206868477166 1220.0112356748432 479.45799881219864 2483.6304718982428 546.75595165789127 188.61994466744363 843.38585121184587 863.27991977334023 304.85204657353461 309.57502586953342 511.94331995211542 1797.7239789254963 526.73344596102834
leaf_count=3172 4454 1920 15987 4780 29694 7867 2392 12293 11617 4143 3671 6618 24064 6454
internal_value=0 0.00186271 -0.000245428 -0.00147736 1.7022e-05 0.000959858 0.0048912 0.00153032 0.00101544 0.000574523 -0.000586505 -0.000425948 -0.00115913 0.000124665
internal_weight=0 1190.38 9557.76 1699.47 7858.3 2538.26 339.482 1991.51 1706.67 850.897 546.045 5320.03 2309.67 3010.36
internal_count=139126 15298 123828 20767 103061 36231 4312 28364 23910 10986 6843 66830 30682 36148
is_linear=0
shrinkage=0.0101079


Tree=11
num_leaves=15
num_cat=0
split_feature=27 11 29 28 21 29 3 28 29 6 13 13 21 6
split_gain=65.5062 58.1525 44.9421 63.3349 33.1789 33.053 30.4181 28.2659 28.1546 27.0067 26.7028 35.1359 44.941 23.8899
threshold=-0.47136868536472315 0.016934276558458809 -1.0000000180025095e-35 -0.45201864838600153 -8.0862569808959943 0.87837970256805431 0.48802235722541815 0.26932403445243841 -0.60785761475563038 8.6296319961547869 -0.035071045160293572 -0.0017058646772056816 3.392753124237061 -0.24495923519134519
decision_type=2 2 2 2 2 2 2 2 2 2 2 2 2 2
left_child=1 -1 6 -4 -2 -5 -3 -7 -6 -8 -10 12 13 -12
right_child=4 2 3 5 8 7 9 -9 10 -11 11 -13 -14 -15
leaf_value=0.0019035519420821723 0.0031106342379094744 0.0056837764013506964 8.3177276360346859e-05 -0.0042677252363074606 0.0048681288647900514 0.0014827366554600733 -0.0016971290057539435 -0.0037239941254971873 -0.0014952214933009393 0.0037749683145928345 0.0023536925384297358 -9.5489908739212735e-06 0.0073640270902712952 -1.0983673795362791e-07
leaf_weight=526.26731871627271 480.49390294961631 99.111270692199469 740.31188706681132 1215.3593391049653 132.32051385566592 223.14248296245933 352.58829661644995 182.49041562341154 762.14303181320429 114.9163717366755 862.13010832294822 4113.6714185867459 126.52410020120442 823.68756737560034
leaf_count=6647 6671 1155 9677 15844 1665 2947 4787 2422 10405 1518 10561 52638 1625 10660
internal_value=0 -0.00113444 -0.00169782 -0.00231434 0.000553368 -0.00342942 0.000797537 -0.000787241 0.000364005 -0.000227775 0.000263398 0.000498031 0.0016676 0.0011849
internal_weight=0 3454.19 2927.92 2361.3 7300.97 1620.99 566.616 405.633 6820.48 467.505 6688.16 5926.01 1812.34 1685.82
internal_count=139222 44997 38350 30890 94225 21213 7460 5369 87554 6305 85889 75484 22846 21221
is_linear=0
shrinkage=0.0101079


end of trees

feature_importances:
Column_13=16
Column_29=16
Column_30=13
Column_3=12
Column_11=12
Column_23=12
Column_2=11
Column_27=10
Column_15=8
Column_21=8
Column_12=6
Column_0=5
Column_6=5
Column_14=5
Column_28=5
Column_20=4
Column_22=4
Column_5=3
Column_7=3
Column_16=3
Column_32=3
Column_17=2
Column_4=1
Column_8=1

parameters:
[boosting: gbdt]
[objective: binary]
[metric: auc]
[tree_learner: serial]
[device_type: cpu]
[data_sample_strategy: bagging]
[data: ]
[valid: ]
[num_iterations: 600]
[learning_rate: 0.0101079]
[num_leaves: 15]
[num_threads: 2]
[seed: 42]
[deterministic: 0]
[force_col_wise: 0]
[force_row_wise: 0]
[histogram_pool_size: -1]
[max_depth: -1]
[min_data_in_leaf: 1280]
[min_sum_hessian_in_leaf: 0.001]
[bagging_fraction: 0.829452]
[pos_bagging_fraction: 1]
[neg_bagging_fraction: 1]
[bagging_freq: 1]
[bagging_seed: 42]
[feature_fraction: 0.727545]
[feature_fraction_bynode: 1]
[feature_fraction_seed: 42]
[extra_trees: 0]
[extra_seed: 12879]
[early_stopping_round: 0]
[early_stopping_min_delta: 0]
[first_metric_only: 0]
[max_delta_step: 0]
[lambda_l1: 4.00664]
[lambda_l2: 7.63247]
[linear_lambda: 0]
[min_gain_to_split: 0]
[drop_rate: 0.1]
[max_drop: 50]
[skip_drop: 0.5]
[xgboost_dart_mode: 0]
[uniform_drop: 0]
[drop_seed: 17869]
[top_rate: 0.2]
[other_rate: 0.1]
[min_data_per_group: 100]
[max_cat_threshold: 32]
[cat_l2: 10]
[cat_smooth: 10]
[max_cat_to_onehot: 4]
[top_k: 20]
[monotone_constraints: ]
[monotone_constraints_method: basic]
[monotone_penalty: 0]
[feature_contri: ]
[forcedsplits_filename: ]
[refit_decay_rate: 0.9]
[cegb_tradeoff: 1]
[cegb_penalty_split: 0]
[cegb_penalty_feature_lazy: ]
[cegb_penalty_feature_coupled: ]
[path_smooth: 0]
[interaction_constraints: ]
[verbosity: -1]
[saved_feature_importance_type: 0]
[use_quantized_grad: 0]
[num_grad_quant_bins: 4]
[quant_train_renew_leaf: 0]
[stochastic_rounding: 1]
[linear_tree: 0]
[max_bin: 255]
[max_bin_by_feature: ]
[min_data_in_bin: 3]
[bin_construct_sample_cnt: 200000]
[data_random_seed: 175]
[is_enable_sparse: 1]
[enable_bundle: 1]
[use_missing: 1]
[zero_as_missing: 0]
[feature_pre_filter: 1]
[pre_partition: 0]
[two_round: 0]
[header: 0]
[label_column: ]
[weight_column: ]
[group_column: ]
[ignore_column: ]
[categorical_feature: ]
[forcedbins_filename: ]
[precise_float_parser: 0]
[parser_config_file: ]
[objective_seed: 16083]
[num_class: 1]
[is_unbalance: 0]
[scale_pos_weight: 1]
[sigmoid: 1]
[boost_from_average: 1]
[reg_sqrt: 0]
[alpha: 0.9]
[fair_c: 1]
[poisson_max_delta_step: 0.7]
[tweedie_variance_power: 1.5]
[lambdarank_truncation_level: 30]
[lambdarank_norm: 1]
[label_gain: ]
[lambdarank_position_bias_regularization: 0]
[eval_at: ]
[multi_error_top_k: 1]
[auc_mu_weights: ]
[num_machines: 1]
[local_listen_port: 12400]
[time_out: 120]
[machine_list_filename: ]
[machines: ]
[gpu_platform_id: -1]
[gpu_device_id: -1]
[gpu_use_dp: 0]
[num_gpu: 1]

end of parameters

pandas_categorical:null
