tree
version=v4
num_class=1
num_tree_per_iteration=1
label_index=0
max_feature_idx=33
objective=binary sigmoid:1
feature_names=Column_0 Column_1 Column_2 Column_3 Column_4 Column_5 Column_6 Column_7 Column_8 Column_9 Column_10 Column_11 Column_12 Column_13 Column_14 Column_15 Column_16 Column_17 Column_18 Column_19 Column_20 Column_21 Column_22 Column_23 Column_24 Column_25 Column_26 Column_27 Column_28 Column_29 Column_30 Column_31 Column_32 Column_33
feature_infos=[0.22403052449226379:4.806818962097168] [0.027025075629353523:26.170040130615234] [0.17134076356887817:8.6935958862304688] [0.087584272027015686:1] [-28.67047119140625:41.262332916259766] [-36.190670013427734:42.326030731201172] [-36.841156005859375:62.500308990478516] [-45.158794403076172:63.120437622070312] [-22.455821990966797:30.680826187133789] [0:0.95389312505722046] [0:0.64536702632904053] [0:0.40022626519203186] [-0.51016271114349365:0.51874518394470215] [-0.15599349141120911:0.22172828018665314] [-46.22015380859375:17.161741256713867] [-8.3726015090942383:64.2962646484375] [0:1] [0:95] [0:95] [-1:1] [-29.775985717773438:44.984848022460938] [-30.525325775146484:55.0223388671875] [-2.8409864902496338:15.253066062927246] [0.049656935036182404:5.4310722351074219] [-1:1] [0:1] [0:1] [-1:1] [-1:1] [-0.78183150291442871:0.97492790222167969] [-0.90096884965896606:1] [0:1] [0:1] [0.8888888955116272:4.5999999046325684]
tree_sizes=8583 8702 8701 8713

Tree=0
num_leaves=79
num_cat=0
split_feature=11 12 21 21 14 28 21 14 21 14 28 3 30 18 12 33 4 14 3 28 14 3 12 3 33 33 12 3 9 28 28 18 18 14 3 14 12 32 32 33 3 3 18 30 12 14 28 3 7 11 30 12 14 28 21 17 17 3 28 11 3 12 14 33 9 8 4 3 21 7 28 14 9 12 7 3 3 21
split_gain=47.9179 28.329 25.2802 25.4159 23.545 45.0805 35.3788 30.3165 37.4619 26.4122 24.7919 35.644 33.1977 34.8478 29.9737 29.6 38.5612 28.731 26.2864 25.9228 21.5672 20.8135 20.6935 19.32 37.5084 18.2835 17.7762 17.2709 17.1926 16.9794 16.3184 15.4609 14.7016 16.788 16.4567 23.3141 20.1183 16.2654 14.1814 15.8837 13.4359 16.8925 13.092 17.1625 15.9619 15.0712 14.9261 14.8677 18.3942 17.4712 16.3327 17.1001 14.7667 13.7562 15.1967 18.9682 13.09 12.712 12.6306 12.0607 11.9347 11.9137 11.7175 11.6688 11.3652 11.2683 11.187 10.806 10.5533 19.0941 10.3356 10.0593 9.84185 9.83602 10.2913 9.76191 16.7428 15.3934
threshold=0.02032706514000893 0.074705153703689589 10.202844619750978 11.60664749145508 -2.5304112434387203 -0.05451125651597976 10.202844619750978 -9.7437767982482892 10.395477771759035 -3.7439858913421626 -0.3317298144102096 0.32519611716270452 -0.56174489110708226 75.500000000000014 -0.070272073149681077 0.99736112356185924 -1.5586538314819334 -12.379820823669432 0.25788466632366186 0.16288578510284427 -14.266254901885985 0.47896635532379156 0.20077727735042575 0.82077854871749889 0.99393379688262951 0.90112781524658214 0.061139870434999473 0.69377240538597118 0.22713232785463336 -0.9738190472126006 0.78661888837814342 56.500000000000007 64.500000000000014 -5.8754274845123282 0.81677120923995983 -4.8603119850158683 0.065066110342741026 1.0000000180025095e-35 1.0000000180025095e-35 0.99736112356185924 0.48185014724731451 0.35785503685474401 71.500000000000014 -0.56174489110708226 -0.061574397608637803 -6.6496574878692618 0.43245348334312445 0.41902592778205877 2.9875679016113286 0.080619566142559065 1.0000000180025095e-35 -0.027794200927019116 -4.0822832584381095 0.010907442308962378 5.0110728740692148 35.500000000000007 21.500000000000004 0.3892624974250794 0.52803644537925731 0.041093070060014732 0.44103784859180456 0.14381402730941775 -3.7995783090591426 1.6250000000000002 0.20204553008079532 -1.0212789773941038 1.5310239791870119 0.92851787805557262 -0.69607400894165028 -4.6252601146697989 0.33172981441020971 -5.8171966075897208 0.27576898038387304 0.034328820183873184 1.6385665535926821 0.54793754220008861 0.6413564682006837 -2.6239225864410396
decision_type=2 2 2 2 2 2 2 2 2 2 2 2 2 2 2 10 2 2 2 2 2 2 2 2 10 10 2 2 2 2 2 2 2 2 2 2 2 2 2 10 2 2 2 2 2 2 2 2 2 2 2 2 2 2 2 2 2 2 2 2 2 2 2 8 2 2 2 2 2 2 2 2 2 2 2 2 2 2
left_child=29 4 28 -4 7 21 26 10 42 -10 -2 12 13 18 23 -16 -17 19 -12 -14 30 -6 60 24 -13 -24 40 31 -3 -1 -18 -23 33 75 36 -36 37 62 -25 -40 41 -7 44 53 46 68 -9 -46 50 52 51 -49 63 -44 55 -55 -47 -35 -22 -30 -5 70 73 -50 -60 -61 -63 -41 -45 -70 -62 -38 -42 74 -34 -31 -77 -78
right_child=1 2 3 22 5 6 -8 8 9 -11 11 14 17 -15 15 16 20 -19 -20 -21 58 27 25 38 -26 -27 -28 -29 59 32 -32 -33 34 57 35 -37 71 -39 39 67 72 -43 43 45 47 56 -48 48 49 -51 -52 -53 -54 54 -56 -57 -58 -59 64 65 61 66 -64 -65 -66 -67 -68 -69 69 -71 -72 -73 -74 -75 -76 76 77 -79
leaf_value=-0.89603958139185924 -0.87630091687869305 -0.88975316027641616 -0.86036386740036497 -0.86646545662462837 -0.8853637578046174 -0.8447790147908989 -0.87982243361507628 -0.89803345229222442 -0.82273024541397377 -0.87597155760199652 -0.85407994757273265 -0.85605836085246245 -0.86898651197327181 -0.8368828380874751 -0.8739962278648481 -0.87432241076948469 -0.82586810042264946 -0.85959996756583956 -0.90151288061767954 -0.90794862906194695 -0.86853726576130119 -0.84150519338668051 -0.87989648894834316 -0.87682679309104716 -0.88707875624183552 -0.84443071743000819 -0.87526429741718137 -0.88349779444632992 -0.85949161786555317 -0.87336341119594474 -0.85642600325684692 -0.87057395419900041 -0.86305779827956985 -0.87249089759282228 -0.88166007953595016 -0.84562382593355789 -0.87670735355166873 -0.89177538572220072 -0.87557052650163192 -0.83487866193813987 -0.82578789953082166 -0.87236548627070243 -0.86598953304851756 -0.86000328664179193 -0.88039205139868149 -0.87945609100502253 -0.86908320975349684 -0.85257293564343639 -0.85602773182097924 -0.88245251725897489 -0.88997221339515586 -0.88042596846183763 -0.87731904585541498 -0.8549469488829502 -0.89956687555568338 -0.88747692928856159 -0.89719251988182314 -0.89738013742582712 -0.83906156008444222 -0.87010657568413052 -0.90161915538022197 -0.86666353100430238 -0.85434708694054995 -0.87469890528718708 -0.86515931591219464 -0.8900259686029891 -0.89135222680391935 -0.86354344304865993 -0.90701187115605519 -0.87293036787193357 -0.87948371347755117 -0.90442038379618872 -0.8533690301385074 -0.88573652617994392 -0.88737910457893676 -0.90016688482027729 -0.88854374744457243 -0.87213130942966344
leaf_weight=171.1974119823426 1290.2115160860121 583.66074571013451 203.45766559429467 63.141050480306149 266.00857876054943 107.06616292893887 111.62346981465816 119.53092076815665 38.617797592654824 37.430899644270539 37.457411967217922 105.32197014428675 41.940956469625235 55.348113192245364 228.4162925761193 161.86253109574318 121.38885868340731 42.983527950942516 52.585857279598713 146.31804362870753 127.25789112597704 62.337093168869615 55.004731744527817 103.33895378559828 298.04839818179607 55.208476200699806 59.728584760800004 83.278013460338116 64.471291502937675 243.78569585457444 70.909845471382141 103.91281615383923 150.9972507301718 45.525237139314413 64.007254954427481 75.388614546507597 45.515489803627133 89.614372316747904 66.008707189932466 67.108712643384933 83.422286920249462 87.684287210926414 176.78510356508195 51.326946636661887 645.94857795350254 131.44951950572431 46.969027549028397 64.895486652851105 340.97029649466276 121.33822274580598 170.26735055819154 125.82013320550323 123.46739596500993 57.704237231984735 70.830770522356033 87.689442945644259 305.45829458720982 256.60160209424794 101.5993387401104 98.366325387731194 131.76690223254263 85.312740303575993 69.704356718808413 94.403334308415651 67.428759545087814 127.95808688737452 61.368423106148839 62.292436741292477 43.92852720618248 107.38148432970047 74.53014262393117 80.814431007951498 68.132112935185432 103.100450810045 41.321864120662212 105.33657769672573 224.90112368576229 234.65751861967146
leaf_count=2001 16736 6740 2167 517 3031 1155 1201 1487 630 499 653 2612 626 825 5463 1217 862 548 785 2232 1022 694 1323 1021 2342 466 581 1017 729 3291 593 998 1998 625 948 862 657 1070 1689 526 749 840 2155 654 8458 1573 494 752 2783 1168 1913 1459 1337 636 875 1028 3539 3030 866 1116 1332 983 846 2348 518 1470 736 566 420 1403 819 793 627 1416 564 1307 2503 2906
internal_value=-0.875972 -0.874624 -0.880072 -0.873883 -0.873409 -0.867058 -0.857634 -0.874479 -0.877792 -0.847175 -0.871443 -0.868223 -0.880662 -0.864029 -0.865224 -0.85963 -0.854704 -0.891354 -0.881169 -0.899051 -0.848371 -0.876497 -0.879097 -0.872349 -0.878741 -0.862065 -0.851437 -0.867239 -0.885278 -0.882405 -0.836247 -0.858823 -0.881062 -0.884333 -0.875972 -0.862202 -0.879383 -0.874979 -0.863636 -0.856542 -0.847523 -0.856625 -0.878655 -0.88275 -0.876338 -0.887325 -0.889611 -0.875027 -0.871648 -0.867242 -0.879822 -0.870907 -0.863829 -0.875387 -0.882891 -0.874671 -0.892049 -0.893474 -0.856835 -0.876065 -0.883815 -0.887129 -0.870595 -0.859916 -0.84869 -0.881206 -0.876806 -0.84751 -0.876789 -0.883067 -0.894078 -0.895146 -0.836955 -0.874835 -0.86866 -0.880788 -0.884073 -0.880098
internal_weight=0 8847.48 1604.25 729.79 7243.24 1033.19 517.657 6210.04 2962.21 76.0487 3247.83 1957.62 376.634 145.391 1580.98 878.864 650.447 231.243 90.0433 188.259 488.585 515.537 526.332 702.119 403.37 110.213 406.033 249.528 874.456 2002.47 192.299 166.25 1831.27 1110.81 720.464 139.396 581.068 454.738 298.749 195.41 346.305 194.75 2886.17 1032.55 1853.61 639.545 166.5 1687.11 1041.16 680.179 360.983 190.716 558.841 393.01 216.224 145.394 436.908 302.127 296.286 290.796 416.119 352.978 365.124 435.374 169.028 226.324 146.681 129.401 202.637 151.31 206.297 126.33 151.554 295.42 192.319 808.681 564.895 459.559
internal_count=131421 106604 18398 8343 88206 10893 5153 77313 35611 1129 41702 24966 5669 2263 19297 10541 5078 3406 1438 2858 3861 5740 6176 8756 4954 1789 3952 2709 10055 24817 1455 1692 22816 13662 9154 1810 7344 5894 3802 2781 3371 1995 34482 12283 22199 7589 1981 20218 11760 7636 4124 2211 6468 4694 2539 1664 5112 3655 2406 3315 4387 3870 4824 5131 1384 2586 1719 1092 2477 1823 2151 1450 1376 3978 2562 10007 6716 5409
is_linear=0
shrinkage=1


Tree=1
num_leaves=79
num_cat=0
split_feature=29 13 0 13 12 30 13 28 29 27 15 6 27 12 5 0 33 29 13 15 13 27 27 6 0 8 0 28 10 33 13 30 0 10 15 13 15 5 29 30 0 13 30 27 6 12 13 29 12 5 15 33 6 27 13 15 6 15 29 13 15 0 27 27 13 13 30 29 27 12 10 6 12 10 27 13 15 10
split_gain=47.5637 39.9485 35.2413 34.4067 31.34 39.3874 30.7483 30.9464 61.3926 41.6933 51.7435 39.6794 29.1522 25.5068 34.9248 26.6511 24.6881 21.5151 20.1729 18.1643 18.1411 17.8208 17.1401 36.8406 16.9595 21.6764 23.2781 16.7701 23.6168 29.4527 16.2296 18.4832 16.1277 15.5199 21.0203 13.9585 13.7891 21.0895 12.9838 12.9633 12.9139 16.685 12.9515 12.758 25.1717 24.831 23.0051 34.3447 29.2455 21.8192 20.0824 18.1698 17.9689 23.4926 21.6792 19.0921 17.7402 19.1755 16.5308 13.7928 24.8522 19.8217 13.5146 13.499 24.7802 13.226 12.1849 11.8419 18.4585 11.7756 12.1079 11.6963 11.6239 11.2555 17.5871 20.9663 11.2378 11.0449
threshold=-0.60785761475563038 -0.026011448353528973 0.69264188408851635 -0.090289000421762453 0.03651836887001992 -0.56174489110708226 -0.012311274651437996 0.054511256515979774 0.87837970256805431 -0.72982063889503468 24.69736480712891 -3.6118929386138912 0.032717135734856136 0.070736747235059752 1.427220404148102 0.60838815569877636 1.0013927817344668 -1.0000000180025095e-35 0.0020088646560907368 1.5436729788780215 0.010186667088419201 -1.0000000180025095e-35 0.22706275433301928 -5.8542554378509513 0.56486847996711742 0.4611982554197312 0.50342613458633434 -0.75894212722778309 0.11768683418631555 1.0013927817344668 -0.041137261316180222 -0.56174489110708226 0.90375259518623363 0.19972299039363864 15.122335433959963 0.074742067605257048 13.335581779479982 -1.3466006517410276 -1.0000000180025095e-35 0.81174489855766307 0.75411173701286327 0.021381950005888942 1.0000000180025095e-35 0.45201864838600164 -3.6118929386138912 0.14887536317110064 0.034616034477949149 0.87837970256805431 -0.0012757226941175757 -3.1089410781860347 15.122335433959963 0.90112781524658214 2.4196100234985356 -0.2693240344524383 0.046049930155277259 12.32140111923218 6.5750861167907724 6.3212172985076913 1.0000000180025095e-35 0.069737043231725707 20.383856773376468 0.85254156589508068 -0.22706275433301923 -0.86046862602233876 0.06625398620963098 0.041485238820314414 1.0000000180025095e-35 0.6078576147556306 0.91959547996521007 -0.2080484256148338 0.1781575679779053 -13.242526531219481 0.0012587118544615807 0.093212310224771514 0.77296444773674022 0.012706613168120386 11.119315624237062 0.08821552619338037
decision_type=2 2 2 2 2 2 2 2 2 2 2 2 2 2 2 2 8 2 2 2 2 2 2 2 2 2 2 2 2 8 2 2 2 2 2 2 2 2 2 2 2 2 2 2 2 2 2 2 2 2 2 10 2 2 2 2 2 2 2 2 2 2 2 2 2 2 2 2 2 2 2 2 2 2 2 2 2 2
left_child=-1 2 3 -2 19 32 16 43 9 10 11 20 24 14 15 -11 17 -3 21 71 -9 -10 23 -19 25 26 -5 -21 29 -29 67 -32 -6 34 73 40 37 -13 -15 -39 41 -16 -43 45 49 52 47 50 -49 -45 56 -47 54 63 55 62 57 -46 -56 60 65 -61 -8 64 -54 -48 -25 68 -14 -30 -71 -4 -64 74 75 -20 -59 -17
right_child=1 6 4 12 5 -7 7 8 18 13 -12 36 30 38 35 77 -18 22 33 27 -22 -23 -24 66 -26 -27 -28 28 69 -31 31 -33 -34 -35 -36 -37 -38 39 -40 -41 -42 42 -44 44 46 51 59 48 -50 -51 -52 -53 53 -55 58 -57 -58 76 -60 61 -62 -63 72 -65 -66 -67 -68 -69 -70 70 -72 -73 -74 -75 -76 -77 -78 -79
leaf_value=-0.025047218086348251 -0.016174481367624571 -0.026869889408410761 0.0090241320584448226 0.045274589291716308 0.023659822365773648 -0.023379711114417747 -0.0055238514994185358 0.047810524262035865 0.013785310667059654 0.0052065103811791942 0.044911702689601499 -0.012988706178639795 -0.0089378093582337184 0.001869762154847928 -0.0083672428645266989 -0.015602186609979913 0.0031208191219923454 0.0080899747881008066 0.02496414543572131 -0.001960928071744813 0.0059534345082868029 -0.017569290303831735 0.00025605768713863198 -0.034377648523029949 0.040750538637176502 -0.0060451746433149963 0.0017712261646652455 0.021466753274650655 0.019050348714862206 -0.0022183597162230098 0.040935644138143656 0.0037733435326776292 -0.0094718673898664483 -0.00051137736214136402 0.03459538934678999 -0.0117549164466468 -0.0077382848257798609 0.02602161691904049 -0.018147580883004909 -0.0015022862352772029 0.021344570693017241 0.03244403512722361 0 -0.00043187599811395127 -0.0086558375494083205 -0.0081624648667727208 -0.017642892728335302 0.016355683786797453 -0.021206114436910836 -0.02910693306050903 0.036824685890575116 0.02315173880992968 -0.018994019666660013 -0.018836235641845375 0.024237573198300961 -0.0180743626176573 -0.011863656092450178 0.026877316584962709 -0.0015025917558267939 -0.017239256870058683 -0.029812979299420461 0.017788731804889935 0.00036844401352700335 0 0.015135665868236562 0.0045696275858315644 -0.012610160398763663 -0.017282843161834524 0.028076243812067633 0.0049729612049502466 -0.012938427325053807 -0.012316763517571553 0.020246772120925911 0.02653406667499136 0.031043722386437149 -0.010205567117530678 0.0088369558495539503 -0.0033944944644911635
leaf_weight=149.00841389223933 61.97662215679884 166.92667751014233 69.089119827374816 63.997183986008167 67.317668946459889 190.71756292320788 681.34623274020851 53.737137759104371 81.798874944448471 318.19460445456207 73.519282672554255 64.181492941454053 57.698065079748631 79.322795826941729 99.850754279643297 387.72919655032456 280.32010453939438 97.501814357936382 45.625958632677794 299.53875458240509 40.732456121593714 62.378603702411056 265.29924857616425 124.57934778183699 130.84844918549061 51.433305228129029 44.98770959675312 448.347582064569 58.806771513074636 137.08704289980233 47.227081336081028 69.226322928443551 47.227820197120309 67.563071824610233 177.57562416046858 49.115070346742868 248.8015515524894 102.53942751325667 302.39387884549797 47.459570651873946 188.04418418370187 51.058370439335704 52.751426232978702 133.08207477256656 57.072607977315784 52.858427235856652 72.900153676047921 61.547694507986307 116.34678938798606 93.83134800195694 73.067734396085143 107.56053379178047 229.89022764377296 391.12150044180453 100.76978074386716 175.7756083086133 55.772959258407354 171.72480278275907 94.060247242450714 42.595545589923859 83.49203990213573 108.3545413967222 237.42060989886522 448.9480195902288 49.312795100733638 189.78690487332642 119.609629124403 59.852346526458859 45.424308910965919 179.12259707972407 129.71319339610636 176.94032908044755 80.277839938178658 102.10584664903581 46.055981695652008 114.57216955535114 147.44374814070761 275.61550815030932
leaf_count=1823 1153 1197 886 874 811 2114 8669 769 929 4571 798 821 896 795 1377 4295 7187 797 485 3785 532 684 2195 938 1382 612 478 3519 789 3499 699 837 564 822 2199 641 2918 1272 3291 597 2013 609 631 1592 838 1341 759 686 1179 1003 892 934 2716 4585 1049 2368 610 2177 1122 596 921 1283 2854 5058 368 2274 942 874 728 2167 1448 2451 981 1121 549 1400 1727 2953
internal_value=0 0.000474109 0.00558664 0.0147977 0.002303 -0.0108327 -0.00103317 2.5183e-05 0.00342377 0 0.0100309 0.00505054 0.0183372 -0.00351061 -0.000660275 -0.00546319 -0.00826865 -0.0124515 0.015272 0.00503329 0.0312528 0 -0.00825333 -0.0149263 0.0283767 0.0172258 0.0284611 0.00726743 0.0102147 0.0158609 0.00744214 0.0201256 0.00973246 0.0191918 0.0220123 0.00987632 -0.000418089 0.00784756 -0.0138857 0.0171876 0.0128052 0.00442112 0.017025 -0.00258834 0.00088022 -0.00444733 0.00358805 0.00900292 -0.00786705 -0.0128056 0.0150559 0.0125906 -0.00558388 -0.00985846 -0.00203627 -0.00440345 0.0109518 0.0145533 0.0117898 -0.00376654 -0.00880267 0.00739598 -0.0018857 -0.00489131 -0.0126625 -0.00158765 -0.0242948 -0.00159936 0.00736006 0.00101703 -0.00246476 -0.00607934 0.00573628 0.0142523 0.00754306 0 0.0189113 -0.0106549
internal_weight=0 10679.9 2436.58 632.671 1803.91 305.263 8243.32 7189.08 3132.72 2435.05 630.971 557.452 570.695 1804.08 1422.36 981.539 1054.24 773.917 697.676 1498.65 94.4696 144.177 606.99 341.691 291.267 160.418 108.985 1252.62 953.077 585.435 279.428 116.453 114.545 553.499 485.936 440.82 462.982 214.18 381.717 149.999 391.705 203.661 103.81 4056.36 1407.02 2649.34 1180.11 682.976 177.894 226.913 505.082 160.419 2488.92 1119.27 1369.65 1174.82 432.014 376.241 194.83 497.129 346.179 150.95 999.045 728.151 279.203 262.687 244.189 162.975 103.122 367.643 308.836 246.029 317.698 308.36 206.254 160.198 319.169 663.345
internal_count=131299 129476 30566 8533 22033 3489 98910 85654 37072 28883 7707 6909 7380 21176 17090 11819 13256 6069 8189 18544 1301 1613 4872 2677 3346 1964 1352 15207 11422 7018 4034 1536 1375 6576 5754 5271 5608 2690 4086 1869 4630 2617 1240 48582 16537 32045 13942 8109 1865 2595 6244 2275 29770 12727 17043 14872 5352 4742 2171 5833 3954 1879 12504 8142 3084 3033 1880 2498 1624 4404 3615 3337 3835 3555 2434 1885 3904 7248
is_linear=0
shrinkage=0.0454652


Tree=2
num_leaves=79
num_cat=0
split_feature=22 27 16 6 28 23 23 15 27 15 17 16 2 28 16 28 0 28 3 16 27 15 16 0 16 6 16 3 23 2 27 17 6 6 27 16 16 2 15 2 15 28 16 27 23 2 3 27 3 0 0 3 27 15 2 27 15 16 23 16 17 2 17 4 16 17 6 2 31 28 16 15 27 15 17 0 15 3
split_gain=33.2741 32.2586 34.918 24.2599 23.8166 21.5126 21.1366 27.9277 49.6386 38.2529 26.0546 27.3827 43.1715 31.935 24.0156 19.4926 17.8827 17.6108 21.2528 17.5421 15.7908 18.8515 43.486 21.0297 18.2512 17.7788 17.6132 27.4334 20.8177 16.3125 15.0654 15.356 14.8146 18.1417 14.5718 14.473 26.3141 25.6952 14.2755 14.0335 21.1627 15.658 20.7525 14.5071 13.9508 13.3966 14.5155 27.1001 13.1401 21.2208 12.1416 15.38 11.9292 11.8506 11.4287 10.9247 11.7699 15.1668 11.0558 12.7266 10.6681 10.0141 9.98464 10.7725 10.13 9.95961 9.76655 9.63552 16.1462 12.9469 12.5195 18.3294 15.1792 13.8166 12.996 12.1789 11.2412 9.47291
threshold=-0.94049105048179615 -0.72982063889503468 0.44934995472431188 4.2156524658203134 -0.91959547996520985 0.70413923263549816 1.1106512546539309 24.69736480712891 -0.8253108263015746 20.209869384765629 58.500000000000007 0.89729502797126781 1.0338127613067629 0.83743050694465648 0.87998902797698986 0.37256073951721197 0.84356030821800243 0.69930991530418407 0.63920894265174877 0.95252919197082531 -0.54643493890762318 5.4030425548553476 0.45367382466793066 0.67926847934722911 0.80159220099449169 -13.242526531219481 0.25460097193717962 0.48477810621261602 0.76545041799545299 0.92991715669631969 -0.97854062914848317 73.500000000000014 10.23097610473633 2.2976247072219853 -0.52803644537925709 0.43239578604698187 0.21800736337900165 0.83601969480514537 29.843901634216312 1.4147364497184756 17.957341194152836 0.33172981441020971 0.4282705038785935 0.5464349389076234 0.85272282361984264 0.616428703069687 0.51501676440238964 0.7298206388950349 0.57371783256530773 0.85254156589508068 0.69908711314201366 0.35276943445205694 0.41268247365951544 21.788175582885746 0.91014686226844799 -0.24825246632099149 3.2021093368530278 0.34667834639549261 0.75326865911483776 0.58354178071022045 14.500000000000002 2.0160274505615239 71.500000000000014 0.63862475752830516 0.69332757592201244 76.500000000000014 15.445674419403078 0.41286885738372808 1.0000000180025095e-35 0.35222910344600683 0.35131700336933142 8.7164659500122088 -0.54643493890762318 10.605759620666506 39.500000000000007 0.78301042318344127 4.8206398487091073 0.36788852512836462
decision_type=2 2 2 2 2 2 2 2 2 2 2 2 2 2 2 2 2 2 2 2 2 2 2 2 2 2 2 2 2 2 2 2 2 2 2 2 2 2 2 2 2 2 2 2 2 2 2 2 2 2 2 2 2 2 2 2 2 2 2 2 2 2 2 2 2 2 2 2 2 2 2 2 2 2 2 2 2 2
left_child=1 2 -1 -4 5 60 7 9 -9 10 11 13 44 67 -10 -11 -14 18 -3 32 26 25 23 -23 45 -22 28 -28 -12 -29 -31 -32 33 55 -19 36 -36 -38 -16 40 41 -8 -43 66 -13 52 -47 -48 49 -25 51 -27 -24 -42 -17 -7 -57 -58 -59 -60 -2 -45 63 -37 -64 -30 -41 75 69 70 72 -72 -69 -73 -74 -6 -71 -52
right_child=4 17 3 -5 6 19 39 8 14 15 20 12 16 -15 38 54 -18 34 -20 -21 21 22 24 48 -26 50 27 29 65 30 31 -33 -34 -35 35 62 37 -39 -40 43 53 42 -44 61 -46 46 47 -49 -50 -51 77 -53 -54 -55 -56 56 57 58 59 -61 -62 -63 64 -65 -66 -67 -68 68 -70 76 71 73 74 -75 -76 -77 -78 -79
leaf_value=0.043797636957495188 -0.0021026490472070367 0 -0.0074039912259200704 0.029457222287687521 0.024196331067442688 -0.010056215437290933 -0.0046445035035710125 0.046133807501107807 0.031549263586726314 -0.021853682494145946 0.037056138124912756 0.035734957210118691 -0.022906259152614978 -0.013513800231380348 0.0054160147041427565 -0.012961767487331211 0.006225234253235434 0.024314232292970289 -0.034922592063168945 -0.024343436160773179 0.025847158551783447 0.040289592133034589 -0.0079910523764727195 0.00018730763979541099 0.017707676913784672 -0.010695460553671196 -0.023394972032314363 0.026768455173514699 -0.0057249296041239212 -0.012229447220090884 0.026959753096129829 0.00060661487022323072 0.02006836527299807 -0.011768843948044958 -0.011222290150928186 -0.016730369879833888 0.0026572008112886137 0.047474333330624903 -0.020578478899005891 -0.0057379793603700201 0.022697856888302805 0.026125587652320207 -0.004001610211774584 -0.0064681206350463384 0.0086667593042082137 -0.014798198889451358 -0.012871433861800818 0.023634497415647406 -0.00089791979625010671 0.03976826234677476 0.0066599453181597976 0.015655759245053576 0.015590249659645479 0.0014181511765713581 0.0098292016139702228 -0.0089325008742909291 0.020573838443319014 -0.016291078090094169 -0.0043389868132315016 0.014016849845990482 -0.028056147045992047 -0.026103497790365315 -0.00475420349997379 0.0075510830916548487 0.022598233909873745 0.017645698527060067 0.0093565020184664897 0.024301822334272079 0.0053110695383919463 -0.015002752157472026 -0.023661177917303707 0.0077531853631771742 0.013248990053421054 -0.010317661553719255 -0.016907201992061568 -0.0032719130691679977 0.0042627599351888297 -0.010634051324889043
leaf_weight=92.98587703704834 50.625796992331743 153.69652557186782 84.738622918725014 57.969278091564775 68.62747017480433 158.09799989871681 1059.8010694067925 75.067767776548862 47.444816065952182 212.96052027866244 98.150373032316566 112.10006671585143 68.734600786119699 454.32918606139719 121.01111885905266 84.406795589253306 101.30660214833915 86.735670026391745 42.880949320271611 78.513756098225713 38.771248320117593 89.001159992069006 61.760122012346983 53.308528618887067 108.18080963566899 68.895027713850141 54.109650420024991 87.957546770572662 51.437686940655112 76.079323913902044 72.638496126979589 123.36129707843065 52.412308059632778 378.03845105692744 50.314896261319518 117.15106940455735 52.538014844059944 55.967414069920778 61.998882034793496 892.11997447535396 112.84859495423734 81.573580510914326 98.317842515185475 116.12982609495521 72.926492722705007 219.19367471896112 92.032410079613328 70.028412465006113 78.747235091403127 61.492913100868464 70.900092108175159 114.55517552047968 123.5766521692276 111.49381417781115 88.600423563271761 122.79336463473737 115.99422052316368 54.224794287234545 141.81058424524963 158.45376438647509 123.74219377152622 119.08611452020705 51.89414113201201 48.810301003977656 49.102258032187819 103.86337798088789 92.401366148144007 46.49743870832026 566.93762549199164 67.866480303928256 161.36730483919382 112.03954760730267 42.72624796256423 330.01819842122495 72.776808507740498 54.988830806687474 455.35706746019423 420.64133834466338
leaf_count=1044 511 2109 913 601 1082 1982 12784 690 725 2585 1194 1068 716 5287 1228 1009 1026 995 439 887 481 1353 842 701 1270 1236 536 966 713 1021 906 1598 575 4690 693 1348 619 607 925 11602 1176 709 817 1145 767 2638 1232 700 686 770 1165 1912 1779 1003 1085 1667 1520 621 1718 1992 1405 1005 650 539 509 1292 1582 563 6971 874 1928 1299 682 3790 934 749 5458 4835
internal_value=0 0.0081571 0.0226116 0.00764016 -0.000753719 -0.00616425 0.000156034 0.00170081 0.0149988 0.000944481 0.00199538 -0.000957874 0.0107368 -0.00269935 0.00402212 -0.0127655 -0.00553139 0.00318218 -0.00815602 -0.00400983 0.00553314 0.00311736 0.00728715 0.0221309 0.00090393 -0.002417 0.0114518 0.00542229 0.0208725 0.0101011 0.00421994 0.0109681 -0.00253865 -0.00369935 0.00765554 0.00394968 0.0146768 0.0270911 -0.00338655 -0.00317258 -0.000134522 -0.00250295 0.0096715 -0.00676665 0.0257419 -0.00232277 -0.00723948 0.00280288 0.0128738 0.022437 -0.00425804 0.00548199 0.00747182 0.0125503 -0.00105711 0.00033777 0.00323908 0.00656813 0.00166702 0.0052455 -0.0210148 -0.016889 -0.0023772 -0.00929233 0.0084413 0.00965066 -0.00423915 -0.000169556 -0.00102296 -0.00385532 -0.00761902 -0.0106363 0.00331115 -0.00559921 -0.00527256 0.0118817 0.00157448 -0.0080068
internal_weight=0 944.785 235.694 142.708 9937.25 1434.71 8502.55 5818.77 305.523 5513.25 5127.28 2788.6 355.068 2433.53 230.455 385.968 170.041 709.091 196.577 1260.34 2338.68 1671.08 957.322 282.55 674.772 713.763 667.598 414.146 253.451 360.037 272.079 196 1181.83 1129.41 512.514 425.778 158.82 108.505 183.01 2683.77 1464.03 1239.69 179.891 1219.74 185.027 566.591 381.254 162.061 193.549 114.801 674.992 183.45 185.337 224.342 173.007 751.375 593.277 470.483 354.489 300.264 174.368 235.216 266.958 165.961 100.996 155.301 984.521 1979.2 1855.59 1288.65 765.426 603.425 162 442.058 115.503 123.616 523.224 491.541
internal_count=131724 11066 2558 1514 120658 17568 103090 71267 3568 67699 63020 33194 3577 29617 2878 4679 1742 8508 2548 15652 29826 21600 11971 3510 8461 9629 8226 5027 3199 4491 3525 2504 14765 14190 5960 4965 1919 1226 2153 31823 16489 14310 1526 15334 1835 7191 4570 1932 2157 1471 9148 3148 2621 2179 2094 9500 7518 5851 4331 3710 1916 2150 3046 1887 1159 2005 13184 24330 22499 15528 9196 7017 2179 5089 1616 1831 6332 6000
is_linear=0
shrinkage=0.0454652


Tree=3
num_leaves=79
num_cat=0
split_feature=11 29 22 21 14 13 11 18 14 21 13 13 2 5 0 29 13 31 11 14 13 28 5 14 5 13 28 2 14 2 2 2 28 0 28 14 0 29 14 21 28 6 21 13 13 2 33 0 13 33 4 6 21 18 21 29 18 6 8 28 14 13 18 2 2 21 21 13 2 21 6 6 8 14 21 21 22 21
split_gain=46.267 40.7871 38.6172 40.0179 33.8735 23.4273 38.4921 60.8973 22.1889 20.6289 29.5184 54.1893 25.8575 20.4176 19.6097 20.3956 15.2866 14.9353 16.3915 14.5593 30.7804 19.6694 24.9077 17.8073 25.1479 16.6419 15.3082 14.3017 12.5292 22.6497 19.761 16.354 24.7177 12.3947 12.0236 24.8455 13.1818 13.1193 12.0416 36.9792 16.0885 16.805 16.7907 16.3969 21.2797 16.1003 30.3968 13.5377 15.1079 12.7428 12.5656 11.8718 11.2228 12.1706 12.1187 12.0014 15.0064 11.8751 11.1081 11.1071 13.6382 11.7309 11.0885 11.0612 10.7376 22.3449 18.099 12.6892 17.1664 11.3355 10.7977 9.98679 9.96323 12.891 9.71013 18.7932 9.69076 9.64325
threshold=0.021590151824057106 -0.60785761475563038 -0.59438315033912648 -0.76534897089004505 -2.6449725627899165 -0.094969809055328355 0.10309916362166406 59.500000000000007 -10.362123489379881 5.6709680557250985 0.063867025077343001 0.079423341900110259 1.7386971712112429 1.507027328014374 0.74829024076461803 0.87837970256805431 -0.0038133296184241767 1.0000000180025095e-35 0.083301629871130004 -7.1971809864044181 -0.0104622864164412 0.95032352209091198 -1.0505373477935789 -3.7439858913421626 -0.37778805196285242 -0.0033961714943870898 -0.31107263267040247 1.1280646920204165 -13.155226230621336 0.67858165502548229 0.53890588879585277 0.76186558604240429 0.63435554504394542 0.69577655196189891 -0.88186877965927113 -1.1917461752891538 1.2069262862205508 0.87837970256805431 -1.8547292947769163 7.2655560970306405 0.74455857276916515 -4.4279024600982657 -5.225599765777587 -0.026011448353528973 -0.086394328624010072 1.0572553873062136 0.99736112356185924 0.75119125843048107 0.086144722998142256 0.9590476155281068 1.9373442530632021 -2.6242635250091548 4.9282014369964608 33.500000000000007 11.60664749145508 0.6078576147556306 63.500000000000007 14.104647636413576 2.9293572902679448 -0.95688340067863453 -9.5198860168457013 -0.019520037807524201 21.500000000000004 0.91014686226844799 0.92991715669631969 -2.6239225864410396 -1.1571283340454099 0.034616034477949149 0.84625676274299633 -0.69607400894165028 -2.2712099552154537 -0.91331797838211048 -2.097676038742065 -6.16444969177246 14.726908206939699 11.177062988281252 -0.78296843171119679 1.5738733410835268
decision_type=2 2 2 2 2 2 2 2 2 2 2 2 2 2 2 2 2 2 2 2 2 2 2 2 2 2 2 2 2 2 2 2 2 2 2 2 2 2 2 2 2 2 2 2 2 2 10 2 2 10 2 2 2 2 2 2 2 2 2 2 2 2 2 2 2 2 2 2 2 2 2 2 2 2 2 2 2 2
left_child=19 -2 3 5 8 -3 17 -8 -5 -6 12 -12 76 14 15 -10 -15 18 27 21 26 59 -23 25 -25 77 -21 28 29 -7 -30 -32 -33 -29 35 37 38 -4 40 -40 43 42 -42 44 -36 46 -46 49 64 -45 -47 -48 53 58 55 56 -54 -56 -38 62 -61 -62 -1 -16 65 -49 -66 68 69 -67 -68 -20 -72 -74 75 -41 -11 -22
right_child=1 2 34 4 9 6 7 -9 13 10 11 -13 -14 16 63 -17 -18 -19 71 20 23 22 -24 24 -26 -27 -28 33 30 -31 31 32 -34 -35 36 -37 52 -39 39 74 41 -43 -44 47 45 50 51 48 -50 -51 -52 -53 54 -55 57 -57 -58 -59 -60 60 61 -63 -64 -65 66 67 70 -69 -70 -71 72 -73 73 -75 -76 -77 -78 -79
leaf_value=0 -0.025035393604487782 -0.013811191640499628 0.00089497199708175293 0.021536214707051062 0.029606899509546314 0.0088240750255914758 0.014724855785654278 0.074787387038073458 -0.021569318864094508 -0.025371187572123699 0.046152707794498031 -0.0037405062233147276 0.018864198846161927 -0.013655907978651847 0.011266356583531423 0.0047981686565398418 0.012007003968827226 -0.0068424722669172319 0.010639993337188944 -0.0077056718005606246 0.013940964257751867 -0.0092034233898625577 0.033421529030290088 0.03423995443089612 -0.0018885233487082173 -0.013743677885773468 -0.03204774408881722 0.02028109804469817 0.042376508436483745 0.054306358943268372 -0.009410780269703602 -0.0033965826869739348 0.041659823313162932 -0.0032249618543517128 -0.013075127116893721 -0.022094477159431337 0.00053587307221879591 -0.011333790211645609 0.026438240522222059 0.0061266322504188913 -0.0024869379235191512 -0.0078548708557630229 0.032028577267929473 0.0036673987440023195 -0.0016773429536053263 0.0079974553650451093 0.045051763229302363 -0.019042847702606634 0.02234319726129827 -0.015927240333399297 -0.016712527953152957 0.019963670200018876 -0.014764169754272822 -0.013896657191887547 -0.0146391622632129 0.015929347818305708 0.0097990389025636917 0.0054002945805777559 -0.012567151565009239 -0.0070131434626932087 0.022873889375280752 0.00060418166190068169 -0.029492605480164601 -0.0098223374446158532 0.0095697015799417074 -0.0075372293679570965 -0.023445169738406827 -0.00028650319625963665 0.03946546113649909 0.01478015776687705 0.0081439287368801506 -0.017454670665619232 0.0071504067237158327 -0.013635736988797175 0.018532080554700958 -0.015688839115986321 -0.0011405538975553433 -0.011442544694578389
leaf_weight=48.297309000045061 112.89870856143534 50.555288035422564 896.29096472263336 64.985708743333817 103.45337459258735 42.491071609780192 102.83698294311762 53.363180438056588 291.27280366234481 80.928842207416892 82.224064061418176 89.405315812677145 61.575440524145961 58.944249371066689 106.06128547526896 71.069800965487957 186.20631869137287 74.084247631952167 49.520204313099384 93.667496768757701 80.855848912149668 43.606703659519553 64.03941529802978 43.96016844548285 219.75699521414936 453.71282735280693 157.5243203099817 75.610319290310144 42.106945043429732 59.506764562800527 63.043107347562909 45.503697086125612 46.313676362857223 102.01504556275904 75.311651090160012 133.18420862779021 612.93472231924534 221.52664195559919 167.78704752400517 218.84019921720028 68.815682267770171 560.01932138577104 43.107524720951915 105.25553621537983 99.441616661846638 279.81480789370835 63.566820092499256 59.037716971710324 72.417653100565076 170.43573588877916 45.174962813034654 163.25347117334604 81.540722271427512 245.56403911858797 128.05652266182005 181.16756057180464 124.57922185957432 106.15635197795928 164.77504513971508 488.94985354319215 57.112104788422585 269.81636154465377 62.41646926663816 91.333665413782001 179.66015524417162 54.825476631522179 68.885033953934908 164.9730257615447 47.408482067286968 203.98258169367909 96.97351348400116 45.859602347016335 77.707194598391652 227.7023851275444 52.630257327109575 123.86087442003191 65.038135880604386 43.162509409710765
leaf_count=531 1392 852 11174 897 959 620 1190 540 3831 821 754 827 606 687 1174 936 2301 714 663 1139 1030 590 873 493 2732 5368 1881 1005 525 643 831 534 568 1081 1165 1487 7366 2889 1711 2257 1061 7176 566 2381 2580 3303 503 715 948 1502 550 1402 979 3082 1369 2067 1292 1647 1992 6340 747 3540 695 986 2094 669 797 2081 499 2216 1076 585 1047 2469 535 1201 667 526
internal_value=0 0.00160167 0.00196908 0.00715071 0.00223043 0.0148492 0.0167766 0.0369317 -0.00308614 0.0118586 0.00662489 0.020402 -0.00471163 -0.00523313 -0.0100343 -0.0162686 0.00551817 0.0116271 0.0141356 -0.0058719 -0.00953383 -0.00193391 0.0160127 -0.00523452 0.00438219 -0.00970805 -0.0234304 0.0175675 0.0236599 0.0368883 0.0159567 0.00756162 0.0196282 0.00674349 0.000168816 -0.00381179 0.0011502 -0.00151746 0.00273652 0.00881922 0.00153929 -0.00458672 0.0110461 0.00339062 0.00899913 0.0116919 0.0188132 0.000677298 0.00271709 -0.00832758 0.00424959 0.0278786 -0.00218546 -0.00512064 0.0025711 0.00753131 0 -0.00541476 -0.00222906 -0.00413239 -0.00218895 0.0048762 -0.0174417 0.0012653 0.00139978 0.00620505 -0.00245427 0.00960762 0.0150288 0.00982327 -0.00718361 -0.00253987 -0.00407207 -0.00816481 0.00102528 -0.0017093 -0.0152249 0.00464269
internal_weight=0 8704.87 8591.97 2205.31 1352.5 852.81 802.255 156.2 869.874 482.625 379.172 171.629 207.542 804.888 559.738 362.343 245.151 646.055 571.97 2126.88 1092.64 1034.24 107.646 841.448 263.717 577.731 251.192 476.591 298.965 101.998 196.967 154.86 91.8174 177.625 6386.66 1251 5135.66 1117.82 3490.89 563.118 2927.77 671.943 111.923 2255.83 726.563 651.252 326.262 1529.26 1253.57 275.691 324.99 226.82 1644.77 1023.27 621.5 387.288 206.12 234.213 777.71 926.592 815.878 326.928 110.714 197.395 1181.16 530.227 650.928 471.19 306.217 258.808 471.268 95.3798 402.383 305.41 395.331 342.701 145.967 124.018
internal_count=131522 105037 103645 25797 15446 10351 9499 1730 10812 4634 3675 1581 2094 9915 6927 4767 2988 7769 7055 26485 13169 13316 1463 10149 3225 6924 3020 5807 3721 1263 2458 1933 1102 2086 77848 15550 62298 14063 42504 5704 36800 8803 1627 27997 9503 8338 4485 18494 14611 3883 3853 1905 19794 12440 7354 4338 2271 3016 9358 11853 10627 4287 1226 2160 13663 6180 7483 5465 3384 2885 5389 1248 4592 3516 3993 3458 1488 1556
is_linear=0
shrinkage=0.0454652


end of trees

feature_importances:
Column_13=25
Column_28=23
Column_3=20
Column_14=20
Column_27=20
Column_15=19
Column_21=19
Column_2=17
Column_0=16
Column_6=16
Column_12=15
Column_16=14
Column_29=11
Column_33=10
Column_17=8
Column_18=8
Column_30=8
Column_5=6
Column_11=6
Column_10=5
Column_23=5
Column_4=4
Column_8=4
Column_7=3
Column_9=3
Column_22=3
Column_31=2
Column_32=2

parameters:
[boosting: gbdt]
[objective: binary]
[metric: auc]
[tree_learner: serial]
[device_type: cpu]
[data_sample_strategy: bagging]
[data: ]
[valid: ]
[num_iterations: 600]
[learning_rate: 0.0454652]
[num_leaves: 79]
[num_threads: 2]
[seed: 2024]
[deterministic: 0]
[force_col_wise: 0]
[force_row_wise: 0]
[histogram_pool_size: -1]
[max_depth: -1]
[min_data_in_leaf: 525]
[min_sum_hessian_in_leaf: 0.001]
[bagging_fraction: 0.774687]
[pos_bagging_fraction: 1]
[neg_bagging_fraction: 1]
[bagging_freq: 1]
[bagging_seed: 2024]
[feature_fraction: 0.515409]
[feature_fraction_bynode: 1]
[feature_fraction_seed: 2024]
[extra_trees: 0]
[extra_seed: 29642]
[early_stopping_round: 0]
[early_stopping_min_delta: 0]
[first_metric_only: 0]
[max_delta_step: 0]
[lambda_l1: 1.07292]
[lambda_l2: 4.08529]
[linear_lambda: 0]
[min_gain_to_split: 0]
[drop_rate: 0.1]
[max_drop: 50]
[skip_drop: 0.5]
[xgboost_dart_mode: 0]
[uniform_drop: 0]
[drop_seed: 2449]
[top_rate: 0.2]
[other_rate: 0.1]
[min_data_per_group: 100]
[max_cat_threshold: 32]
[cat_l2: 10]
[cat_smooth: 10]
[max_cat_to_onehot: 4]
[top_k: 20]
[monotone_constraints: ]
[monotone_constraints_method: basic]
[monotone_penalty: 0]
[feature_contri: ]
[forcedsplits_filename: ]
[refit_decay_rate: 0.9]
[cegb_tradeoff: 1]
[cegb_penalty_split: 0]
[cegb_penalty_feature_lazy: ]
[cegb_penalty_feature_coupled: ]
[path_smooth: 0]
[interaction_constraints: ]
[verbosity: -1]
[saved_feature_importance_type: 0]
[use_quantized_grad: 0]
[num_grad_quant_bins: 4]
[quant_train_renew_leaf: 0]
[stochastic_rounding: 1]
[linear_tree: 0]
[max_bin: 255]
[max_bin_by_feature: ]
[min_data_in_bin: 3]
[bin_construct_sample_cnt: 200000]
[data_random_seed: 6648]
[is_enable_sparse: 1]
[enable_bundle: 1]
[use_missing: 1]
[zero_as_missing: 0]
[feature_pre_filter: 1]
[pre_partition: 0]
[two_round: 0]
[header: 0]
[label_column: ]
[weight_column: ]
[group_column: ]
[ignore_column: ]
[categorical_feature: ]
[forcedbins_filename: ]
[precise_float_parser: 0]
[parser_config_file: ]
[objective_seed: 12337]
[num_class: 1]
[is_unbalance: 0]
[scale_pos_weight: 1]
[sigmoid: 1]
[boost_from_average: 1]
[reg_sqrt: 0]
[alpha: 0.9]
[fair_c: 1]
[poisson_max_delta_step: 0.7]
[tweedie_variance_power: 1.5]
[lambdarank_truncation_level: 30]
[lambdarank_norm: 1]
[label_gain: ]
[lambdarank_position_bias_regularization: 0]
[eval_at: ]
[multi_error_top_k: 1]
[auc_mu_weights: ]
[num_machines: 1]
[local_listen_port: 12400]
[time_out: 120]
[machine_list_filename: ]
[machines: ]
[gpu_platform_id: -1]
[gpu_device_id: -1]
[gpu_use_dp: 0]
[num_gpu: 1]

end of parameters

pandas_categorical:null
