tree
version=v4
num_class=1
num_tree_per_iteration=1
label_index=0
max_feature_idx=33
objective=binary sigmoid:1
feature_names=Column_0 Column_1 Column_2 Column_3 Column_4 Column_5 Column_6 Column_7 Column_8 Column_9 Column_10 Column_11 Column_12 Column_13 Column_14 Column_15 Column_16 Column_17 Column_18 Column_19 Column_20 Column_21 Column_22 Column_23 Column_24 Column_25 Column_26 Column_27 Column_28 Column_29 Column_30 Column_31 Column_32 Column_33
feature_infos=[0.22403052449226379:4.806818962097168] [0.027025075629353523:26.170040130615234] [0.17134076356887817:8.6935958862304688] [0.087584272027015686:1] [-28.67047119140625:41.262332916259766] [-36.190670013427734:42.326030731201172] [-36.841156005859375:62.500308990478516] [-45.158794403076172:63.120437622070312] [-22.455821990966797:30.680826187133789] [0:0.95389312505722046] [0:0.64536702632904053] [0:0.40022626519203186] [-0.51016271114349365:0.51874518394470215] [-0.15599349141120911:0.22172828018665314] [-46.22015380859375:17.161741256713867] [-8.3726015090942383:64.2962646484375] [0:1] [0:95] [0:95] [-1:1] [-29.775985717773438:44.984848022460938] [-30.525325775146484:55.0223388671875] [-2.8409864902496338:15.253066062927246] [0.049656935036182404:5.4310722351074219] [-1:1] [0:1] [0:1] [-1:1] [-1:1] [-0.78183150291442871:0.97492790222167969] [-0.90096884965896606:1] [0:1] [0:1] [0.8888888955116272:4.5999999046325684]
tree_sizes=1735 1819 1740 1815

Tree=0
num_leaves=15
num_cat=0
split_feature=11 32 28 29 21 21 0 13 15 15 29 21 14 15
split_gain=53.2222 52.0235 85.9459 61.952 36.3333 36.1609 35.1897 34.262 31.8453 34.0067 29.0318 27.5249 26.914 26.7744
threshold=0.015632106922566894 1.0000000180025095e-35 -0.22706275433301923 -1.0000000180025095e-35 -0.18520344793796537 -8.1696734428405744 0.73066371679306041 -0.022675332613289353 2.7797880172729497 9.4485020637512225 0.87837970256805431 -0.50201132893562306 -13.279981613159178 12.232788085937502
decision_type=2 2 2 2 2 2 2 2 2 2 2 2 2 2
left_child=6 5 -3 4 -4 -2 -1 8 -7 -10 -5 -11 -9 -8
right_child=1 2 3 10 -6 7 13 12 9 11 -12 -13 -14 -15
leaf_value=-1.070266227750696 -1.0667444905962211 -1.0693427231751278 -1.0718556378292885 -1.0745482808948845 -1.0650654378943689 -1.0666822073661435 -1.0676307230218995 -1.0648954943500455 -1.0725073626248371 -1.0647786615370891 -1.0706952882641574 -1.0713660489683055 -1.0692829207586882 -1.0630610705577033
leaf_weight=410.23065870255232 503.50362609513104 1661.5411658883095 154.69255488552153 923.96878548525274 146.12202329002321 139.92835199274123 940.43614176101983 142.58896736986935 891.65011259540915 112.75274029560387 298.3222266882658 123.07378204539418 4041.3490015808493 162.07561135664582
leaf_count=6282 7156 22051 1905 12018 1989 2381 12089 2196 12192 1308 3990 1480 51732 2070
internal_value=-1.06958 -1.06987 -1.07091 -1.07264 -1.06866 -1.06932 -1.06783 -1.06956 -1.07101 -1.0716 -1.07365 -1.06833 -1.06912 -1.06688
internal_weight=0 9139.49 3184.65 1523.11 300.815 5954.85 1512.74 5451.34 1267.4 1127.48 1222.29 235.827 4183.94 1102.51
internal_count=140839 120398 41953 19902 3894 78445 20441 71289 17361 14980 16008 2788 53928 14159
is_linear=0
shrinkage=1


Tree=1
num_leaves=15
num_cat=0
split_feature=27 28 11 16 29 13 10 29 0 0 30 29 16 12
split_gain=118.731 66.0979 38.6168 38.2287 41.4904 47.3849 39.8085 32.1468 36.5963 31.8587 31.5034 29.0319 23.4745 26.7854
threshold=-0.49049438536167139 0.41268247365951544 0.017341428436338905 0.15332072973251346 -0.60785761475563038 -0.021621138788759705 0.21389354765415194 1.0000000180025095e-35 1.3631203174591067 0.68601343035697948 1.0000000180025095e-35 0.87837970256805431 0.83905592560768139 0.064055200666189208
decision_type=2 2 2 2 2 2 2 2 2 2 2 2 2 2
left_child=1 2 -1 6 -5 9 -2 -4 10 -6 -9 -11 -7 -14
right_child=3 -3 7 4 5 12 -8 8 -10 11 -12 -13 13 -15
leaf_value=0.002089430405553564 0.004531270579008654 -0.0041827504291108196 0.00012679058993989617 0.0060463155982998116 -0.0036749339407341429 0.0012713526230737412 -0.00056475552104785808 -0.0021115848421599122 -0.00040441117231282544 -0.0010532758831052135 -0.0067907811305534501 0.0037227768806144847 -0.0014089861075862304 0.0011926878581347982
leaf_weight=389.36898638494313 490.28667634353042 763.62488472834229 898.98303418047726 127.05402754247189 403.39311547204852 3471.0641598440707 206.88081875443459 463.92468293756247 610.38941282220185 796.67282987385988 248.90335190482438 146.16735804826021 864.76921328529716 737.84188954904675
leaf_count=5335 7903 10142 11652 1681 5890 46543 2733 5720 8843 10160 2984 1846 10982 8199
internal_value=0 -0.00156962 -0.000780119 0.000723534 0.000474757 0.000351143 0.00297185 -0.00130651 -0.00230585 -0.00131851 -0.0038563 -0.000246293 0.000803448 -0.00018605
internal_weight=0 3375.19 2611.57 7244.13 6546.96 6419.91 697.167 2222.2 1323.22 1346.23 712.828 942.84 5073.68 1602.61
internal_count=140613 44676 34534 95937 85301 83620 10636 29199 17547 17896 8704 12006 65724 19181
is_linear=0
shrinkage=0.0101079


Tree=2
num_leaves=15
num_cat=0
split_feature=27 28 23 11 23 16 3 13 17 2 16 16 22 3
split_gain=125.664 70.8038 44.9085 31.8282 29.9529 27.5742 36.2001 30.1599 21.3644 31.259 17.8785 22.7426 25.5301 21.2018
threshold=-0.47136868536472315 0.45201864838600164 0.4436547607183457 0.017341428436338905 1.6009995937347414 0.15791156142950061 0.58259007334709179 -0.022675332613289353 39.500000000000007 1.6717881560325625 0.84226214885711681 0.74596858024597179 0.063256159424781813 0.30766312777996069
decision_type=2 2 2 2 2 2 2 2 2 2 2 2 2 2
left_child=1 3 -2 -1 8 6 -4 -7 9 -5 11 -9 13 -13
right_child=2 -3 5 4 -6 7 -8 10 -10 -11 -12 12 -14 -15
leaf_value=0.0016583865031786732 -0.0021027027823108603 -0.004439626326896302 0.0047845716708212064 0.0010375914811778658 0.00017090542592538581 -0.00071929204140787947 0 0.0010077000648680504 -0.0031967399711554743 -0.0035742021234818786 0.00011995829312117842 0 0 0.0053165711879864996
leaf_weight=414.11704337224364 519.78890196233988 721.44055551663041 403.84884772263467 385.52237585559487 825.60090941935778 1171.2948814146221 283.00223400257528 2601.7931211162359 880.85699382051826 229.14234061725438 1499.0030766688287 107.13743498548865 218.61227725818753 408.89032013341784
leaf_count=5665 7075 9536 6743 4418 11421 15557 3599 34827 11567 3094 17834 1807 2870 4991
internal_value=0 -0.00162604 0.000715457 -0.000858878 -0.00132934 0.00094249 0.00287019 0.000711967 -0.00218116 -0.000639322 0.00106761 0.00148002 0.00307066 0.00428326
internal_weight=0 3456.68 7213.37 2735.24 2321.12 6693.58 686.851 6006.73 1495.52 614.665 4835.44 3336.43 734.64 516.028
internal_count=141004 45701 95303 36165 30500 88228 10342 77886 19079 7512 62329 44495 9668 6798
is_linear=0
shrinkage=0.0101079


Tree=3
num_leaves=15
num_cat=0
split_feature=11 32 22 29 16 13 30 15 21 15 13 14 0 13
split_gain=51.6655 47.7024 77.0693 72.305 44.5303 31.9213 37.5113 45.7586 36.2008 31.6241 47.7007 27.0448 25.0367 24.193
threshold=0.016941752284765247 1.0000000180025095e-35 -0.096754964441061006 -1.0000000180025095e-35 0.15332072973251346 -0.022675332613289353 -0.56174489110708226 9.3765816688537615 -4.6072773933410636 12.138812541961672 -0.0051052456256002179 -8.9086375236511213 0.69264188408851635 0.017607472836971286
decision_type=2 2 2 2 2 2 2 2 2 2 2 2 2 2
left_child=9 4 3 11 -2 6 -6 12 -7 13 -11 -3 -8 -1
right_child=1 2 -4 -5 5 8 7 -9 -10 10 -12 -13 -14 -15
leaf_value=0.00041437224371337753 0.0027614913529873672 -0.0014019373295498969 0.00013005499440771765 -0.004128667099060828 -0.0038929771489499498 0.006027243834479736 -0.0040110733845377718 0.0049376756187732773 0.00018188526970163099 0.010051384875531054 0.0010173566884044828 0.0047225625136033391 6.5603516576220075e-05 0.0043711849820316003
leaf_weight=1204.3488315679133 626.97169092856348 133.71905634738505 1688.3864481821656 1161.6614487729967 427.75087301805615 104.56886978074908 221.99268651381135 137.9039916601032 3939.8258228842169 101.79556213133037 161.56653449684381 133.86831122450531 409.87050634995103 181.12388049066067
leaf_count=16608 9644 1753 23184 14701 5918 1173 3094 1725 50626 1262 2238 1608 5138 2154
internal_value=0 -0.000300001 -0.00131076 -0.00303264 0.000231042 -6.7479e-05 -0.00151805 -0.000120974 0.000354082 0.00164255 0.00484341 0.00156087 -0.00133411 0.000981835
internal_weight=0 8986.52 3117.64 1429.25 5868.88 5241.91 1197.52 769.767 4044.39 1648.83 263.362 267.587 631.863 1385.47
internal_count=140826 118564 41246 18062 77318 67674 15875 9957 51799 22262 3500 3361 8232 18762
is_linear=0
shrinkage=0.0101079


end of trees

feature_importances:
Column_13=6
Column_16=6
Column_29=6
Column_15=5
Column_0=4
Column_11=4
Column_21=4
Column_28=3
Column_3=2
Column_14=2
Column_22=2
Column_23=2
Column_27=2
Column_30=2
Column_32=2
Column_2=1
Column_10=1
Column_12=1
Column_17=1

parameters:
[boosting: gbdt]
[objective: binary]
[metric: auc]
[tree_learner: serial]
[device_type: cpu]
[data_sample_strategy: bagging]
[data: ]
[valid: ]
[num_iterations: 600]
[learning_rate: 0.0101079]
[num_leaves: 15]
[num_threads: 2]
[seed: 2024]
[deterministic: 0]
[force_col_wise: 0]
[force_row_wise: 0]
[histogram_pool_size: -1]
[max_depth: -1]
[min_data_in_leaf: 1280]
[min_sum_hessian_in_leaf: 0.001]
[bagging_fraction: 0.829452]
[pos_bagging_fraction: 1]
[neg_bagging_fraction: 1]
[bagging_freq: 1]
[bagging_seed: 2024]
[feature_fraction: 0.727545]
[feature_fraction_bynode: 1]
[feature_fraction_seed: 2024]
[extra_trees: 0]
[extra_seed: 29642]
[early_stopping_round: 0]
[early_stopping_min_delta: 0]
[first_metric_only: 0]
[max_delta_step: 0]
[lambda_l1: 4.00664]
[lambda_l2: 7.63247]
[linear_lambda: 0]
[min_gain_to_split: 0]
[drop_rate: 0.1]
[max_drop: 50]
[skip_drop: 0.5]
[xgboost_dart_mode: 0]
[uniform_drop: 0]
[drop_seed: 2449]
[top_rate: 0.2]
[other_rate: 0.1]
[min_data_per_group: 100]
[max_cat_threshold: 32]
[cat_l2: 10]
[cat_smooth: 10]
[max_cat_to_onehot: 4]
[top_k: 20]
[monotone_constraints: ]
[monotone_constraints_method: basic]
[monotone_penalty: 0]
[feature_contri: ]
[forcedsplits_filename: ]
[refit_decay_rate: 0.9]
[cegb_tradeoff: 1]
[cegb_penalty_split: 0]
[cegb_penalty_feature_lazy: ]
[cegb_penalty_feature_coupled: ]
[path_smooth: 0]
[interaction_constraints: ]
[verbosity: -1]
[saved_feature_importance_type: 0]
[use_quantized_grad: 0]
[num_grad_quant_bins: 4]
[quant_train_renew_leaf: 0]
[stochastic_rounding: 1]
[linear_tree: 0]
[max_bin: 255]
[max_bin_by_feature: ]
[min_data_in_bin: 3]
[bin_construct_sample_cnt: 200000]
[data_random_seed: 6648]
[is_enable_sparse: 1]
[enable_bundle: 1]
[use_missing: 1]
[zero_as_missing: 0]
[feature_pre_filter: 1]
[pre_partition: 0]
[two_round: 0]
[header: 0]
[label_column: ]
[weight_column: ]
[group_column: ]
[ignore_column: ]
[categorical_feature: ]
[forcedbins_filename: ]
[precise_float_parser: 0]
[parser_config_file: ]
[objective_seed: 12337]
[num_class: 1]
[is_unbalance: 0]
[scale_pos_weight: 1]
[sigmoid: 1]
[boost_from_average: 1]
[reg_sqrt: 0]
[alpha: 0.9]
[fair_c: 1]
[poisson_max_delta_step: 0.7]
[tweedie_variance_power: 1.5]
[lambdarank_truncation_level: 30]
[lambdarank_norm: 1]
[label_gain: ]
[lambdarank_position_bias_regularization: 0]
[eval_at: ]
[multi_error_top_k: 1]
[auc_mu_weights: ]
[num_machines: 1]
[local_listen_port: 12400]
[time_out: 120]
[machine_list_filename: ]
[machines: ]
[gpu_platform_id: -1]
[gpu_device_id: -1]
[gpu_use_dp: 0]
[num_gpu: 1]

end of parameters

pandas_categorical:null
