tree
version=v4
num_class=1
num_tree_per_iteration=1
label_index=0
max_feature_idx=33
objective=binary sigmoid:1
feature_names=Column_0 Column_1 Column_2 Column_3 Column_4 Column_5 Column_6 Column_7 Column_8 Column_9 Column_10 Column_11 Column_12 Column_13 Column_14 Column_15 Column_16 Column_17 Column_18 Column_19 Column_20 Column_21 Column_22 Column_23 Column_24 Column_25 Column_26 Column_27 Column_28 Column_29 Column_30 Column_31 Column_32 Column_33
feature_infos=[0.22403052449226379:4.806818962097168] [0.027025075629353523:26.170040130615234] [0.17134076356887817:8.6935958862304688] [0.087584272027015686:1] [-28.67047119140625:41.262332916259766] [-36.190670013427734:42.326030731201172] [-36.841156005859375:62.500308990478516] [-45.158794403076172:63.120437622070312] [-22.455821990966797:30.680826187133789] [0:0.95389312505722046] [0:0.64536702632904053] [0:0.40022626519203186] [-0.51016271114349365:0.51874518394470215] [-0.15599349141120911:0.22172828018665314] [-46.22015380859375:17.161741256713867] [-8.3726015090942383:64.2962646484375] [0:1] [0:95] [0:95] [-1:1] [-29.775985717773438:44.984848022460938] [-30.525325775146484:55.0223388671875] [-2.8409864902496338:15.253066062927246] [0.049656935036182404:5.4310722351074219] [-1:1] [0:1] [0:1] [-1:1] [-1:1] [-0.78183150291442871:0.97492790222167969] [-0.90096884965896606:1] [0:1] [0:1] [0.8888888955116272:4.5999999046325684]
tree_sizes=1739 1812 1811 1818 1806

Tree=0
num_leaves=15
num_cat=0
split_feature=27 28 29 29 16 13 3 13 11 29 5 28 13 29
split_gain=114.771 69.5415 62.5072 37.223 37.1556 57.6246 36.8243 31.8665 29.5308 27.7665 26.7999 26.4626 32.2521 25.8735
threshold=-0.49049438536167139 -0.22706275433301923 -1.0000000180025095e-35 -0.60785761475563038 0.15791156142950061 -0.022153978236019608 0.58259007334709179 -0.031868143007159226 0.014392390847206117 0.87837970256805431 -3.7622395753860469 0.83743050694465648 -0.0077222245745360843 0.6078576147556306
decision_type=2 2 2 2 2 2 2 2 2 2 2 2 2 2
left_child=1 -1 7 -2 6 13 10 -3 -4 -10 -5 -7 -13 -6
right_child=3 2 8 4 5 11 -8 -9 9 -11 -12 12 -14 -15
leaf_value=-1.0694830514216729 -1.0639339563450143 -1.0733481301988885 -1.0695761656471519 -1.0685095254840857 -1.0721773084870865 -1.0683417000241611 -1.0695761656471519 -1.0669480246904877 -1.0746211819801152 -1.0710035616922751 -1.0628700048454167 -1.0658874329293635 -1.0707758741094158 -1.0693099943326041
leaf_weight=1466.8766116257757 147.96256430819631 99.820547543466091 173.99842035956681 160.70643395371735 828.3235998917371 3976.6721740793437 284.11003605462611 276.58081762492657 1029.1715487018228 326.90374229848385 257.0230496507138 150.43235407583416 979.51854800619185 481.60172171518207
leaf_count=19419 1971 1179 2500 2402 11139 51474 3657 3818 13347 4408 4653 1981 12726 6175
internal_value=-1.06958 -1.07111 -1.07238 -1.06886 -1.06897 -1.06922 -1.06677 -1.06879 -1.07329 -1.07379 -1.06489 -1.06873 -1.07007 -1.0711
internal_weight=0 3373.35 1906.48 7266.35 7118.39 6416.55 701.84 376.401 1530.07 1356.08 417.729 5106.62 1129.95 1309.93
internal_count=140849 44671 25252 96178 94207 83495 10712 4997 20255 17755 7055 66181 14707 17314
is_linear=0
shrinkage=1


Tree=1
num_leaves=15
num_cat=0
split_feature=32 28 13 23 13 6 21 20 13 30 21 2 7 13
split_gain=49.1356 87.1913 46.2243 43.8063 38.0853 34.0833 29.5639 39.3061 32.3689 37.9932 26.3717 23.6452 23.564 22.4128
threshold=1.0000000180025095e-35 -0.22706275433301923 -0.031868143007159226 0.45904847979545599 -0.012772228568792341 -1.7334432601928709 -8.1696734428405744 -4.2524702548980704 -0.022675332613289353 -0.56174489110708226 -10.943228721618651 0.76615390181541454 6.427626609802247 -0.0090601393021643144
decision_type=2 2 2 2 2 2 2 2 2 2 2 2 2 2
left_child=3 12 10 -1 5 -4 7 -5 9 -8 -3 -6 -2 -10
right_child=1 2 4 6 11 -7 8 -9 13 -11 -12 -13 -14 -15
leaf_value=-0.002114656917675024 0.0013264350274913626 -0.001224198781492637 -0.001220006063169051 0.00020169276056358388 0.0010005528985016173 0.0064422757664076595 -0.0033369176523566683 0.0061733415592968195 0.0026504335890044787 0.00034853777923902872 -0.0076411650474540087 -0.0030355113922129959 -0.00097163482446252177 0.00059738394791587258
leaf_weight=600.24708426184952 1235.1430752538145 113.54667737148702 122.53915434330702 251.02582506462932 153.57902600429952 93.781071402132511 430.76487237215042 221.93329552002251 644.32603283412755 771.60041891410947 253.12771954201162 995.24046746827662 694.7068728543818 4051.1755395792425
leaf_count=8220 16611 1737 1718 3096 1558 1296 6270 3553 8689 10450 2993 13680 8947 51828
internal_value=0 -0.000982129 -0.00262714 0.000462297 -0.00171034 0.00202733 0.000713682 0.00314166 0.000508312 -0.00095108 -0.00582773 -0.00245789 0.000477705 0.000891563
internal_weight=0 3661.66 1731.81 6971.07 1365.14 216.32 6370.83 472.959 5897.87 1202.37 366.674 1148.82 1929.85 4695.5
internal_count=140646 48540 22982 92106 18252 3014 83886 6649 77237 16720 4730 15238 25558 60517
is_linear=0
shrinkage=0.0101079


Tree=2
num_leaves=15
num_cat=0
split_feature=0 11 2 15 3 15 13 29 28 15 13 10 3 28
split_gain=47.4684 51.7606 42.3098 41.0339 53.4395 36.251 32.3806 54.8325 38.8585 27.5188 27.2135 25.2012 24.0816 20.4489
threshold=0.59153220057487499 0.01988464500755072 0.59731552004814159 3.405470728874207 0.67725130915641796 12.138812541961672 -0.022153978236019608 0.87837970256805431 0.79989895224571239 8.5049281120300311 -0.0051052456256002179 0.10739375650882722 0.41386552155017858 -0.54643493890762318
decision_type=2 2 2 2 2 2 2 2 2 2 2 2 2 2
left_child=2 5 -1 4 -3 11 7 8 13 -8 -7 -2 -11 -5
right_child=1 3 -4 6 -6 10 9 -9 -10 12 -12 -13 -14 -15
leaf_value=0.00091262306058833371 0.0020585415355537429 0.0038366344573312313 -0.0032263805393640929 -0.0013453084336473629 -0.00052089290153563923 0.0093436690520159113 0.0015408107457342357 0.0028399655702297921 0.0013709825559539413 0.00074496120616194649 0.0022003552828756541 -0.00078537264654477659 -0.00087545276924152495 -0.0045096003160066105
leaf_weight=345.69599446840584 989.75229850038886 570.13041383959353 789.56945197656751 384.49650384858251 541.13609640859067 101.51108786836267 926.81669709831476 211.91057923808694 194.19861625134945 1327.284015417099 163.01794632151723 437.82691532373428 3014.0107541773468 640.3318225312978
leaf_count=5328 13440 8626 12467 4963 7378 1233 12169 2918 2390 17526 2176 5474 36780 8075
internal_value=0 0.000247105 -0.00193291 -9.57561e-05 0.00168944 0.00184681 -0.000399517 -0.00174402 -0.00258661 -2.46484e-05 0.00527551 0.00115858 -0.000370286 -0.00338036
internal_weight=0 9502.42 1135.27 7810.32 1111.27 1692.11 6699.05 1430.94 1219.03 5268.11 264.529 1427.58 4341.29 1024.83
internal_count=140943 123148 17795 100825 16004 22323 84821 18346 15428 66475 3409 18914 54306 13038
is_linear=0
shrinkage=0.0101079


Tree=3
num_leaves=15
num_cat=0
split_feature=27 28 21 20 29 13 29 29 28 13 0 13 13 21
split_gain=125.191 71.1553 35.874 32.8744 31.7663 30.0515 29.0048 36.0698 55.2929 27.6589 25.5162 24.4334 22.9516 30.0672
threshold=-0.47136868536472315 0.41268247365951544 -7.9763629436492911 -4.1504971981048575 -0.60785761475563038 -0.022675332613289353 -1.0000000180025095e-35 0.87837970256805431 -0.2693240344524383 -0.0090601393021643144 0.70884984731674205 -0.031868143007159226 0.01061802124604583 3.2875454425811772
decision_type=2 2 2 2 2 2 2 2 2 2 2 2 2 2
left_child=1 6 3 -2 -4 10 11 8 -8 -7 -6 -1 -3 -14
right_child=2 12 4 -5 5 9 7 -9 -10 -11 -12 -13 13 -15
leaf_value=-0.0028501689311342493 0.00069720801875440498 -0.0059348289639555652 0.0054797779305110371 0.0058190945394420227 -0.0028111343053722785 0.0026715320900209489 -0.00025330473442918287 0.00096754226057857201 -0.0040654094864676863 0.00050857736541767796 8.4609577219514119e-05 0.0024454026589323121 0.0020983111687143045 -0.0039645491727489041
leaf_weight=99.094771262258291 286.75874070264399 409.02966468222439 125.94033767282963 262.69724881462753 450.07606763020158 710.16333561576903 871.0486011505127 523.17479577846825 733.73579132929444 4496.5697207599878 889.58793146722019 424.17866412550211 103.71648302674294 272.93649728782475
leaf_count=1173 3572 5663 1628 4154 6632 9656 11472 7006 9691 57989 11824 5794 1309 3479
internal_value=0 -0.00155701 0.000784274 0.00326488 0.000570441 0.000463544 -0.000741369 -0.00127504 -0.00203238 0.000814835 -0.000868605 0.00133972 -0.00422468 -0.00218116
internal_weight=0 3436.92 7221.79 549.456 6672.34 6546.4 2651.23 2127.96 1604.78 5206.73 1339.66 523.273 785.683 376.653
internal_count=141042 45587 95455 7726 87729 86101 35136 28169 21163 67645 18456 6967 10451 4788
is_linear=0
shrinkage=0.0101079


Tree=4
num_leaves=15
num_cat=0
split_feature=27 22 29 14 11 23 21 20 13 15 15 16 2 20
split_gain=106.158 60.5652 64.0006 74.5577 37.7039 33.7865 27.8596 33.5356 23.0331 29.906 25.9176 20.7676 28.4787 21.0634
threshold=-0.47136868536472315 -0.15330149233341214 1.0000000180025095e-35 -9.1437778472900373 0.017341428436338905 0.4436547607183457 -8.1696734428405744 -4.2524702548980704 -0.034285647794604295 10.048904418945314 3.2021093368530278 0.8453984558582307 2.1538493633270268 -0.73415595293045033
decision_type=2 2 2 2 2 2 2 2 2 2 2 2 2 2
left_child=1 2 3 -1 -4 -2 7 -7 9 10 -8 12 13 -10
right_child=5 -3 4 -5 -6 6 8 -9 11 -11 -12 -13 -14 -15
leaf_value=-0.0040120437970621696 -0.0017420670601959083 -4.8473023496447167e-05 3.1008618171249862e-06 0.0023604267670742046 -0.0051790635816078333 0.00060255581220041376 0.0027605642452582764 0.0060375381193687452 0.00026010340153387258 0.0034862893909488094 -0.0026859902871302194 -6.5134225337548117e-05 0.0061066411586868504 0.0018026361468240553
leaf_weight=328.07358384504914 517.31733776256442 1676.498597053811 152.63758935593069 413.18649183213711 876.91384302452207 271.26722605526447 92.797056898474693 226.11051666177809 1662.9205556474626 119.37223843857646 550.6487727239728 1459.1527417507023 119.6171845998615 2181.3072957210243
leaf_count=4481 7048 22972 2099 5057 11058 3387 1636 3572 21829 1442 7803 17344 1675 29503
internal_value=0 -0.00145178 -0.00275166 -0.000418026 -0.00437736 0.000703187 0.000900287 0.00320743 0.000704516 -0.000906643 -0.00181514 0.000939561 0.00131902 0.00114773
internal_weight=0 3447.31 1770.81 741.26 1029.55 7200.51 6683.19 497.378 6185.82 762.818 643.446 5423 3963.85 3844.23
internal_count=140906 45667 22695 9538 13157 95239 88191 6959 81232 10881 9439 70351 53007 51332
is_linear=0
shrinkage=0.0101079


end of trees

feature_importances:
Column_13=14
Column_29=9
Column_28=7
Column_15=5
Column_21=5
Column_20=4
Column_2=3
Column_3=3
Column_11=3
Column_27=3
Column_0=2
Column_16=2
Column_23=2
Column_5=1
Column_6=1
Column_7=1
Column_10=1
Column_14=1
Column_22=1
Column_30=1
Column_32=1

parameters:
[boosting: gbdt]
[objective: binary]
[metric: auc]
[tree_learner: serial]
[device_type: cpu]
[data_sample_strategy: bagging]
[data: ]
[valid: ]
[num_iterations: 600]
[learning_rate: 0.0101079]
[num_leaves: 15]
[num_threads: 2]
[seed: 1337]
[deterministic: 0]
[force_col_wise: 0]
[force_row_wise: 0]
[histogram_pool_size: -1]
[max_depth: -1]
[min_data_in_leaf: 1280]
[min_sum_hessian_in_leaf: 0.001]
[bagging_fraction: 0.829452]
[pos_bagging_fraction: 1]
[neg_bagging_fraction: 1]
[bagging_freq: 1]
[bagging_seed: 1337]
[feature_fraction: 0.727545]
[feature_fraction_bynode: 1]
[feature_fraction_seed: 1337]
[extra_trees: 0]
[extra_seed: 18955]
[early_stopping_round: 0]
[early_stopping_min_delta: 0]
[first_metric_only: 0]
[max_delta_step: 0]
[lambda_l1: 4.00664]
[lambda_l2: 7.63247]
[linear_lambda: 0]
[min_gain_to_split: 0]
[drop_rate: 0.1]
[max_drop: 50]
[skip_drop: 0.5]
[xgboost_dart_mode: 0]
[uniform_drop: 0]
[drop_seed: 17763]
[top_rate: 0.2]
[other_rate: 0.1]
[min_data_per_group: 100]
[max_cat_threshold: 32]
[cat_l2: 10]
[cat_smooth: 10]
[max_cat_to_onehot: 4]
[top_k: 20]
[monotone_constraints: ]
[monotone_constraints_method: basic]
[monotone_penalty: 0]
[feature_contri: ]
[forcedsplits_filename: ]
[refit_decay_rate: 0.9]
[cegb_tradeoff: 1]
[cegb_penalty_split: 0]
[cegb_penalty_feature_lazy: ]
[cegb_penalty_feature_coupled: ]
[path_smooth: 0]
[interaction_constraints: ]
[verbosity: -1]
[saved_feature_importance_type: 0]
[use_quantized_grad: 0]
[num_grad_quant_bins: 4]
[quant_train_renew_leaf: 0]
[stochastic_rounding: 1]
[linear_tree: 0]
[max_bin: 255]
[max_bin_by_feature: ]
[min_data_in_bin: 3]
[bin_construct_sample_cnt: 200000]
[data_random_seed: 4404]
[is_enable_sparse: 1]
[enable_bundle: 1]
[use_missing: 1]
[zero_as_missing: 0]
[feature_pre_filter: 1]
[pre_partition: 0]
[two_round: 0]
[header: 0]
[label_column: ]
[weight_column: ]
[group_column: ]
[ignore_column: ]
[categorical_feature: ]
[forcedbins_filename: ]
[precise_float_parser: 0]
[parser_config_file: ]
[objective_seed: 4113]
[num_class: 1]
[is_unbalance: 0]
[scale_pos_weight: 1]
[sigmoid: 1]
[boost_from_average: 1]
[reg_sqrt: 0]
[alpha: 0.9]
[fair_c: 1]
[poisson_max_delta_step: 0.7]
[tweedie_variance_power: 1.5]
[lambdarank_truncation_level: 30]
[lambdarank_norm: 1]
[label_gain: ]
[lambdarank_position_bias_regularization: 0]
[eval_at: ]
[multi_error_top_k: 1]
[auc_mu_weights: ]
[num_machines: 1]
[local_listen_port: 12400]
[time_out: 120]
[machine_list_filename: ]
[machines: ]
[gpu_platform_id: -1]
[gpu_device_id: -1]
[gpu_use_dp: 0]
[num_gpu: 1]

end of parameters

pandas_categorical:null
