tree
version=v4
num_class=1
num_tree_per_iteration=1
label_index=0
max_feature_idx=17
objective=binary sigmoid:1
feature_names=rv_1440 rv_ratio_60_1440 sess_h_cos atr_z sess_london atr_ratio ret_1 atr_lvl ret_5 sess_ny vol_ratio60 day_dist_hi day_vs_open ma_ema20_dist ret_3 rng_run rv_15 rng_close_pos
feature_infos=[0.1964966207742691:5.3406271934509277] [0.15235896408557892:4.0476946830749512] [-1:1] [-2.8223035335540771:6.5767936706542969] [0:1] [0.17285077273845673:4.9321832656860352] [-15.432802200317383:9.5780954360961914] [0.05053333193063736:2.9288332462310791] [-18.052391052246094:28.577566146850586] [0:1] [0.0083480197936296463:15.940609931945801] [0:237.50221252441406] [-214.50392150878906:307.9952392578125] [-16.004751205444336:23.362424850463867] [-16.617311477661133:28.733144760131836] [-10:10] [0.17930012941360474:7.419245719909668] [0:1]
tree_sizes=3443 3514 3511 3510 3509 3496 3508

Tree=0
num_leaves=31
num_cat=0
split_feature=3 1 12 2 0 12 7 3 3 12 1 13 12 12 12 7 7 9 16 2 3 16 2 3 12 13 12 3 1 3
split_gain=56.0353 37.9483 32.1106 30.0999 29.5692 34.7884 29.6669 38.257 28.8341 27.2461 26.0221 25.2526 26.9833 23.4006 22.9429 22.8506 22.6932 21.766 23.4713 21.2983 21.1318 21.0424 21.3032 22.6525 28.8273 20.8336 29.2035 33.068 20.0843 19.908
threshold=2.1437113285064702 0.43058723211288458 98.117668151855483 0.91597560048103344 1.1145638227462771 18.996223449707035 0.2642416656017304 -0.20309265702962873 -1.1096366643905637 53.817388534545906 0.37059168517589575 -0.323294848203659 8.4507980346679705 29.698324203491214 -52.301410675048821 0.13955833017826083 0.33114166557788854 1.0000000180025095e-35 0.41194571554660803 0.60355338454246532 -1.3715481162071226 0.45886664092540747 0.78656607866287243 -0.54788827896118153 -19.317280769348141 0.48394787311553961 11.984290599823 2.591016530990601 0.6465335786342622 -0.36229124665260309
decision_type=2 2 2 2 2 2 2 2 2 2 2 2 2 2 2 2 2 2 2 2 2 2 2 2 2 2 2 2 2 2
left_child=1 2 9 4 5 6 7 -3 19 10 -1 12 15 -14 -12 -10 21 -7 -19 -6 -4 -13 23 24 -23 26 -2 -28 -25 -18
right_child=25 3 20 -5 8 17 -8 -9 11 -11 14 16 13 -15 -16 -17 29 18 -20 -21 -22 22 -24 28 -26 -27 27 -29 -30 -31
leaf_value=-0.67994214642489748 -0.68659469233773529 -0.66447652568248106 -0.66569863734476931 -0.67697526596744828 -0.6656702345818919 -0.69139060484684811 -0.67985551524306043 -0.6831768634411991 -0.70242795640434352 -0.66079886499806673 -0.65925481550931508 -0.69881755879741991 -0.67108898615425971 -0.68472198976075493 -0.67418863521660277 -0.68241512208953192 -0.68308142079134693 -0.65080150599047948 -0.68301122876832965 -0.68675018559970924 -0.69770444371149032 -0.6946385734869065 -0.69469043722052781 -0.69353783343053022 -0.68030907059682799 -0.69468717892939824 -0.68812856020712465 -0.63459832273479455 -0.68251510171523699 -0.66865676929621176
leaf_weight=750.74149621650577 525.37862141430378 257.12242266535759 22.419791769236326 1770.7170534599572 141.45131030492485 363.18016940355301 6631.0040748342872 158.77284268289804 52.535919040441513 113.92421856895089 106.78180777467787 124.26531851291656 371.00322508253157 162.26461333967745 672.14307975955307 1266.069919096306 350.8086890373379 20.434953646734357 405.79278241842985 61.208372950553894 91.255913080647588 145.46303671970963 228.96532227098942 398.53224555961788 919.98928427509964 281.5377518683672 19.628174064680934 20.491119904443622 237.68293452262878 113.027902379632
leaf_count=7581 5422 1518 295 19635 2175 4197 84760 850 266 1277 977 1094 3918 1600 7032 13086 6777 294 5951 921 905 1271 1761 2743 8858 3146 237 193 1516 1630
internal_value=-0.680557 -0.680118 -0.675961 -0.680633 -0.681155 -0.680037 -0.679367 -0.671605 -0.683072 -0.674893 -0.675954 -0.683586 -0.680926 -0.675237 -0.672117 -0.683228 -0.68554 -0.686005 -0.681401 -0.672036 -0.691318 -0.686893 -0.686116 -0.684955 -0.682277 -0.688032 -0.684699 -0.660335 -0.689429 -0.679548
internal_weight=0 15937.6 1757.27 14180.3 12409.6 7836.31 7046.9 415.895 4573.27 1643.59 1529.67 4370.61 1851.87 533.268 778.925 1318.61 2518.73 789.408 426.228 202.66 113.676 2054.9 1930.63 1701.67 1065.45 847.036 565.498 40.1193 636.215 463.837
internal_count=191886 182888 18067 164821 145186 97570 87128 2368 47616 16867 15590 44520 18870 5518 8009 13352 25650 10442 6245 3096 1200 17243 16149 14388 10129 8998 5852 430 4259 8407
is_linear=0
shrinkage=1


Tree=1
num_leaves=31
num_cat=0
split_feature=5 12 0 12 12 12 7 9 5 1 2 2 12 7 7 12 12 12 12 0 5 13 7 1 7 7 9 1 1 13
split_gain=44.0826 35.7245 33.266 57.1403 37.1506 31.8642 27.6511 26.8175 26.1672 44.6528 34.5793 32.5579 39.0784 34.4546 30.0538 56.145 25.4766 25.3889 23.8393 23.7323 49.1001 23.3321 26.2915 20.6822 54.7483 20.0818 20.3977 28.1878 19.9912 19.5124
threshold=0.49111714959144598 17.784320831298832 0.38653531670570379 11.984290599823 -2.917394638061523 132.46751403808597 1.1599416732788088 1.0000000180025095e-35 0.7652336359024049 0.81622749567031871 1.0000000180025095e-35 0.91597560048103344 10.766929149627687 0.17797499895095828 0.29107500612735754 9.649942874908449 3.3426371812820439 8.4507980346679705 -0.90082594752311695 1.1145638227462771 0.83917865157127391 -0.93121412396430958 0.13955833017826083 0.43859188258647924 0.19147499650716784 0.39584167301654821 1.0000000180025095e-35 0.53373831510543834 1.8197149038314822 1.0247549414634707
decision_type=2 2 2 2 2 2 2 2 2 2 2 2 2 2 2 2 2 2 2 2 2 2 2 2 2 2 2 2 2 2
left_child=5 2 3 4 28 -1 -6 -3 11 10 14 12 21 -14 15 16 19 -8 -16 20 -10 22 -4 24 -13 26 27 -23 -2 -5
right_child=1 7 8 29 6 -7 17 -9 9 -11 -12 23 13 -15 18 -17 -18 -19 -20 -21 -22 25 -24 -25 -26 -27 -28 -29 -30 -31
leaf_value=0.0048417822704600409 0.014943073207900842 -0.0076879171396283669 -0.030312476023842447 0.035681727515287275 -0.022663409056311319 -0.015699136525315491 -0.011232234762529514 -0.0005413268208013265 0.045345484884341154 -0.00012034451432878801 0.0009745191976343958 0.043338292278610892 0.038117889250396435 0.0034658464351969977 0.0094575041689037662 0.050583024770147776 -0.0087844801376883806 0.020648416509321837 0.00037940868364725461 0.0010020358248763557 0.005022441082406545 0.0015027737072596066 0.0011083691000039781 0.0020854727319895186 -0.0094308945622005522 0.0047237961424506239 -0.011659577047812217 -0.0077158402650047437 -0.0047191281909819182 0.00073838487789651039
leaf_weight=1992.9615320954472 56.223759507760406 1019.1441375911236 23.721099212765694 35.214521644636989 200.51594272255898 69.410496972501278 130.61543968692422 880.70006001740694 52.579815953969955 5387.6871242914349 1179.1459839940071 37.149852626025677 26.818208366632462 365.10141643695533 656.7911807987839 37.891056939959526 44.421714656054974 26.161288572475314 431.02090603671968 57.462854832410812 55.725642487406731 440.07134098000824 785.20857564359903 901.72775785252452 32.447964729741216 148.76276837661862 534.96098872646689 925.18630436807871 248.3312589880079 23.927810603752732
leaf_count=20363 539 10725 119 339 1578 761 1692 11312 301 65561 12496 198 148 4575 8811 213 263 360 6534 301 287 4833 8708 10069 454 3130 5287 9467 2426 252
internal_value=0 -0.000538528 2.95104e-05 -0.00622649 -0.00875927 0.00414319 -0.0153074 -0.00437704 0.000402028 0.00142058 0.00472026 -0.00150476 -0.00294504 0.00592799 0.00802329 0.0174293 0.0112414 -0.00581517 0.00586417 0.0166284 0.0248341 -0.00416349 0.000150694 0.00331218 0.0189511 -0.00586596 -0.00669705 -0.00474543 -0.00105227 0.0217917
internal_weight=0 14744.7 12844.9 720.99 661.848 2062.37 357.293 1899.84 12123.9 7902.73 2515.04 4221.16 3249.83 391.92 1335.89 248.081 210.19 156.777 1087.81 165.768 108.305 2857.91 808.93 971.326 69.5978 2048.98 1900.22 1365.26 304.555 59.1423
internal_count=192102 170978 148941 7186 6595 21124 3630 22037 141755 94767 29206 46988 36267 4723 16710 1365 1152 2052 15345 889 588 31544 8827 10721 652 22717 19587 14300 2965 591
is_linear=0
shrinkage=0.03


Tree=2
num_leaves=31
num_cat=0
split_feature=3 3 13 1 2 11 1 5 13 1 11 3 2 1 11 3 1 11 5 11 3 11 11 5 1 2 11 13 3 2
split_gain=45.6022 29.446 25.2241 22.4877 20.1423 20.9014 26.1305 25.7139 34.8711 25.7802 23.4857 23.422 22.3735 27.4863 22.3073 21.8 18.5196 17.8021 20.3797 18.4341 17.7299 23.4177 21.5269 17.6797 17.3286 27.8187 20.2173 16.9623 34.6594 16.395
threshold=2.1437113285064702 -1.417909502983093 0.46901184320449835 2.6130520105361943 0.91597560048103344 93.139846801757827 0.60795155167579662 0.7652336359024049 -0.35140533745288843 0.56024047732353222 34.753942489624031 -1.2750703692436216 0.60355338454246532 0.51282656192779552 21.950068473815922 -0.93730446696281422 0.71659463644027721 11.317907333374025 0.42708076536655432 7.7912063598632821 -0.50633293390274037 5.8549778461456308 79.197040557861342 0.25323723256587988 0.81622749567031871 1.0000000180025095e-35 12.862761020660402 0.11005892232060434 -0.83824765682220448 -0.91597560048103321
decision_type=2 2 2 2 2 2 2 2 2 2 2 2 2 2 2 2 2 2 2 2 2 2 2 2 2 2 2 2 2 2
left_child=1 23 3 -2 5 7 11 8 10 -9 14 -7 20 17 -3 -12 -15 18 -14 -20 22 29 -10 -1 25 26 -11 28 -13 -22
right_child=2 4 -4 -5 -6 6 -8 9 12 24 15 27 13 16 -16 -17 -18 -19 19 -21 21 -23 -24 -25 -26 -27 -28 -29 -30 -31
leaf_value=0.028495492612429844 -0.0060256878033536857 0.0011299418577277855 -0.014062427182761947 0.0090986346491168952 0.0028756382888430114 -0.01278662595607734 -0.017186039880476681 0.019584595528383049 -0.00063815531729591042 0.0018450934947381568 0.018950349137254584 0.036331104516486377 -0.020853288546095267 -0.015989478072047945 -0.0075469800873020909 0.0033480941746072035 0.0040777383678961684 -0.008382206010233215 0.0055587852608686601 0.037483571819454206 0.021633120614340591 -0.012053673961031212 -0.020391944710919832 0.007030509211829847 -0.0004008632067424013 -0.0013790549191044961 0.0087215304469571465 0.0059637114335475503 0.0040267181252047306 -0.0027715001610565341
leaf_weight=43.370097659528255 447.94190343096852 1246.804128844291 281.42216464132071 109.25858832150698 2280.1084387842566 33.65209199115634 33.709186274558306 63.43068240955472 1701.2217245101929 814.00515805929899 105.04614878632128 65.030880387872458 20.591342963278294 368.03075040318072 338.14652136899531 338.45628360845149 46.214030373841524 171.20462607592344 99.511085255071521 18.587543608620763 29.583519008010626 340.12634681537747 50.146296463906765 161.00053197704256 5570.515189403668 970.99953585863113 729.97506291233003 128.77682177908719 55.12157779186964 129.60337313078344
leaf_count=385 4842 14220 3153 985 24580 297 261 819 18865 10209 1138 511 176 4118 3633 3051 579 1817 1115 247 283 3347 377 2638 68381 10291 9022 1076 526 1165
internal_value=0 0.000415915 -0.00675723 -0.00304905 0.000268718 -0.000172794 0.00743582 -0.000356321 -0.00204899 0.000683071 0.000983791 0.0104232 -0.00411661 -0.0087002 -0.000724856 0.0070779 -0.0137463 -0.00193241 0.0060325 0.010856 -0.00263866 -0.00761958 -0.00121507 0.0117022 0.000532385 0.00259881 0.00509973 0.0135995 0.0216666 0.00187063
internal_weight=0 15953 838.623 557.2 15748.6 13468.5 316.291 13152.2 5003.27 8148.93 2028.45 282.581 2974.82 724.139 1584.95 443.502 414.245 309.895 138.69 118.099 2250.68 499.313 1751.37 204.371 8085.49 2514.98 1543.98 248.929 120.152 159.187
internal_count=192107 183127 8980 5827 180104 155524 2671 152853 54131 98722 22042 2410 32089 8052 17853 4189 4697 3355 1538 1362 24037 4795 19242 3023 97903 29522 19231 2113 1037 1448
is_linear=0
shrinkage=0.03


Tree=3
num_leaves=31
num_cat=0
split_feature=3 2 3 13 11 5 3 13 1 13 7 7 0 2 3 0 11 1 11 1 7 3 7 1 0 11 13 7 11 11
split_gain=44.2278 33.8386 32.1467 36.0959 31.7288 31.462 29.8089 23.685 21.8633 21.0055 20.5306 20.1637 42.651 28.6105 24.4042 24.109 19.8415 20.2525 17.9708 23.3343 19.5901 29.9605 19.3495 17.7208 17.5333 16.2541 16.1597 15.7266 14.376 18.3094
threshold=2.1437113285064702 0.91597560048103344 -0.96897873282432545 0.39521709084510809 19.387652397155765 0.7652336359024049 -0.51238036155700672 -0.89612156152725209 0.56950885057449352 0.48394787311553961 0.17797499895095828 0.16889166831970218 1.7179967164993288 0.60355338454246532 -0.69622284173965443 1.8844048976898196 17.552380561828617 0.39808961749076849 1.1610997319221499 0.60531976819038402 0.7597416639328004 0.35778649151325231 0.20347499847412112 2.6130520105361943 1.6029475927352907 33.25433540344239 1.8607503175735476 0.32750833034515386 13.810501098632814 10.049871921539308
decision_type=2 2 2 2 2 2 2 2 2 2 2 2 2 2 2 2 2 2 2 2 2 2 2 2 2 2 2 2 2 2
left_child=1 2 3 4 24 6 7 -4 -6 23 -8 13 -13 14 15 -9 -17 -18 20 -20 21 -7 -21 28 -1 -16 -24 -12 29 -2
right_child=9 -3 5 -5 8 18 10 11 -10 -11 27 12 -14 -15 25 16 17 -19 19 22 -22 -23 26 -25 -26 -27 -28 -29 -30 -31
leaf_value=0.013088377249314626 -0.0051120883579148244 0.0038028630899584917 0.0031046693707486701 -0.0016929842972247624 0.017082295661909663 -0.0030845858249423743 0.020414879232437733 -0.0083681303917342298 -0.0073465286889851178 -0.013195123678007382 -0.0094801608169740176 -0.003212536741367835 0.0088004997866603981 -0.020771349835196556 -0.0041658628097985062 -0.0044582869655959674 0.0025946948467278053 0.032126265383256948 0.012620666887991572 0.018291738837849257 0.010251526183970532 -0.022966105141032572 0.00018978264185197496 0.0075973398489078562 -0.0062406649348348579 -0.026328419058488178 0.0053847388542074808 -0.001304511764583075 0.0021560983058730703 -0.021708316453700395
leaf_weight=61.091522768139839 238.93860758282244 2385.0164501406252 888.33891840651631 409.89584387652576 354.17001850530505 280.64278883673251 23.576392561197281 123.47923712432384 35.793960761278868 281.53328930027783 810.01206612586975 1605.9572547245771 317.76617277786136 118.87792071327567 60.810063794255257 53.135192103683949 38.232993587851524 45.612309187650681 150.38995995372534 55.017070330679417 61.388360626995564 89.297571308910847 6925.6993165593594 109.828184902668 131.08262808993459 58.226641044020653 583.38469034992158 287.05923135206103 142.13365767709911 79.256123203784227
leaf_count=1272 2584 26220 9438 4903 3780 3121 122 673 566 3155 5576 19481 3787 676 329 299 221 251 1876 285 1008 834 84187 997 1811 314 7121 4778 1568 814
internal_value=0 0.000508165 -7.11832e-05 0.00512527 0.00992081 -0.000481441 -0.00251556 -0.00108309 0.014827 -0.00650443 -0.00674238 -0.00261966 -0.00122465 -0.00799119 -0.00394371 0.00120963 0.00984144 0.0188493 0.000625233 0.000958671 -0.00532687 -0.00793264 0.000725169 -0.00318337 -6.00813e-05 -0.0151357 0.000594045 -0.00734406 -0.0057664 -0.00930095
internal_weight=0 15954 13568.9 992.034 582.138 12576.9 4431.08 3310.44 389.964 851.69 1120.65 2422.1 1923.72 498.374 379.496 260.46 136.98 83.8453 8145.82 7714.49 431.329 369.94 7564.1 570.157 192.174 119.037 7509.08 1097.07 460.328 318.195
internal_count=192047 182929 156709 12332 7429 144377 45945 35469 4346 9118 10476 26031 23268 2763 2087 1444 771 472 98432 93469 4963 3955 91593 5963 3083 643 91308 10354 4966 3398
is_linear=0
shrinkage=0.03


Tree=4
num_leaves=31
num_cat=0
split_feature=5 5 12 11 13 12 5 11 11 1 13 11 2 2 12 12 12 12 1 13 12 11 12 11 12 11 13 11 11 12
split_gain=39.7418 28.3585 45.78 75.0339 37.5747 38.9723 27.5259 39.9663 38.892 31.1946 28.5649 25.6427 24.1843 23.5196 23.8426 23.2699 22.3978 48.737 30.8877 20.5254 26.9186 18.8692 18.7924 36.4836 30.7856 18.7831 40.7304 35.929 22.1613 21.1832
threshold=2.2357392311096196 0.49111714959144598 16.690128326416019 29.720133781433109 0.40966944396495825 34.912954330444343 0.77601453661918651 22.579123497009281 31.917741775512699 0.82381483912467968 -1.0376189947128294 19.616701126098636 0.37940952181816107 1.0000000180025095e-35 4.4197485446929941 132.46751403808597 -2.3757553100585933 3.7848212718963627 2.0784665346145634 1.2674461007118227 11.483850479125978 2.875500082969666 58.764871597290046 53.716659545898445 40.29127502441407 19.16286659240723 -0.33712558448314661 22.908535957336429 6.1913142204284677 -13.473829746246336
decision_type=2 2 2 2 2 2 2 2 2 2 2 2 2 2 2 2 2 2 2 2 2 2 2 2 2 2 2 2 2 2
left_child=1 15 6 21 5 -5 7 11 -9 13 -10 -3 -13 -8 -15 22 -2 -18 -19 20 -20 -4 24 -24 25 28 -27 -28 -1 -30
right_child=16 2 3 4 -6 -7 9 8 10 -11 -12 12 -14 14 -16 -17 17 18 19 -21 -22 -23 23 -25 -26 26 27 -29 29 -31
leaf_value=0.0056493194268094123 -0.00095362203324997981 -0.00012280389088898771 -0.010625559221595202 0.044590105259407375 -0.0048738641520691623 0.0047278857671897694 0.0072085616905112034 -0.015148591493258395 0.0060302896436612548 0.00037278625258179538 -0.0060007200525297802 0.0038672553584583732 0.029152385870279848 -0.0017331725870027837 0.0077028036157934356 -0.013736888707626415 -0.022914702005979636 -0.014348540982846944 0.0030448645117663702 -0.013928282215278157 0.034957148580647024 -0.0039518432478418504 0.0072496465566160191 0.042263500606289667 -0.012737310908447401 0.014242007658368498 0.034016470784785438 0.00054733214459386497 0.025510463017926543 -0.0070929070225945866
leaf_weight=340.95354087278247 368.58223222009838 2953.1152118910104 529.73240554891527 52.927870705723763 46.18337731435895 37.812553415074944 1315.9804445654154 306.30452063307166 241.31465906091034 5157.5898391436785 664.91552469693124 100.30308538675308 50.830044211819768 755.07605111412704 352.80842909961939 66.162057047709823 180.46596982516348 113.97351940535009 81.530369345098734 33.734858423471451 32.719977855682373 1362.8402911573648 162.6165899336338 31.224067326635122 101.13466215319932 399.94186596013606 29.266859043389559 624.86227581091225 18.053885672241449 312.14844655245543
leaf_count=3718 3335 33646 6356 475 386 274 16454 3771 2371 63355 6623 1113 579 8225 3418 727 1760 1025 828 371 282 16179 1768 249 921 3809 285 6017 134 3527
internal_value=0 0.000381782 -0.000106927 -0.0042703 0.0170977 0.0282117 0.000603524 -0.00130855 -0.00592482 0.00169226 -0.00279394 0.000495921 0.012507 0.00449858 0.00127597 0.0036427 -0.00642129 -0.010964 -0.00267514 0.00635131 0.0124082 -0.00582445 0.0042184 0.0130777 0.00327148 0.00421676 0.00671267 0.00209444 0.000292708 -0.00523867
internal_weight=0 16014.1 13927.7 2029.5 136.924 90.7404 11898.2 4316.78 1212.53 7581.45 906.23 3104.25 151.133 2423.86 1107.88 2086.36 811.007 442.425 261.959 147.985 114.25 1892.57 2020.2 193.841 1826.36 1725.23 1054.07 654.129 671.156 330.202
internal_count=191981 184380 163225 23670 1135 749 139555 48103 12765 91452 8994 35338 1692 28097 11643 21155 7601 4266 2506 1481 1110 22535 20428 2017 18411 17490 10111 6302 7379 3661
is_linear=0
shrinkage=0.03


Tree=5
num_leaves=31
num_cat=0
split_feature=3 0 12 11 1 12 3 13 12 3 12 11 13 12 12 11 12 2 3 7 7 1 2 12 7 11 11 7 16 13
split_gain=40.2054 28.92 33.3284 51.622 36.9957 26.7655 25.0844 24.3927 31.9814 28.229 21.2685 30.721 24.3496 23.0614 19.3798 32.6942 21.7916 26.7596 29.5728 22.6281 20.8531 17.4465 22.675 17.2803 18.5898 18.2371 16.9298 18.6927 24.8751 18.6324
threshold=2.1437113285064702 1.7364844083786013 19.420929908752445 29.720133781433109 0.59370476007461559 132.46751403808597 -0.97979792952537526 0.46901184320449835 11.984290599823 2.7230319976806645 58.764871597290046 53.716659545898445 0.096788719296455397 42.995750427246101 8.2478656768798846 40.638187408447273 14.564322471618654 -0.6035533845424651 -0.45983722805976862 0.30210833251476293 0.13955833017826083 0.53373831510543834 0.91597560048103344 -1.8374150991439817 0.86267501115798961 6.2764081954956064 2.875500082969666 0.38642500340938574 0.43631884455680853 1.426162123680115
decision_type=2 2 2 2 2 2 2 2 2 2 2 2 2 2 2 2 2 2 2 2 2 2 2 2 2 2 2 2 2 2
left_child=1 2 14 26 6 10 -5 8 23 -10 13 12 -12 21 20 16 -16 18 -18 -20 -1 -3 -23 25 -25 -2 29 -28 -29 -4
right_child=7 5 3 4 -6 -7 -8 -9 9 -11 11 -13 -14 -15 15 -17 17 -19 19 -21 -22 22 -24 24 -26 -27 27 28 -30 -31
leaf_value=-0.016805302799495853 0.025200907768856858 0.0042464069926800609 -0.017187869548082754 0.026857989560272501 0.045555134659506322 -0.014931241469983116 -0.0061507990769128348 -0.013546320201384708 -0.00063088718574239727 0.047774100698248965 0.019518631947009066 0.040507402562575325 -0.0029203640273660707 -0.012227642005904496 0.0045570644073980411 0.035600800969826478 -0.011074251359407906 -0.0066443483570519058 0.025177266707724348 0.0045205079262320303 -0.00014821615348383947 -0.023417589987268773 0.00695575879185134 -0.02450525736781305 -0.0053043678354805987 -0.0023844235994346656 -0.0065756143377977043 0.031139242639394656 -0.00031824316004288293 -0.0037806572867263113
leaf_weight=67.118741109967232 22.310199610888958 1946.2212496139109 212.45282595604658 30.962108315899968 26.181489981710911 68.94855903275311 58.129067238420248 283.79484683461487 23.199962249025702 19.31600190885365 84.785719126462936 30.364078652113676 87.889434238895774 84.767417160794139 1471.9340896066278 26.049364902079105 81.809930199757218 429.61792046576738 62.003480955958366 199.47160442173481 9664.9475585427135 46.757169779390097 40.538213945925236 66.122058983892202 142.55298803560436 287.88330897502601 741.50412325002253 23.431274771690369 305.4942273311317 166.97061046026647
leaf_count=348 199 18993 2519 274 193 765 497 3205 280 165 891 235 931 731 17941 236 812 5348 373 2712 113403 324 357 450 1840 2964 7273 376 5303 2113
internal_value=0 0.000316647 -0.000219465 -0.00433556 0.0149047 0.00335864 0.00549163 -0.00639379 -0.00276034 0.0219531 0.00390809 0.0131607 0.00814642 0.00301542 0.000317569 0.00281242 0.00241625 -0.00166138 0.00457595 0.0094961 -0.000264809 0.00365653 -0.00939379 -0.00482369 -0.0114763 -0.000325784 -0.00587449 -0.00393791 0.00201025 -0.0113133
internal_weight=0 15958.4 13568.1 1565.13 115.273 2390.27 89.0912 845.179 561.385 42.516 2321.32 203.039 172.675 2118.28 12003 2270.89 2244.84 772.903 343.285 261.475 9732.07 2033.52 87.2954 518.869 208.675 310.194 1449.85 1070.43 328.926 379.423
internal_count=192051 182948 159721 18548 964 23227 771 9103 5898 445 22462 2057 1822 20405 141173 27422 27186 9245 3897 3085 113751 19674 681 5453 2290 3163 17584 12952 5679 4632
is_linear=0
shrinkage=0.03


Tree=6
num_leaves=31
num_cat=0
split_feature=5 3 2 7 3 5 3 11 0 5 7 7 3 5 16 7 0 2 7 11 0 2 4 11 2 7 16 3 11 0
split_gain=41.0127 25.7065 21.1404 23.499 22.4279 25.9927 24.3366 23.327 22.3589 20.128 18.7854 18.817 37.5929 25.9656 22.1806 17.4292 37.724 32.5842 22.3652 16.5704 38.1158 39.2673 32.1441 27.2575 26.4178 22.9751 16.0552 20.6801 14.5955 14.3273
threshold=2.2357392311096196 -1.417909502983093 0.91597560048103344 0.084933333098888411 -0.97979792952537526 0.7652336359024049 -0.50633293390274037 19.16286659240723 1.6029475927352907 0.25323723256587988 0.14390833675861361 0.18387500196695331 -0.90014243125915516 0.57464274764060985 0.94311287999153148 0.16889166831970218 1.7024857997894289 0.60355338454246532 0.11363333463668825 28.275297164916996 0.76837152242660534 0.37940952181816107 1.0000000180025095e-35 35.54457092285157 -0.7865660786628722 0.29107500612735754 0.70401707291603099 0.43666435778141027 17.748245239257816 1.6580769419670107
decision_type=2 2 2 2 2 2 2 2 2 2 2 2 2 2 2 2 2 2 2 2 2 2 2 2 2 2 2 2 2 2
left_child=1 9 3 -3 7 6 15 8 -5 -1 -4 12 28 14 -14 17 -17 18 -6 -7 24 22 23 -22 -21 -25 -26 -28 -12 -8
right_child=-2 2 10 4 5 19 29 -9 -10 -11 11 -13 13 -15 -16 16 -18 -19 -20 20 21 -23 -24 25 26 -27 27 -29 -30 -31
leaf_value=0.029158564962681922 -0.0067102784703183703 -0.021674289275498394 -0.00314554563113114 0.0095698080390693979 0.016392515305415717 -1.7862441178076516e-05 -0.0056487360902302301 0.0085629099894485375 -0.0078446130179660421 0.0059660684195836453 -0.011065914246638376 0.0026628127807070568 0.035469211408514896 0.0030257011855782195 0.0074640968272527159 -0.0016528439835918132 0.0077702197824875757 -0.017213416410444625 -0.0038265199497444276 0.018014422700202197 0.026186099098462503 -0.019297950354049048 -0.0036372613172139228 0.038165700797984786 -0.0017403932572096969 0.0069915956194438337 0.002290616054477146 -0.026302050649095868 0.0080176478501159838 -0.024563262539736064
leaf_weight=41.57489025965333 795.72232940606773 45.251680567860603 397.43862114474177 98.585766086354852 53.500629067420959 7313.8438383638859 1047.8969071973115 501.09216717071831 197.97617526724935 165.17948481440544 67.026040140539408 1580.9053475596011 87.153855435550213 58.521431535482407 36.677827924489975 2225.6486717425287 460.6355943530798 159.33218474313617 509.77949742972851 41.447459869086742 133.69702533259988 39.715325908735394 102.61001929827034 22.336694002151489 168.31718059256673 252.932302583009 33.873633742332458 67.498426930978894 75.793287824839354 36.444351319223642
leaf_count=358 7497 264 2643 1976 281 89563 9753 5475 2626 2669 612 19516 519 319 239 27072 5487 912 2826 521 1726 504 1436 116 1934 3102 420 632 900 298
internal_value=0 0.000263433 0.000125707 -0.000327209 -0.000253876 -0.000561204 -0.00239395 0.00462215 -0.00204285 0.0107476 0.0027815 0.00401836 0.0105803 0.0195692 0.0273006 -0.00114791 -3.47164e-05 -0.00528041 -0.00188046 0.000446142 0.00437661 0.00910871 0.0113474 0.0151067 -0.00401036 0.00965021 -0.0074493 -0.0168187 -0.000953062 -0.00630649
internal_weight=0 16022.7 15815.9 13512.4 13467.2 12669.5 4493.24 797.654 296.562 206.754 2303.52 1906.08 325.172 182.353 123.832 3408.9 2686.28 722.612 563.28 8176.27 862.428 551.291 511.576 408.966 311.137 275.269 269.689 101.372 142.819 1084.34
internal_count=192196 184699 181672 156924 156660 146583 46629 10077 4602 3027 24748 22105 2589 1077 758 36578 32559 4019 3107 99954 10391 6884 6380 4944 3507 3218 2986 1052 1512 10051
is_linear=0
shrinkage=0.03


end of trees

feature_importances:
day_vs_open=35
day_dist_hi=32
atr_z=27
atr_lvl=24
rv_ratio_60_1440=21
sess_h_cos=19
ma_ema20_dist=18
atr_ratio=14
rv_1440=11
rv_15=5
sess_ny=3
sess_london=1

parameters:
[boosting: gbdt]
[objective: binary]
[metric: auc,binary_logloss]
[tree_learner: serial]
[device_type: cpu]
[data_sample_strategy: bagging]
[data: ]
[valid: ]
[num_iterations: 3000]
[learning_rate: 0.03]
[num_leaves: 31]
[num_threads: 2]
[seed: 42]
[deterministic: 0]
[force_col_wise: 0]
[force_row_wise: 0]
[histogram_pool_size: -1]
[max_depth: -1]
[min_data_in_leaf: 200]
[min_sum_hessian_in_leaf: 0.001]
[bagging_fraction: 0.8]
[pos_bagging_fraction: 1]
[neg_bagging_fraction: 1]
[bagging_freq: 1]
[bagging_seed: 400]
[feature_fraction: 0.8]
[feature_fraction_bynode: 1]
[feature_fraction_seed: 30056]
[extra_trees: 0]
[extra_seed: 12879]
[early_stopping_round: 0]
[early_stopping_min_delta: 0]
[first_metric_only: 0]
[max_delta_step: 0]
[lambda_l1: 0]
[lambda_l2: 1]
[linear_lambda: 0]
[min_gain_to_split: 0]
[drop_rate: 0.1]
[max_drop: 50]
[skip_drop: 0.5]
[xgboost_dart_mode: 0]
[uniform_drop: 0]
[drop_seed: 17869]
[top_rate: 0.2]
[other_rate: 0.1]
[min_data_per_group: 100]
[max_cat_threshold: 32]
[cat_l2: 10]
[cat_smooth: 10]
[max_cat_to_onehot: 4]
[top_k: 20]
[monotone_constraints: ]
[monotone_constraints_method: basic]
[monotone_penalty: 0]
[feature_contri: ]
[forcedsplits_filename: ]
[refit_decay_rate: 0.9]
[cegb_tradeoff: 1]
[cegb_penalty_split: 0]
[cegb_penalty_feature_lazy: ]
[cegb_penalty_feature_coupled: ]
[path_smooth: 0]
[interaction_constraints: ]
[verbosity: -1]
[saved_feature_importance_type: 0]
[use_quantized_grad: 0]
[num_grad_quant_bins: 4]
[quant_train_renew_leaf: 0]
[stochastic_rounding: 1]
[linear_tree: 0]
[max_bin: 255]
[max_bin_by_feature: ]
[min_data_in_bin: 3]
[bin_construct_sample_cnt: 200000]
[data_random_seed: 175]
[is_enable_sparse: 1]
[enable_bundle: 1]
[use_missing: 1]
[zero_as_missing: 0]
[feature_pre_filter: 1]
[pre_partition: 0]
[two_round: 0]
[header: 0]
[label_column: ]
[weight_column: ]
[group_column: ]
[ignore_column: ]
[categorical_feature: ]
[forcedbins_filename: ]
[precise_float_parser: 0]
[parser_config_file: ]
[objective_seed: 16083]
[num_class: 1]
[is_unbalance: 0]
[scale_pos_weight: 1]
[sigmoid: 1]
[boost_from_average: 1]
[reg_sqrt: 0]
[alpha: 0.9]
[fair_c: 1]
[poisson_max_delta_step: 0.7]
[tweedie_variance_power: 1.5]
[lambdarank_truncation_level: 30]
[lambdarank_norm: 1]
[label_gain: ]
[lambdarank_position_bias_regularization: 0]
[eval_at: ]
[multi_error_top_k: 1]
[auc_mu_weights: ]
[num_machines: 1]
[local_listen_port: 12400]
[time_out: 120]
[machine_list_filename: ]
[machines: ]
[gpu_platform_id: -1]
[gpu_device_id: -1]
[gpu_use_dp: 0]
[num_gpu: 1]

end of parameters

pandas_categorical:[]
