tree
version=v4
num_class=1
num_tree_per_iteration=1
label_index=0
max_feature_idx=17
objective=binary sigmoid:1
feature_names=rv_1440 rv_ratio_60_1440 sess_h_cos atr_z atr_ratio sess_london ret_1 atr_lvl ret_5 sess_ny rv_15 ma_ema20_dist ret_15 day_vs_open rng_range_z60 day_dist_hi rng_run rng_close_pos
feature_infos=[0.1964966207742691:5.3406271934509277] [0.15235896408557892:4.0476946830749512] [-1:1] [-2.8223035335540771:6.5767936706542969] [0.17285077273845673:4.9321832656860352] [0:1] [-15.432802200317383:9.5780954360961914] [0.05053333193063736:2.9288332462310791] [-18.052391052246094:28.577566146850586] [0:1] [0.17930012941360474:7.419245719909668] [-16.004751205444336:23.362424850463867] [-18.747152328491211:28.804267883300781] [-214.50392150878906:307.9952392578125] [-2.4631271362304688:7.355560302734375] [0:237.50221252441406] [-10:10] [0:1]
tree_sizes=3382 3510 3523 3507 3527 3506 3516 3490 3510 3489 3501 3530 3518 3528 3514 3512 3528 3511 3482

Tree=0
num_leaves=31
num_cat=0
split_feature=3 1 13 2 0 13 3 7 3 13 15 15 7 3 2 7 13 15 13 9 10 2 8 3 1 3 13 13 12 15
split_gain=52.2757 41.9661 33.2342 28.6402 31.1428 35.8245 29.3412 28.8912 38.5623 26.5886 32.9726 27.0655 24.8832 24.0008 38.4806 39.289 33.1315 23.5652 21.9872 21.8884 23.3476 21.5594 21.0698 21.0001 19.9424 19.1919 45.1384 33.3121 23.2486 19.055
threshold=2.1437113285064702 0.43058723211288458 98.117668151855483 0.91597560048103344 1.1145638227462771 18.996223449707035 -1.1096366643905637 0.2642416656017304 -0.20309265702962873 53.817388534545906 53.716659545898445 1.4013663530349734 0.3920916765928269 -0.54788827896118153 0.60355338454246532 0.15899166464805606 -19.317280769348141 12.993663787841799 42.995750427246101 1.0000000180025095e-35 0.41194571554660803 0.60355338454246532 -2.1570039987564082 -1.3715481162071226 1.0180557370185854 2.7230319976806645 -2.5133587121963497 11.483850479125978 1.2064918279647829 19.387652397155765
decision_type=2 2 2 2 2 2 2 2 2 2 2 2 2 2 2 2 2 2 2 2 2 2 2 2 2 2 2 2 2 2
left_child=1 2 9 4 5 7 21 8 -3 11 -11 -1 13 14 16 -16 -8 -10 29 -7 -21 -6 -18 -4 -5 26 -2 -27 -29 -13
right_child=25 3 23 24 6 19 12 -9 17 10 -12 18 -14 -15 15 -17 22 -19 -20 20 -22 -23 -24 -25 -26 27 -28 28 -30 -31
leaf_value=0.65767726940884352 0.67732782986106732 0.65991075458479198 0.66121299695623048 0.67324013407834082 0.66098387551081106 0.68684403979822284 0.68372917658724042 0.67519808990602603 0.66816930466888336 0.66581059113275254 0.6290805404955111 0.67627209438211566 0.67117462079179646 0.68256203510900904 0.70511752184079324 0.68165409132634336 0.66348643663390483 0.69122158876095574 0.69345063738941715 0.64633674330253121 0.67843831211029659 0.68217641550704511 0.67507470530865366 0.69309724899866476 0.65933188343733518 0.68157321008640226 0.69672619924801638 0.63517364862580972 0.67683303039685228 0.66892242800520396
leaf_weight=123.53709930181503 205.11505983024836 257.51250544562936 22.453804984688759 1676.1166199371219 141.66590735688806 363.73115319944918 384.25661029852927 6641.06403282471 86.783257648348808 85.02153106033802 29.075523052364588 500.82018715515733 334.67391945794225 1579.6621733121574 73.900064274668694 457.24176630750299 156.18579796142876 72.230460442602634 41.828056141734123 20.465955689549446 406.40841425955296 61.301232744008303 1391.3187679573894 91.394358130171895 97.286804340779781 368.68147625401616 227.286765569821 24.229408152401447 23.008002834394574 865.80171141959727
leaf_count=1209 2081 1518 295 18511 2175 4197 3778 84760 483 1045 232 5650 6570 12102 392 5641 1638 367 359 294 5951 921 14399 905 1124 3964 2434 247 272 8372
internal_value=0.675916 0.675492 0.671124 0.676034 0.676543 0.675395 0.678508 0.674717 0.667062 0.670038 0.656125 0.671086 0.679026 0.679677 0.677824 0.684967 0.675856 0.678671 0.672275 0.681447 0.676834 0.667384 0.673898 0.686736 0.672468 0.68313 0.687549 0.67852 0.655063 0.671614
internal_weight=0 15961.7 1759.93 14201.8 12428.4 7848.2 4580.21 7057.59 416.526 1646.08 114.097 1531.99 4377.24 4042.57 2462.9 531.142 1931.76 159.014 1408.45 790.606 426.874 202.967 1547.5 113.848 1773.4 848.321 432.402 415.919 47.2374 1366.62
internal_count=191886 182888 18067 164821 145186 97570 47616 87128 2368 16867 1277 15590 44520 37950 25848 6033 19815 850 14381 10442 6245 3096 16037 1200 19635 8998 4515 4483 519 14022
is_linear=0
shrinkage=1


Tree=1
num_leaves=31
num_cat=0
split_feature=4 13 15 12 13 4 13 13 7 4 1 2 13 15 2 7 7 13 13 15 1 12 15 10 1 7 4 7 10 7
split_gain=45.949 36.8862 58.5361 34.3839 32.1948 28.6785 52.7244 54.8592 34.2991 27.0017 44.2414 28.792 35.3705 25.6596 25.3146 27.4257 25.9646 55.5555 25.4334 23.5665 23.4092 21.0321 25.6142 26.9834 21.0245 54.4547 19.9016 19.7634 25.7732 19.6753
threshold=0.49111714959144598 18.996223449707035 28.726317405700687 1.9002916812896731 132.46751403808597 2.2357392311096196 11.984290599823 -2.106757283210754 0.84999999403953563 0.77601453661918651 0.81622749567031871 0.91597560048103344 10.766929149627687 2.875500082969666 1.0000000180025095e-35 0.20590833574533465 0.29107500612735754 9.0425496101379412 0.76408174633979808 17.748245239257816 0.71333929896354686 -0.7605643868446349 36.445598602294929 0.5621623992919923 0.43859188258647924 0.19147499650716784 0.83917865157127391 0.3977916687726975 0.46305057406425482 0.38445833325386053
decision_type=2 2 2 2 2 2 2 2 2 2 2 2 2 2 2 2 2 2 2 2 2 2 2 2 2 2 2 2 2 2
left_child=4 5 13 -4 19 9 7 -7 -9 11 14 12 27 -3 16 -16 17 20 -18 -1 -11 -21 23 -23 25 -13 -22 28 -2 -15
right_child=1 2 3 -5 -6 6 -8 8 -10 10 -12 24 -14 29 15 -17 18 -19 -20 21 26 22 -24 -25 -26 -27 -28 -29 -30 -31
leaf_value=-0.0005943233221156072 0.016514367258785953 0.012480108981867586 -0.022692094491004493 0.01306330950563331 0.015708500452249186 0.00017724737788875388 -0.01849855900879813 0.03470123311611463 0.011668191475567923 0.0036454051886838121 9.3825487040049421e-05 -0.043031812496215981 -0.0046956696453822298 0.0065768175910083911 -0.033041319058026132 -0.0007560963049956373 -0.0091894078642066491 -0.048559871460131236 0.00045048861964641591 -0.012488649390855118 -0.029902286612460981 -0.038595666426915531 -0.0015238570369034362 -0.0088141012352315473 -0.0017705763281137092 0.0095457487966183821 -0.0047490111202168001 -0.004785230497760618 0.0039910853614597737 -0.0019395189973553141
leaf_weight=722.62945819087327 155.89973648823798 437.50969538278878 102.07869415357709 30.907434407621622 69.516925180330873 370.82891882397234 73.049387808889151 74.937829531729221 258.0934803429991 71.041596293449402 5416.31038107723 37.235597483813763 485.78284702450037 785.14312254823744 23.213493898510933 1079.2842071689665 677.64548332802951 39.932536944746971 386.52391879074275 461.20788012631238 60.269718967378139 32.477768342941999 623.66245935112238 156.33252658322453 927.76538115926087 32.493815347552299 53.453524060547352 212.06856293790042 2621.6517447270453 353.58068677783012
leaf_count=7860 1689 5240 830 250 761 3338 681 435 2776 398 66384 198 5778 7488 140 11403 9180 224 5783 4574 327 359 5980 1590 10349 454 275 4464 26834 6060
internal_value=0 0.000554195 0.00469706 -0.0143467 -0.00422166 1.15776e-05 0.00559755 0.00812103 0.0169394 -0.000342236 -0.00140691 0.00151611 0.00280548 0.00631184 -0.00480461 -0.0014652 -0.0076578 -0.0169065 -0.0056909 -0.0049232 -0.00984085 -0.00737682 -0.00446326 -0.0141133 -0.00297455 -0.0187422 -0.0182239 0.0040255 0.00469969 0.00393306
internal_weight=0 14766.7 1709.22 132.986 2065.83 13057.5 776.91 703.86 333.031 12280.6 7807.67 4472.9 3475.4 1576.23 2391.36 1102.5 1288.87 224.697 1064.17 1996.31 184.765 1273.68 812.473 188.81 997.495 69.7294 113.723 2989.62 2777.55 1138.72
internal_count=192102 170978 19868 1080 21124 151110 7230 6549 3211 143880 94114 49766 38765 18788 27730 11543 16187 1224 14963 20363 1000 12503 7929 1949 11001 652 602 32987 28523 13548
is_linear=0
shrinkage=0.03


Tree=2
num_leaves=31
num_cat=0
split_feature=3 3 13 11 13 3 1 11 13 3 13 15 11 13 4 1 11 2 15 15 15 3 15 13 5 2 4 15 10 2
split_gain=42.9213 28.92 31.7032 26.2215 31.4894 28.7967 24.9654 23.5779 19.3059 19.0179 18.8631 69.7662 33.8525 36.4141 29.0501 37.0328 35.1858 31.1193 26.3473 31.0493 29.1284 33.7713 22.2741 35.762 19.1792 30.9621 25.9408 20.0049 21.3348 18.726
threshold=2.1437113285064702 -1.417909502983093 83.475940704345717 0.48394787311553961 11.984290599823 2.591016530990601 0.43058723211288458 0.11005892232060434 53.817388534545906 -1.5484282374382017 17.784320831298832 30.215971946716312 -0.041412120684981339 40.29127502441407 0.76883253455162059 0.82381483912467968 -0.89612156152725209 1.0000000180025095e-35 23.239370346069339 31.327063560485843 18.961053848266605 -0.55376875400543202 7.0614726543426523 -7.7000093460082999 1.0000000180025095e-35 -0.91597560048103321 0.61995446681976329 3.2488337755203252 0.78585460782051098 0.91597560048103344
decision_type=2 2 2 2 2 2 2 2 2 2 2 2 2 2 2 2 2 2 2 2 2 2 2 2 2 2 2 2 2 2
left_child=1 8 6 4 -2 -6 -3 -4 -1 -10 14 24 13 -13 16 17 -8 -16 20 -20 -18 -22 -19 -24 27 26 -26 28 -12 -21
right_child=3 2 7 -5 5 -7 10 -9 9 -11 11 12 -14 -15 15 -17 18 22 19 29 21 -23 23 -25 25 -27 -28 -29 -30 -31
leaf_value=-0.0044725043947618746 0.0048016210217986131 -0.0040723655646535207 0.0028319960280142119 0.014040785654926023 0.0025040942278965177 -0.04716050961609692 -0.0027319517041119244 0.02484330442782114 -0.0044880297044451725 -0.035382741631431056 0.014122676681752495 -0.041306020025652673 -0.0010382427904662101 -0.0026893311830671076 -0.0075450460662104361 -8.9494542633743651e-05 0.0023428318492888234 -0.0048634002983556461 0.019546421154219028 0.0070166805410202711 -0.023652815886377365 0.0074161950886234137 -0.0047776776000785304 0.01021942922955396 -0.032934530429919978 0.016135531115684287 0.004109545542247869 0.00028497706042937755 -0.0017227695276607617 -0.0063581792615291189
leaf_weight=129.29561141319573 520.18079092167318 1508.7284642513841 102.52006526105106 279.20040114782751 20.931773830205202 19.906275529414415 1260.968613428995 75.85295581817627 29.511524386703968 46.024979650974274 227.19326533377171 59.625453079119325 82.75868914462626 34.703810235485435 1384.0602562278509 5210.6933940909803 2142.8130461815745 623.42243910580873 159.60959147289395 602.73303463496268 83.276119478046894 49.652257824316621 264.32888598740101 309.88009249977767 17.802322458475828 279.95634103752673 177.83003782853484 887.89168153144419 114.72371427342296 110.82349271699786
leaf_count=2181 5431 14942 1004 3116 246 187 13751 749 367 475 2799 516 663 281 17310 63011 24551 6299 2018 5942 1067 415 3077 3281 153 2670 2122 11039 1466 978
internal_value=0 -0.000407643 -0.000261819 0.00654492 0.00279614 -0.0222532 -0.000406046 0.0122786 -0.0115801 -0.0235288 -1.30568e-05 0.00278129 -0.015089 -0.0272762 -0.000444343 -0.00154544 0.00150124 -0.00448284 0.00319674 0.0076239 0.0014955 -0.012079 -0.000940619 0.00331942 0.00464469 0.00975484 0.000588227 0.00266219 0.00881652 0.00493342
internal_weight=0 15976.7 15771.8 840.219 561.019 40.838 15593.5 178.373 204.832 75.5365 14084.7 1882.49 177.088 94.3293 12202.3 7792.39 4409.88 2581.69 3148.91 873.166 2275.74 132.928 1197.63 574.209 1705.4 475.589 195.632 1229.81 341.917 713.557
internal_count=192107 183127 180104 8980 5864 433 178351 1753 3023 842 163409 21709 1460 797 141700 92978 48722 29967 34971 8938 26033 1482 12657 6358 20249 4945 2275 15304 4265 6920
is_linear=0
shrinkage=0.03


Tree=3
num_leaves=31
num_cat=0
split_feature=2 3 3 13 4 11 3 2 15 3 2 15 7 0 13 11 13 13 7 3 1 1 4 13 11 7 7 1 15 13
split_gain=42.8651 36.8898 31.2752 44.9557 36.8485 36.0648 31.8146 35.7642 31.1696 27.5616 31.8674 23.252 33.1645 23.9438 24.3538 23.0979 22.8391 23.9329 31.0825 21.9115 21.7649 21.6434 20.8397 35.7169 24.1531 26.4694 21.3263 20.0521 27.1787 22.9569
threshold=0.91597560048103344 2.1437113285064702 -0.96897873282432545 17.029975891113285 0.7652336359024049 0.39521709084510809 -0.50073561072349537 -0.12940952181816107 19.387652397155765 -0.23094447702169416 1.0000000180025095e-35 23.572990417480472 0.15899166464805606 1.7534537315368655 23.252041816711429 0.49934151768684393 11.984290599823 -3.1918611526489253 1.1599416732788088 2.591016530990601 0.56950885057449352 0.65230694413185131 0.49605108797550207 10.527556896209719 -1.0376189947128294 0.1751416698098183 0.18090832978487018 0.39808961749076849 7.0614726543426523 -26.568370819091793
decision_type=2 2 2 2 2 2 2 2 2 2 2 2 2 2 2 2 2 2 2 2 2 2 2 2 2 2 2 2 2 2
left_child=1 2 5 4 6 8 7 -4 -1 10 -6 -5 -13 14 -14 16 17 -3 -19 -18 -10 -16 27 24 -24 -26 -25 28 -9 -30
right_child=-2 15 3 11 9 -7 -8 22 20 -11 -12 12 13 -15 21 -17 19 18 -20 -21 -22 -23 23 26 25 -27 -28 -29 29 -31
leaf_value=6.4679613250244404e-05 -0.0038729719101929677 -0.0010700296117603283 -0.0092915510949449377 0.0057930837517471516 -0.0090618488813979225 0.0017697755795511192 0.0074640677887070272 -0.023531741575264095 -0.01692773210296317 -0.00055240755562009039 -0.0002743776605846205 0.01755634741313462 -0.027317012432865623 -0.037447706437527692 0.0085325359498526539 0.013590795690462513 0.0032584745237496039 0.020604859264544959 -0.0012276472177278892 -0.039286677624634017 0.0074305620602121529 -0.021571611844594128 -0.0015653810673603794 -0.041288249993348888 0.0171633497638768 0.0048404954034266603 -0.0064385627699899686 -0.0099220746250565494 -0.0058475204988334096 0.014749338430867249
leaf_weight=192.32317979261279 2389.6203672308475 288.71581698395312 288.04341903328896 1755.9394288733602 827.66078933887184 410.90418636612594 809.17371411621571 30.308623090386391 354.99948089756072 5672.402702037245 673.23397391289473 46.901387013494968 35.298195788636804 24.626541510224342 84.259233450517058 278.45486095361412 21.688635153695941 142.90824982337654 98.924285052344203 20.60845697671175 35.829989496618509 27.740713944658637 437.28028306551278 16.977554336190224 182.02028967440128 1111.4701164253056 136.1922832839191 235.47792701609433 80.547469981014729 120.53571829944849
leaf_count=3083 26246 2900 3212 20504 10755 4903 7551 249 3780 67107 8097 276 341 244 728 3111 268 1250 1367 196 566 210 4870 97 971 13533 1943 1937 602 1150
internal_value=0 0.000463925 8.42206e-05 0.000488666 -0.000284268 -0.00503601 0.00226401 0.000667253 -0.00982636 -0.00150931 -0.00512299 0.00464395 -0.00456154 -0.010662 -0.0059614 0.0065183 0.00306274 0.00476445 0.0117058 -0.0178995 -0.0146814 0.000951274 0.00189093 0.00329692 0.0045272 0.00658649 -0.0105441 -0.0037775 0.00249137 0.00651079
internal_weight=0 14441.4 13590.1 12596.1 10621.3 994.057 3448.03 2638.85 583.153 7173.3 1500.89 1974.77 218.826 171.925 147.298 851.3 572.845 530.548 241.833 42.2971 390.829 112 2350.81 1883.94 1730.77 1293.49 153.17 466.87 231.392 201.083
internal_count=192047 165801 156709 144377 122074 12332 36115 28564 7429 85959 18852 22303 1799 1523 1279 9092 5981 5517 2617 464 4346 938 25352 21414 19374 14504 2040 3938 2001 1752
is_linear=0
shrinkage=0.03


Tree=4
num_leaves=31
num_cat=0
split_feature=0 13 13 4 13 15 12 4 15 15 11 1 15 1 2 13 13 2 10 13 15 15 1 13 15 11 15 13 15 13
split_gain=37.1887 31.0849 35.3699 28.4105 43.5925 66.8331 44.1713 32.2237 40.5121 39.6765 29.1228 25.1191 24.8274 24.7365 23.3291 24.0951 23.1096 22.574 22.2378 21.4844 18.9705 18.9351 20.2223 25.6666 18.3839 31.5254 20.9061 25.2373 33.4046 29.1408
threshold=0.44326043128967291 -2.3757553100585933 4.2603344917297372 0.48653230071067816 16.690128326416019 29.720133781433109 -0.20879357308149335 0.77601453661918651 22.579123497009281 31.917741775512699 -1.0376189947128294 0.82381483912467968 19.616701126098636 2.0784665346145634 1.0000000180025095e-35 4.4197485446929941 132.46751403808597 0.37940952181816107 0.51668667793273937 33.399503707885749 2.875500082969666 12.320470333099367 0.93350484967231762 40.29127502441407 17.748245239257816 -0.60194766521453846 36.445598602294929 53.817388534545906 53.716659545898445 40.29127502441407
decision_type=2 2 2 2 2 2 2 2 2 2 2 2 2 2 2 2 2 2 2 2 2 2 2 2 2 2 2 2 2 2
left_child=1 -1 -3 16 7 20 19 8 12 -10 -11 14 -5 -4 -9 -16 24 -14 -15 -7 -6 -22 23 -23 -2 -26 -27 29 -29 -28
right_child=3 2 13 4 5 6 -8 11 9 10 -12 -13 17 18 15 -17 -18 -19 -20 -21 21 22 -24 -25 25 26 27 28 -30 -31
leaf_value=-0.00049961989860473216 -0.00048577259707990048 0.016433190691811175 0.0084731104321337774 0.00013973732591832964 0.01056002846794568 -0.045130287819331635 0.0011390098420703803 -0.0070993186698898514 0.015188752974252774 -0.0060089445900220508 0.0060141473460979498 -0.00064979463422053349 -0.0036361087792332394 -0.024159424647005403 0.0018267684852924936 -0.0076492228689352135 0.013533389235388148 -0.027493773068198533 0.00096494385878476672 -0.011250420689667624 0.0013107253454148194 0.015515866638070121 -0.017984803513646175 -0.00054763108387880823 -0.013697330378245493 -0.012084225219907327 -0.00049446473529986756 0.0022713653601093898 -0.040079287674459597 0.029316912937406122
leaf_weight=565.82729060947895 699.82666257768869 315.38541866652668 276.92568421922624 2987.5900689717382 509.69813736528158 43.278639851137996 71.826414147391915 1319.754601098597 311.04962678439915 246.19387973099947 680.16460577957332 4710.4953644946218 101.0755864623934 44.478959858417511 756.04928052611649 353.6674113124609 66.072197142988443 54.495421912521124 104.45930977724493 28.55825793556869 914.56263512931764 282.12714792974293 22.93515102379024 130.8195065073669 384.46967835910618 192.27298920974135 580.36316862516105 34.201134487986565 31.683722052723169 30.090078193694353
leaf_count=5754 7505 3361 2988 33984 6097 378 588 16454 3822 2415 6766 57912 1119 453 8225 3418 727 607 1072 213 11342 2807 341 1458 3749 1977 5575 378 252 244
internal_value=0 0.00479631 0.00883414 -0.000470596 2.507e-05 0.00410785 -0.0155388 -0.000685357 0.00134006 0.00593576 0.00281579 -0.00192802 -0.000470497 0.00318113 -0.00440509 -0.0011974 -0.00378923 -0.0121155 -0.00664929 -0.032001 0.00563275 0.0037666 0.00890471 0.010438 -0.00438193 -0.00655575 -0.00338259 -0.000894655 -0.0183896 0.00102052
internal_weight=0 1307.08 741.249 15543.3 13524.3 2003.81 143.663 11520.5 4380.57 1237.41 926.358 7139.97 3143.16 425.864 2429.47 1109.72 2018.98 155.571 148.938 71.8369 1860.14 1350.44 435.882 412.947 1952.91 1253.08 868.611 676.338 65.8849 610.453
internal_count=191981 13628 7874 178353 157946 23224 1179 134722 48713 13003 9181 86009 35710 4513 28097 11643 20407 1726 1525 591 22045 15948 4606 4265 19680 12175 8426 6449 630 5819
is_linear=0
shrinkage=0.03


Tree=5
num_leaves=31
num_cat=0
split_feature=3 0 13 7 1 13 11 13 3 3 13 0 13 10 13 7 9 11 1 2 13 3 3 2 3 7 10 11 13 7
split_gain=37.8713 30.2765 31.7894 29.7601 28.8656 26.6359 26.1387 29.9108 26.2974 23.4329 20.554 25.4547 23.0581 19.6541 19.3615 21.5847 19.2813 19.144 18.044 22.685 17.8463 23.0539 22.0337 22.6973 24.4406 28.3352 17.2129 17.0963 16.6455 18.4636
threshold=2.1437113285064702 1.7364844083786013 19.420929908752445 0.20347499847412112 0.60531976819038402 132.46751403808597 0.46901184320449835 11.984290599823 2.7230319976806645 -0.97979792952537526 58.764871597290046 3.2232840061187749 42.995750427246101 0.72028991580009472 8.2478656768798846 0.13955833017826083 1.0000000180025095e-35 0.096788719296455397 0.53373831510543834 0.91597560048103344 14.564322471618654 0.87476760149002086 -0.80707651376724232 -0.6035533845424651 -0.45983722805976862 0.30210833251476293 0.43631884455680853 -0.095612920820713029 -1.8374150991439817 0.86267501115798961
decision_type=2 2 2 2 2 2 2 2 2 2 2 2 2 2 2 2 2 2 2 2 2 2 2 2 2 2 2 2 2 2
left_child=1 2 14 4 9 10 7 28 -9 -4 12 17 18 -11 15 -1 -5 -12 -3 -20 -16 22 27 24 -24 -26 -18 -22 -2 -30
right_child=6 5 3 16 -6 -7 -8 8 -10 13 11 -13 -14 -15 20 -17 26 -19 19 -21 21 -23 23 -25 25 -27 -28 -29 29 -31
leaf_value=0.017086874261689151 3.0910775721357328e-05 -0.0043348784417308129 -0.017231217522966608 0.0098089319905079377 -0.023729904140702543 0.014834806252336026 0.013572154156179368 0.00047373990230770234 -0.046142410771809243 0.019268271843695433 -0.0184871391719394 -0.036799759846604531 0.012132603646533168 -0.0035068197300532488 -0.0047227729480793894 0.00017312993021452675 -0.014410930287058449 0.0015650677268739602 0.023538175952788655 -0.0068133327884733952 -0.042020701250493307 -0.016828951447695646 0.011247191573197797 0.0081627875512426066 -0.024967891165288993 -0.0010595296387216602 0.0038703365470633974 -0.0012806543451791914 0.024024382097054854 0.0048372173922329913
leaf_weight=67.386000752449036 311.41333041898906 1949.7629462890327 48.661411136388779 631.96339936926961 57.639270678162575 68.850544609129429 285.15862283855677 23.156244397163391 19.52942993119359 61.314671512693167 83.072939781472087 32.997274029999971 84.931191232055426 74.756876487284899 1482.6536123435944 9680.2733571697026 48.984917661175132 87.098681820556521 46.843796581029892 40.627727409824729 16.260959092527628 60.268719751387835 80.261652357876301 401.3073193859309 62.111732564866543 152.54056552425027 640.76750290580094 20.16642752289772 65.593345761299133 142.28032911010087
leaf_count=348 3163 18993 307 7399 344 765 3205 280 165 362 863 270 731 441 18035 113403 693 924 324 357 298 880 773 4541 373 2119 9002 403 450 1840
internal_value=0 -0.000314647 0.000233556 0.00425537 -0.00539174 -0.00342457 0.00619073 0.00242777 -0.021422 0.000426977 -0.00397135 -0.0130651 -0.00309501 0.00682148 -0.000289947 0.000291796 0.00602716 -0.00827466 -0.00373548 0.0095232 -0.00278094 0.000851416 0.00232678 0.00352753 -0.00278622 -0.00806135 0.00255305 -0.0201036 0.00442563 0.0109776
internal_weight=0 15981.5 13587.3 1564.09 242.372 2394.19 847.131 561.973 42.6857 184.733 2325.33 203.169 2122.17 136.072 12023.2 9747.66 1321.72 170.172 2037.23 87.4715 2275.57 792.917 732.649 696.221 294.914 214.652 689.752 36.4274 519.287 207.874
internal_count=192051 182948 159721 18548 1454 23227 9103 5898 445 1110 22462 2057 20405 803 141173 113751 17094 1787 19674 681 27422 9387 8507 7806 3265 2492 9695 701 5453 2290
is_linear=0
shrinkage=0.03


Tree=6
num_leaves=31
num_cat=0
split_feature=4 3 2 7 3 11 4 3 4 7 0 2 4 3 11 10 7 7 3 4 10 7 11 7 2 0 2 0 3 7
split_gain=39.37 25.1181 21.8465 23.4852 21.9166 31.7541 27.4867 25.2744 19.8012 17.8143 38.6115 33.6307 23.4927 26.8582 20.0754 16.2242 15.8988 18.7331 37.1591 25.8656 21.9282 15.268 15.0517 14.854 24.0108 20.2524 15.411 38.1068 31.0378 20.1915
threshold=2.2357392311096196 -1.417909502983093 0.91597560048103344 0.084933333098888411 -0.97979792952537526 0.40966944396495825 0.7652336359024049 -0.50633293390274037 0.25323723256587988 0.16889166831970218 1.7024857997894289 0.60355338454246532 0.46110998094081884 -0.73631164431571949 -0.027252604253590103 0.75713998079299938 0.14390833675861361 0.18387500196695331 -0.90014243125915516 0.57464274764060985 0.94311287999153148 0.3329750001430512 0.48394787311553961 0.2306083366274834 0.37940952181816107 1.092535734176636 1.0000000180025095e-35 1.0128827095031741 1.612054765224457 0.27962499856948858
decision_type=2 2 2 2 2 2 2 2 2 2 2 2 2 2 2 2 2 2 2 2 2 2 2 2 2 2 2 2 2 2
left_child=1 8 3 -3 5 -5 7 9 -1 11 -11 12 13 15 -13 -6 -4 18 -18 20 -20 -9 -2 24 -8 -26 27 -25 -28 -29
right_child=22 2 16 4 6 -7 23 21 -10 10 -12 14 -14 -15 -16 -17 17 -19 19 -21 -22 -23 -24 26 25 -27 28 29 -30 -31
leaf_value=-0.028854363942626374 0.003643724407299995 0.0216760866841521 0.0026250485467219846 -0.0093538179178377801 -0.0030158010063284684 0.0028763900863771779 -0.0014481350020119786 0.0084072827965124344 -0.0058763407152083724 0.001688883777524185 -0.0078431778215487507 0.0062704318887705605 0.0059399743772867971 0.015509650199110296 0.027594634293633485 -0.023737361088384947 0.00095343072360515833 -0.002609069197526142 -0.035260071036069207 -0.0029339354581976382 -0.0074247675995728606 3.6177580543548438e-05 0.01239188640140192 -0.00010094047369905349 -0.035090504164063126 -0.0050231698741344056 0.0026050306540470248 -0.016925920488466629 -0.034978179158466703 -0.0047645890587917654
leaf_weight=41.666378183290362 532.63812488876283 45.250377915799618 398.0228255726397 485.48740632086992 68.186256095767021 314.00398442149162 185.41491973400116 829.81502017751336 165.54513123631477 2229.6314453072846 460.60572047717869 76.77731554582715 392.79228794574738 35.712661683559418 83.066082905977964 67.509054005146027 143.02344125322998 1582.0093905646354 87.291683323681355 58.576469011604786 36.691601254045963 256.68428419716656 265.12632494792342 5404.3036814704537 42.193899162113667 38.537907280027866 1794.7286660932004 158.18126966059208 19.000001972541213 545.07446176186204
leaf_count=358 4912 264 2643 6248 401 3829 946 5737 2669 27072 5487 436 2122 200 476 384 1512 19516 519 319 239 4314 2585 70678 238 208 19907 910 208 6859
internal_value=0 -0.000261136 -0.000125041 0.000334908 0.000261708 -0.00455275 0.000565404 0.0024484 -0.0106132 0.00117939 5.45554e-05 0.00535293 0.00189958 -0.00734001 0.0174547 -0.0134231 -0.00282372 -0.00396139 -0.0105042 -0.0194368 -0.0271478 0.00643147 0.00656293 -0.000469884 -0.00742759 -0.0209747 -0.000235205 -0.000956318 0.00219226 -0.00752015
internal_weight=0 16045.8 15838.6 13533 13487.7 799.491 12688.2 4500.78 207.212 3414.28 2690.24 724.044 564.2 171.408 159.843 135.695 2305.62 1907.59 325.583 182.56 123.983 1086.5 797.764 8187.43 266.147 80.7318 7921.29 6107.56 1813.73 703.256
internal_count=192196 184699 181672 156924 156660 10077 146583 46629 3027 36578 32559 4019 3107 985 912 785 24748 22105 2589 1077 758 10051 7497 99954 1392 446 98562 78447 20115 7769
is_linear=0
shrinkage=0.03


Tree=7
num_leaves=31
num_cat=0
split_feature=3 13 11 1 4 15 1 13 13 13 3 11 14 13 1 15 13 7 4 3 15 7 1 3 15 13 15 15 4 11
split_gain=33.2791 24.2414 40.9259 22.1734 21.8445 22.8323 21.4237 19.0564 27.5669 26.1706 21.2587 19.6675 18.213 16.6483 15.9614 15.4725 14.5695 14.2692 18.7297 29.1809 27.0744 21.471 23.2438 18.0296 20.6021 13.3514 22.5136 16.5366 13.1954 15.5903
threshold=2.1437113285064702 -28.78774261474609 -0.94846245646476735 1.1935681700706484 0.25323723256587988 99.200881958007827 0.24398029595613482 11.984290599823 18.578036308288578 -2.3757553100585933 2.7230319976806645 1.0829333662986758 -0.019764177501201626 2.2033454179763798 1.2040808796882632 6.1069097518920907 -5.7463169097900382 0.33859166502952581 0.50075381994247448 -0.92715615034103382 88.147964477539077 0.15899166464805606 0.38739904761314398 -0.74302926659584034 49.692560195922859 16.690128326416019 23.572990417480472 22.579123497009281 1.9883750081062319 -0.21085400879383084
decision_type=2 2 2 2 2 2 2 2 2 2 2 2 2 2 2 2 2 2 2 2 2 2 2 2 2 2 2 2 2 2
left_child=1 2 3 -1 6 12 -3 9 11 15 -11 -9 -6 -12 17 -2 28 18 19 20 -4 22 -21 -20 -25 27 -27 -14 -17 -30
right_child=7 4 14 -5 5 -7 -8 8 -10 10 13 -13 25 -15 -16 16 -18 -19 23 21 -22 -23 -24 24 -26 26 -28 -29 29 -31
leaf_value=-0.014454772461036191 -0.018076952878286354 0.0051092992654410132 0.013883915639127074 0.012303872640365872 0.0010282690892526088 0.023251947239718625 -0.030686790483796324 -0.030450048062077129 0.015548414577392974 0.021233306073241507 0.018004578804375903 0.0032192340178538955 -0.0024704175235029983 -0.00045725539023096988 0.018229142075497404 -0.021564373225658153 0.013943372280975197 -0.0079731682616529 0.01653339685247894 0.0102003301302223 -0.0049223425515188234 -0.030509778308927551 -0.021354265700567608 -0.019652496340953084 0.0050629539650479715 0.0043577663758236247 -0.0070165778716947064 0.0024252546312359211 -0.0038406288691387042 0.011687032576489738
leaf_weight=352.67494930513203 30.343436593189836 23.613512713462114 103.32226135395467 29.505731960758567 8505.5259943157434 37.56112421117723 39.292885357514024 40.207870956510305 32.974133519455791 165.66269267164171 69.181683115661144 24.856504680588841 4272.5841532573104 117.53421602398157 36.867273518815637 21.786290496587753 94.504690991714597 240.18108981102705 97.92935474589467 40.862462550401688 201.93873987905681 50.608688799664378 41.31001478433609 35.019134879112244 192.08620670996606 779.68237722106278 194.97168014012277 725.70491503365338 146.10795744694769 95.345332026481628
leaf_count=3555 277 255 1249 265 98653 329 318 447 377 1794 844 283 49250 1330 376 396 898 3623 959 234 1783 529 225 210 1298 9349 1847 8676 1424 992
internal_value=0 -0.000243783 -0.00398078 -0.0123622 0.000121043 0.000198078 -0.0173801 0.00588393 -0.00649545 0.00752952 0.0134366 -0.0177334 0.000136668 0.00644267 -0.000892228 0.00214526 0.0039061 -0.00161234 0.000397563 -0.00364792 0.0014676 -0.0153314 -0.00572892 0.00584404 0.00118244 -0.00113294 0.00207756 -0.00175927 0.000263518 0.00231386
internal_weight=0 16001.2 1422.31 382.181 14578.9 14516 62.9064 838.505 98.0385 740.466 352.379 65.0644 14478.5 186.716 1040.13 388.088 357.744 1003.26 763.077 438.042 305.261 132.781 82.1725 325.035 227.105 5972.94 974.654 4998.29 263.24 241.453
internal_count=192045 182983 14306 3820 168677 168104 573 9062 1107 7955 3968 730 167775 2174 10486 3987 3710 10110 6487 4020 3032 988 459 2467 1508 69122 11196 57926 2812 2416
is_linear=0
shrinkage=0.03


Tree=8
num_leaves=31
num_cat=0
split_feature=4 1 13 13 13 7 1 2 0 7 13 13 11 4 7 1 13 7 2 7 4 13 13 2 13 7 10 7 1 15
split_gain=36.6215 29.4314 30.8717 22.3324 42.2291 21.1825 32.5805 29.526 19.9332 37.6815 56.3022 32.9125 24.3375 33.7656 21.4798 20.3945 26.2712 44.7612 29.0308 25.8275 43.4073 53.3135 24.58 20.3093 20.1347 19.3466 18.6312 29.2798 26.0855 20.2943
threshold=2.2357392311096196 0.43058723211288458 132.46751403808597 -2.106757283210754 2.9150695800781254 0.99014168977737438 2.1448533535003667 -0.37940952181816096 1.1145638227462771 0.21700832992792132 -3.1918611526489253 17.784320831298832 -0.3088430762290954 0.45035275816917425 0.37169165909290319 0.81622749567031871 9.8617033958435076 0.31005834043025976 1.0000000180025095e-35 0.29107500612735754 0.84634777903556835 -3.8946301937103267 1.1628938913345339 -0.12940952181816107 13.753728389739992 0.098558332771062865 0.82805588841438305 0.13482499867677691 0.72559535503387462 26.131918907165531
decision_type=2 2 2 2 2 2 2 2 2 2 2 2 2 2 2 2 2 2 2 2 2 2 2 2 2 2 2 2 2 2
left_child=1 2 -1 -2 -5 6 -6 -7 9 10 -3 15 13 -10 -13 16 18 23 19 20 21 -11 -21 -18 -19 -14 27 -15 -29 -30
right_child=3 8 -4 4 5 7 -8 -9 12 11 -12 14 25 26 -16 -17 17 24 -20 22 -22 -23 -24 -25 -26 -27 -28 28 29 -31
leaf_value=-0.0046565698655219988 0.00088580768920357123 -0.043280728245709409 0.016582973111783895 0.023642092252853544 0.023756424361952445 -0.0082322558105844042 -0.010607047455639822 0.028808233343756581 -0.017076600625941282 -0.06158267294391262 -0.0027469631186118541 0.011510669651818017 0.03228357870555626 0.029620971989617922 0.0016150751760302963 -0.00011379642683742962 -0.047212508802926961 -0.01257374565630741 0.0018332798926050499 -0.0066246587806392749 0.0040804227741229977 -0.011283518341172008 0.0056804765801340218 -0.017859060395789529 0.00447640662870141 0.0030600434795224063 -0.003452210567260511 0.00053511123745493409 0.031019488872996565 -0.0024993591577085433
leaf_weight=1715.2891289629042 366.24093053489923 45.194770537316799 62.919082373380661 151.69065344147384 82.681487336754799 138.67799657396972 34.624669335782528 21.495977787300944 107.3125765081495 31.410005137324333 93.244286917150021 301.16581022925675 19.528357416391373 32.963959828019142 570.66702265664935 5312.0427145231515 33.449276253581047 129.51731617189944 868.3257552664727 634.84972230531275 48.180825978517532 47.100516829639673 188.84516854770482 61.082136053591967 118.5713017154485 3277.9430537633598 862.68086927570403 1388.4284517932683 44.952208595350385 24.93964758887887
leaf_count=17407 3353 236 725 1521 533 1717 207 215 1095 176 490 2423 105 169 9290 65414 201 1964 10806 8753 252 317 2999 439 1875 34549 8425 15478 372 195
internal_value=0 -0.00025823 -0.00389614 0.00633283 0.0109683 0.00397983 0.0136096 -0.00311338 0.000196217 -0.000728439 -0.0161951 -0.000469952 0.00155829 -0.000698984 0.00504268 -0.00111364 -0.00356982 -0.0111781 -0.00213117 -0.00575143 -0.0183095 -0.0319283 -0.00380004 -0.0286311 -0.00443955 0.00324285 5.4573e-05 0.00208414 0.00144182 0.0191924
internal_weight=0 16020.6 1778.21 795.412 429.171 277.48 117.306 160.174 14242.4 8483.65 138.439 8345.21 5758.75 2461.28 871.833 7473.37 2161.33 342.62 1818.71 950.386 126.691 78.5105 823.695 94.5314 248.089 3297.47 2353.97 1491.28 1458.32 69.8919
internal_count=191701 184155 18132 7546 4193 2672 740 1932 166023 105635 726 104909 60388 25734 11713 93196 27782 4479 23303 12497 745 493 11752 640 3839 34654 24639 16214 16045 567
is_linear=0
shrinkage=0.03


Tree=9
num_leaves=31
num_cat=0
split_feature=4 1 13 13 15 11 4 11 1 15 15 0 15 13 10 15 15 7 7 7 7 13 2 4 3 4 15 7 3 2
split_gain=35.8493 24.03 24.7886 17.8588 45.7103 27.1305 22.9864 33.1432 27.6281 24.6672 38.4529 26.9339 22.798 21.838 19.0514 18.5817 22.4194 19.9643 18.3012 28.3239 18.3635 18.1918 30.5609 21.8024 18.1915 18.163 19.2504 18.1573 17.1681 21.8372
threshold=2.2357392311096196 0.43058723211288458 132.46751403808597 16.690128326416019 23.572990417480472 0.93391147255897533 0.77601453661918651 -0.72776135802268971 0.82381483912467968 22.579123497009281 18.961053848266605 1.3824019432067873 31.917741775512699 -15.440299034118651 1.1146897673606875 13.94261407852173 3.9747025966644292 0.29292500019073492 0.11363333463668825 0.13002499938011172 0.3499750047922135 33.399503707885749 0.37940952181816107 0.5097203552722932 -0.85545399785041798 0.60532408952713024 20.838749885559086 0.20590833574533465 -0.42907227575778956 0.37940952181816107
decision_type=2 2 2 2 2 2 2 2 2 2 2 2 2 2 2 2 2 2 2 2 2 2 2 2 2 2 2 2 2 2
left_child=1 2 -1 6 14 21 7 -3 27 10 28 13 -11 -12 15 16 -5 25 -14 -20 -21 -6 -23 -24 -7 26 -17 -8 29 -9
right_child=-2 3 -4 4 5 24 8 9 -10 12 11 -13 18 -15 -16 17 -18 -19 19 20 -22 22 23 -25 -26 -27 -28 -29 -30 -31
leaf_value=-0.004267770180425328 0.0061955150089705096 -0.0023561863611241832 0.01482748079473143 0.0077312729820672148 -0.020237196575112675 0.024945199188149657 -0.021794170561807089 -0.0037050014192635278 -0.00011163550471082162 0.016914777064745697 -0.027340684232856537 -0.030964278579436986 0.030340118126913725 0.010714214802574762 -0.0094690006062879417 0.016773399181063457 0.00030575192676790108 0.0014464134023340948 -0.028184405647178966 0.0070398815306177039 -0.0083909989507365522 0.012013217164253827 -0.0047688981867085832 -0.041425610974044 -0.0081921419733288411 0.026244517038032603 -0.015601157394327898 -0.0036060490836133164 0.0093670185412671487 0.0034779077197111033
leaf_weight=1723.2227117288858 798.86730080284178 1467.1561094522476 62.473809536546469 678.38708319142461 128.30185992829502 32.178386397659779 49.490818589925766 546.50270457006991 5172.7396243307739 179.07584811002016 19.113870987668633 52.815409542992711 23.58817645907402 40.744260231032968 83.984858095645905 52.409698210656643 793.3627509418875 100.69094543904066 22.805754812434316 563.98176173307002 78.274924291297793 56.188232272863388 40.289096483960748 22.182229017838836 26.383398501202464 103.62232615239918 23.031026920303702 2390.6809265837073 272.152378173545 1251.3468835875392
leaf_count=17490 7571 16051 714 8323 1109 301 266 6641 63352 2245 221 513 128 521 933 569 9910 1555 132 5077 1502 426 378 223 214 704 217 27810 2479 14592
internal_value=0 -0.000311895 -0.00359178 9.87194e-05 0.0026241 -0.00810256 -0.000347187 0.00134791 -0.00135311 0.00312966 0.00142725 -0.0155623 0.00740533 -0.00168704 0.00441303 0.0050837 0.00373139 0.0121594 0.00491157 0.00396548 0.00514912 -0.0124493 -0.00392971 -0.0182325 0.0101292 0.018142 0.00681509 -0.00398371 0.00235909 0.00129363
internal_weight=0 16057.2 1785.7 14271.5 2141.01 305.523 12130.5 4517.56 7612.91 3050.4 2182.68 112.674 867.726 59.8581 1835.49 1751.5 1471.75 279.754 688.651 665.062 642.257 246.961 118.66 62.4713 58.5618 179.063 75.4407 2440.17 2070 1797.85
internal_count=192167 184596 18204 166392 24862 2651 141530 50102 91428 34051 24967 1255 9084 742 22211 21278 18233 3045 6839 6711 6579 2136 1027 601 515 1490 786 28076 23712 21233
is_linear=0
shrinkage=0.03


Tree=10
num_leaves=31
num_cat=0
split_feature=2 3 3 11 1 7 15 1 1 7 10 15 10 3 7 4 2 15 7 3 15 12 7 4 2 3 0 15 7 2
split_gain=30.5641 27.0632 23.4771 20.3335 20.3572 18.04 26.6468 32.8253 34.182 16.0763 22.1615 21.3211 26.6329 19.8509 21.9325 21.0048 17.0681 15.8808 18.7868 17.6775 27.3979 15.5959 15.5091 22.0017 24.1106 17.9782 14.9009 16.8731 17.3902 14.4776
threshold=0.91597560048103344 2.1437113285064702 -1.417909502983093 0.52902045845985424 2.6130520105361943 0.084933333098888411 93.139846801757827 0.45464149117469793 0.39808961749076849 0.33482499420642858 0.62851998209953319 5.6151409149169931 0.44130149483680731 -1.0205878615379331 0.16889166831970218 0.46668340265750891 0.60355338454246532 13.810501098632814 1.013333320617676 2.7230319976806645 6.1069097518920907 6.1735877990722665 0.91775834560394298 1.9211148619651797 -0.91597560048103321 1.7406145930290224 0.76416912674903881 9.738584518432619 0.45219166576862341 0.60355338454246532
decision_type=2 2 2 2 2 2 2 2 2 2 2 2 2 2 2 2 2 2 2 2 2 2 2 2 2 2 2 2 2 2
left_child=1 2 -1 4 17 -4 9 8 -8 10 13 12 29 15 -15 -7 -17 19 -19 -3 -21 22 23 25 -25 -14 27 28 -2 -11
right_child=26 3 5 -5 -6 6 7 -9 -10 11 -12 -13 21 14 -16 16 -18 18 -20 20 -22 -23 -24 24 -26 -27 -28 -29 -30 -31
leaf_value=-0.012769769321127814 -0.031119976879261938 0.014705874492504187 0.019314845955249484 0.012658091955757575 -0.0088746876148378534 0.0030411860704274455 -0.0080130770210648759 0.0055567748901246116 -0.036268899664949256 -0.0052745278617947963 0.00045254490430495263 -0.0014761325885367222 0.0038162718353275077 0.015797012023702987 0.0042876626991398816 -0.026050617068570148 0.010023356038363665 -0.012577729453872139 0.0093814265293666686 -0.018927514708303502 0.010699020022161916 -0.010996293228058078 -0.0061273970886933007 -0.00022116463833445369 0.028070244784671045 -0.023632180082494354 -0.0025917825675114197 0.011362555987212784 -0.0034412125433507302 -0.02868255397433352
leaf_weight=122.56382169574499 49.483625657856464 194.57746153697371 44.070319138467312 265.2485559117049 110.89501687884331 108.49003199674189 143.38986915536225 97.445431906729937 52.130697650834918 100.83793687075377 4184.205700872466 5169.5355465952307 1563.2858921252191 165.19691875204444 1461.7396343145519 52.545606998726726 14.557406231760977 78.976517142727971 61.497017178684473 42.775236463174224 77.41838320158422 67.599562291055918 136.28749524243176 44.294925525784492 68.819413986057043 20.791084634140134 2278.6635560058057 18.353165777400136 34.778240608051419 30.389681840315461
leaf_count=1523 389 1982 265 2999 1002 1215 1100 961 467 1204 34983 74300 21806 935 12662 715 329 735 830 517 893 937 2398 263 471 244 24899 224 557 379
internal_value=0 0.000567944 0.000247635 0.00581956 0.00259889 0.000366529 0.00030316 -0.00863011 -0.015693 0.00050224 0.0016509 -0.000452715 0.00214998 0.00443085 0.00546529 -0.00513032 -0.0181924 0.00540712 -0.00296601 0.00914137 8.61714e-05 0.00305405 0.00357779 0.00436029 0.0170866 0.00344133 -0.00309899 -0.0142283 -0.0198702 -0.0108713
internal_weight=0 14479.6 13648.2 831.388 566.14 13525.6 13481.5 292.966 195.521 13188.6 5986.74 7201.84 2032.31 1802.53 1626.94 175.593 67.103 455.245 140.474 314.771 120.194 1901.08 1833.48 1697.19 113.114 1584.08 2381.28 102.615 84.2619 131.228
internal_count=192184 166115 157157 8958 5959 155634 155369 2528 1567 152841 50839 102002 27702 15856 13597 2259 1044 4957 1565 3392 1410 26119 25182 22784 734 22050 26069 1170 946 1583
is_linear=0
shrinkage=0.03


Tree=11
num_leaves=31
num_cat=0
split_feature=3 11 13 3 2 3 0 7 11 13 15 7 7 2 3 11 10 13 13 1 13 2 15 15 7 3 15 0 15 3
split_gain=28.5913 23.9376 28.6674 21.9684 18.421 17.6047 34.3214 30.1854 28.3835 26.1699 26.0949 20.596 20.1172 37.9493 35.4255 19.8252 18.9715 18.5497 32.6005 30.8542 28.6146 23.8253 23.8134 18.2105 16.0528 24.6429 18.3385 23.6558 57.9373 25.8994
threshold=2.1437113285064702 0.49934151768684393 11.984290599823 2.7230319976806645 0.91597560048103344 -0.96897873282432545 1.1310133934020998 0.20347499847412112 0.38122090697288519 19.420929908752445 19.387652397155765 0.37169165909290319 0.27770833671092993 1.0000000180025095e-35 -0.2872221171855926 -0.323294848203659 0.38776618242263799 -23.386149406433102 -14.110671043395994 1.3592329621315005 -7.7000093460082999 -0.7865660786628722 44.797674179077156 51.614500045776374 0.33114166557788854 -0.54788827896118153 39.435468673706062 1.6729069948196413 18.536044120788578 -0.84661731123924244
decision_type=2 2 2 2 2 2 2 2 2 2 2 2 2 2 2 2 2 2 2 2 2 2 2 2 2 2 2 2 2 2
left_child=4 2 -2 -4 5 8 7 -7 10 12 -1 -11 13 14 -9 -8 -17 19 22 23 -20 -22 -19 -14 25 26 27 -18 -29 -30
right_child=1 -3 3 -5 -6 6 15 9 -10 11 -12 -13 17 -15 -16 16 24 18 20 -21 21 -23 -24 -25 -26 -27 -28 28 29 -31
leaf_value=0.001195365443579134 0.0039157726597697957 0.012833652473739529 -0.0010890270450202545 -0.044784470923994867 -0.0025508042041881818 -0.020868218836562594 0.00036096420398849853 -0.028786057605585426 0.002429364509393872 0.011442138898527373 -0.0122917250575482 0.0011801787246831581 -0.012073652537195978 0.0007170691392973706 -0.0059697800990715748 0.021982745748942798 0.0039208959346966141 0.0066820240561801542 -0.0057630612798769045 0.013411115492289728 -0.0030706488494943395 0.001620493515383645 -0.028953420719127189 0.00051231244245109454 -0.001248386095317289 0.009669463283318247 0.0088580999024349804 0.0020937582848254309 0.00025779027324913251 -0.03444064121984191
leaf_weight=193.06903897598386 528.17506245337427 272.89373943209648 21.770986221730709 18.838131813332438 2391.5475207250565 64.385910958051682 1911.9172378852963 99.526612937450409 417.98197479173541 274.3182828258723 387.73616605438292 488.78773524425924 344.95597019977868 309.20203319191933 158.52414675056934 52.975322302430868 757.32721844688058 727.47754811495543 884.53022533841431 65.912674892693758 1424.3742340151221 3078.4408703073859 16.305772475898266 147.49770394898951 435.49365978315473 703.28409036621451 344.80811957456172 252.40220739319921 26.511938536539674 70.623503744602203
leaf_count=3068 5557 3124 269 162 26142 334 18802 610 4979 2235 4285 8041 4459 1869 828 538 7461 9151 11378 626 18411 39830 125 1816 7865 4761 2691 2218 222 505
internal_value=0 0.00554654 0.00203391 -0.021948 -0.00012279 0.000303128 0.000606212 -0.000567294 -0.00352915 -0.00040173 -0.00781405 0.00487925 -0.000957664 -0.00637683 -0.0148469 0.00268847 0.00437111 -0.000497248 -2.01124e-05 -0.00572702 -0.000833275 0.000136193 0.00586297 -0.00831056 0.00400261 0.00506386 0.00282749 0.00094255 -0.00550327 -0.025064
internal_weight=0 841.678 568.784 40.6091 16029.9 13638.4 12639.6 8084.24 998.787 8019.85 580.805 763.106 7256.75 567.253 258.051 4555.34 2643.43 6689.49 6131.13 558.366 5387.35 4502.82 743.783 492.454 2590.45 2154.96 1451.67 1106.86 349.538 97.1354
internal_count=192362 9112 5988 431 183250 157108 144776 99713 12332 99379 7353 10276 89103 3307 1438 45063 26261 85796 78895 6901 69619 58241 9276 6275 25723 17858 13097 10406 2945 727
is_linear=0
shrinkage=0.03


Tree=12
num_leaves=31
num_cat=0
split_feature=2 3 11 3 13 11 13 3 5 13 3 15 2 0 0 13 15 11 13 3 15 13 0 2 10 13 13 13 5 0
split_gain=32.1725 23.403 26.4583 18.5288 20.0343 19.1982 22.0313 18.4494 16.6179 15.4923 21.8829 19.8458 14.5874 14.0473 13.7143 24.9787 72.3625 52.6666 28.2347 27.0174 25.6065 38.1941 25.9111 32.5048 23.8465 18.4815 29.5116 29.243 27.7694 26.4198
threshold=0.91597560048103344 -1.1802174448966978 0.45483458042144781 2.1437113285064702 29.698324203491214 0.5584160089492799 11.984290599823 2.591016530990601 1.0000000180025095e-35 -1.8374150991439817 2.7230319976806645 6.2764081954956064 -0.91597560048103321 0.61141756176948558 1.1310133934020998 10.766929149627687 30.76459884643555 0.69892433285713207 14.564322471618654 -0.75637361407279957 93.139846801757827 -26.568370819091793 1.7867897152900698 0.60355338454246532 0.63577187061309826 -23.386149406433102 -13.473829746246336 -7.7000093460082999 1.0000000180025095e-35 1.0128827095031741
decision_type=2 2 2 2 2 2 2 2 2 2 2 2 2 2 2 2 2 2 2 2 2 2 2 2 2 2 2 2 2 2
left_child=1 2 -1 4 14 6 9 -8 -6 11 -11 -5 -10 -2 25 20 18 -18 19 -17 -16 22 -22 -24 -20 -3 -27 -28 -29 -30
right_child=13 3 -4 5 8 -7 7 -9 12 10 -12 -13 -14 -15 15 16 17 -19 24 -21 21 -23 23 -25 -26 26 27 28 29 -31
leaf_value=-0.01288165822325031 -0.028740025152211555 -0.0057337885095889458 0.0021467081526665003 -0.027383876680131161 0.0034001398849248352 0.011942553043881712 0.0018492671987432533 -0.03646423233655012 0.00090007178981999923 0.019854647724684784 0.00087942335498961252 0.0015919706410874404 0.025292884429563678 -0.0030086666776891488 0.0033361031911501621 0.01000764563757434 -0.038904839910512926 0.0053230249955233478 0.012030608754088278 -0.013659182777830636 0.0024875329529058725 0.027919556923322236 -0.033028490066585085 -0.0042864732502666241 -0.0005323036520961886 0.0049602829352861696 -0.0059796437229050333 0.0016107115118764817 -0.0013577372762276487 -0.010706066836064237
leaf_weight=242.16480113007128 18.26468975096941 583.69263369776309 185.70463020354509 21.919350696727633 775.28129898197949 253.89337124675512 21.613242484629154 22.521906347945333 34.345519991591573 103.04399854689837 115.53481242991984 295.29902400448918 61.091596039012074 2381.0330297779292 3311.5826472863555 55.213470477610826 77.66308051161468 34.701979441568255 202.50538475811481 192.04012046381831 86.40215658582747 25.043560184538364 68.340998854488134 73.077155066654086 409.60260633938015 878.77991988882422 878.51816681027412 3348.267959099263 1773.6630598343909 320.47763378918171
leaf_count=3018 179 7012 2157 200 8934 2915 266 198 365 1088 1333 3016 527 26000 34050 894 593 280 2241 1860 868 163 505 613 4337 10506 10907 41022 22717 3332
internal_value=0 0.000534108 -0.00636922 0.000745164 0.000470804 0.00507951 0.0020595 -0.0180766 0.00486597 0.00374875 0.00987454 -0.000489982 0.0166149 -0.00321644 0.000159794 0.00147076 -0.00279093 -0.0253194 0.000180764 -0.00835519 0.00263302 -0.00655161 -0.0104464 -0.0183106 0.00363676 -0.000604329 -0.000187736 -0.000904121 -8.38781e-05 -0.00279279
internal_weight=0 14452 427.869 14024.1 13190.3 833.826 579.932 44.1351 870.718 535.797 218.579 317.218 95.4371 2399.3 12319.6 4536.17 971.727 112.365 859.362 247.254 3564.45 252.864 227.82 141.418 612.108 7783.4 7199.71 6320.93 5442.41 2094.14
internal_count=192096 165917 5175 160742 151726 9016 6101 464 9826 5637 2421 3216 892 26179 141900 46404 10205 873 9332 2754 36199 2149 1986 1118 6578 95496 88484 77978 67071 26049
is_linear=0
shrinkage=0.03


Tree=13
num_leaves=31
num_cat=0
split_feature=4 2 13 13 7 7 10 15 12 13 13 13 13 15 5 7 13 13 7 4 4 10 15 13 13 13 13 7 13 13
split_gain=32.5341 25.125 17.202 37.5086 29.0831 19.8661 16.1455 15.2217 49.8734 34.9035 67.568 35.9388 26.326 31.2665 22.6591 22.4724 20.9284 19.9523 17.1297 25.1546 17.1824 16.8786 15.7628 15.5888 15.5304 18.5027 16.2976 30.9949 16.2035 17.3981
threshold=2.2357392311096196 0.91597560048103344 -2.3757553100585933 8.6559844017028826 1.0628833174705508 0.83792501688003551 0.51404768228530895 30.215971946716312 0.59415265917778026 6.8047738075256357 32.033050537109382 -9.6645131111145002 16.690128326416019 22.274933815002445 1.0000000180025095e-35 0.17797499895095828 58.764871597290046 -23.386149406433102 0.32210834324359899 1.1454923152923586 0.46110998094081884 0.69033309817314159 4.3309767246246347 -52.301410675048821 5.6596276760101327 13.753728389739992 10.305838584899904 0.15530833601951602 -7.7000093460082999 -10.602469921112059
decision_type=2 2 2 2 2 2 2 2 2 2 2 2 2 2 2 2 2 2 2 2 2 2 2 2 2 2 2 2 2 2
left_child=1 7 -2 5 -5 -4 -6 12 9 11 -11 -9 13 14 24 -16 18 -15 20 -20 21 -10 -14 -23 28 26 -26 -28 29 -1
right_child=2 -3 3 4 6 -7 -8 8 16 10 -12 -13 22 17 15 -17 -18 -19 19 -21 -22 23 -24 -25 25 -27 27 -29 -30 -31
leaf_value=0.0014603549863476002 0.0010387481410989313 -0.0031135554798191697 0.032450522478942034 0.010157034963509637 -0.035370578736341064 0.012407536808391307 -0.0055729702315479553 -0.0051515528851564137 -0.0096666602833424455 -0.034495056673712138 -0.00033229496194164463 0.011422908665732406 0.0070987782839481046 -0.0054678932967689581 -0.030798242308233397 -0.0025653465823782667 -0.016072027220931626 0.0067770022682717718 -0.0069643717524567293 0.013835278092184964 0.011820313173920405 -0.0046145610808610328 0.0016861353569763327 0.014959391698164758 -0.0010016117914817117 0.0040771394306891176 0.030213139028089923 -0.00968234510827784 0.0027992235263780757 -0.0060472831733537477
leaf_weight=723.59883558936417 359.02138217166066 2390.9482877831906 55.434580355882645 85.438198354095221 23.506786119192839 225.53613357059658 50.71698110550642 1151.9045293908566 81.315415870398283 98.994932135567069 108.83602644689381 130.1867807507515 782.85755866765976 138.74327838420868 24.621907517313957 2727.862527936697 45.029898887500167 845.02409582026303 199.58374629355967 69.810671888291836 347.33986722119153 60.155167385935783 1269.127168962732 91.10541719943285 741.24223719164729 347.06717230379581 17.278416827321053 450.83453579060733 2711.6361212991178 449.62653923593462
leaf_count=8030 3280 26132 329 539 305 2490 683 12068 799 886 913 1400 9712 1679 130 32573 366 10868 3147 768 2689 491 14703 727 9276 4334 127 5582 31547 5301
internal_value=0 -0.000277919 0.00591888 0.00988379 -0.00172462 0.016463 -0.0153547 0.000220287 -0.00195626 -0.00531654 -0.0166921 -0.00346095 0.000682546 -4.43335e-06 -0.000611378 -0.00282899 0.00364148 0.00504627 0.00470435 -0.00154313 0.00760421 0.00128404 0.00375358 0.0071958 0.000510721 -0.00202058 -0.00377245 -0.00814851 0.00152511 -0.00141957
internal_weight=0 16004.7 799.654 440.633 159.662 280.971 74.2238 13613.8 2384.26 1489.92 207.831 1282.09 11229.5 9177.54 8193.77 2752.48 894.34 983.767 849.31 269.394 579.916 232.576 2051.98 151.261 5441.28 1556.42 1209.36 468.113 3884.86 1173.23
internal_count=191874 184248 7626 4346 1527 2819 988 158116 24254 15267 1799 13468 133862 109447 96900 32703 8987 12547 8621 3915 4706 2017 24415 1218 64197 19319 14985 5709 44878 13331
is_linear=0
shrinkage=0.03


Tree=14
num_leaves=31
num_cat=0
split_feature=3 0 0 12 12 15 11 3 10 0 4 10 15 11 9 15 3 3 15 3 15 4 15 3 15 4 15 15 15 10
split_gain=26.4817 20.2215 21.5888 21.3369 19.7714 23.6756 19.3546 26.4374 18.3686 17.1504 16.9721 16.278 15.654 15.0789 14.9695 21.4601 13.638 15.5252 13.5719 20.2659 14.8902 14.3904 13.3306 13.0439 12.4667 12.3715 15.5759 14.5827 12.1538 17.7512
threshold=2.1437113285064702 1.7867897152900698 1.1145638227462771 4.5271267890930185 -1.594848573207855 53.716659545898445 -0.323294848203659 -1.0205878615379331 0.84859576821327221 1.0128827095031741 0.81029054522514354 0.41913692653179174 6.2764081954956064 0.49934151768684393 1.0000000180025095e-35 60.762542724609382 -0.84661731123924244 -1.0502425432205198 6.2764081954956064 2.7230319976806645 13.539021968841555 3.4575228691101079 4.9223592281341562 2.8939938545227055 19.387652397155765 0.74162644147872936 6.7926616668701181 26.552224159240726 5.6151409149169931 0.44130149483680731
decision_type=2 2 2 2 2 2 2 2 2 2 2 2 2 2 2 2 2 2 2 2 2 2 2 2 2 2 2 2 2 2
left_child=1 2 3 9 5 8 25 -8 12 28 11 -9 -3 18 -13 22 17 -7 19 -2 23 -21 -16 -20 -5 -4 -27 -28 29 -1
right_child=13 4 6 24 -6 16 7 10 -10 -11 -12 14 -14 -15 15 -17 -18 -19 20 21 -22 -23 -24 -25 -26 26 27 -29 -30 -31
leaf_value=-0.0085228920247515556 0.0066948650941042881 -0.014512635775373407 -0.0014324977443420871 -0.0090848755033739546 -0.0012506751870833069 -0.015221088264842466 -0.0073492983543662072 0.01749578505880852 -0.010035925969771868 -0.0037432237006244985 -0.0067473884547348782 0.0028054895913021587 0.0069341195526517099 0.011082227230831009 0.030245466301761115 -0.0027782521199256247 -0.0029281330872525067 -0.038610205622209612 0.016571105101028862 -0.022251055110933778 -0.0015733769614486462 0.0015989004061087901 0.009793783396805757 0.0020737055762527685 0.0066391352283940441 -0.0079369931874197219 0.011118799056169911 -0.005955975956659209 -0.00069417516973968336 0.0027993458016436733
leaf_weight=132.30477914214134 80.111308377236128 36.730555180460215 1896.7432732880116 385.95422058179975 1629.7012124080211 104.7712101880461 199.26189377717674 82.24658134020865 193.13398539274931 1205.5944072064012 127.21238844096661 2063.6608843877912 162.27834959886968 266.26770650967956 30.036141293123364 125.53798915073276 50.354698315262794 34.105763064697385 131.31582558900118 61.536028543487191 155.55782043561339 35.605377422645688 436.75649147294462 97.21756980009377 50.681812457740307 69.907728914171457 228.87098318710923 55.299628470093012 4767.5916710775346 1920.982911394909
leaf_count=1457 852 340 20911 4648 15696 1041 3410 857 1808 14190 1283 21593 1639 3082 389 1255 390 270 1348 691 1736 321 4420 979 691 647 2060 551 60607 22941
internal_value=0 -0.000284428 0.000143017 -0.000798069 -0.00294698 -0.00769172 0.00164123 0.00319221 -0.00346869 -0.000446297 0.00392757 0.00442579 0.00292298 0.0052159 0.00401463 0.00821539 -0.0163788 -0.0212 0.00241851 -0.00443155 0.00558301 -0.0135821 0.0111716 0.0104398 -0.00724874 -0.000471057 0.00466876 0.00778681 0.0001369 0.002066
internal_weight=0 15989.7 13778.6 8463.11 2211.08 581.375 5315.53 3064.71 392.143 8026.47 2865.45 2738.24 199.009 827.612 2655.99 592.331 189.232 138.877 561.344 177.253 384.091 97.1414 466.793 228.533 436.636 2250.82 354.078 284.171 6820.88 2053.29
internal_count=192103 183094 161910 104534 21184 5488 57376 33207 3787 99195 29797 28514 1979 9009 27657 6064 1701 1311 5927 1864 4063 1012 4809 2327 5339 24169 3258 2611 85005 24398
is_linear=0
shrinkage=0.03


Tree=15
num_leaves=31
num_cat=0
split_feature=4 1 15 13 13 13 13 7 13 15 15 13 15 13 7 7 13 2 12 4 7 13 4 2 4 2 13 0 9 10
split_gain=27.1053 20.5558 24.7488 20.7768 19.2598 28.0339 26.6519 30.137 19.4099 23.5681 18.7688 18.6535 38.4051 28.2464 23.6101 21.984 21.5223 40.8638 24.7181 23.994 22.3012 20.3171 18.7105 31.4484 22.3754 31.802 24.9092 23.5229 33.2163 23.3844
threshold=2.2357392311096196 0.44681560993194586 1.4013663530349734 132.46751403808597 12.222152233123781 18.996223449707035 -1.8374150991439817 1.1599416732788088 8.6559844017028826 3.8297314643859868 18.536044120788578 17.029975891113285 23.572990417480472 8.2478656768798846 0.098558332771062865 0.18090832978487018 33.399503707885749 0.37940952181816107 1.3829299807548525 0.55531674623489391 0.21700832992792132 23.252041816711429 0.77601453661918651 0.91597560048103344 1.2334199547767641 0.78656607866287243 -26.568370819091793 0.51247894763946544 1.0000000180025095e-35 0.64874604344367992
decision_type=2 2 2 2 2 2 2 2 2 2 2 2 2 2 2 2 2 2 2 2 2 2 2 2 2 2 2 2 2 2
left_child=1 2 -1 10 6 -6 -2 -8 9 -9 -4 13 -13 14 -3 -15 18 -18 20 -19 -14 -22 23 -16 26 27 -24 28 -26 -27
right_child=4 11 3 -5 5 -7 7 8 -10 -11 -12 12 16 15 22 -17 17 19 -20 -21 21 -23 24 -25 25 29 -28 -29 -30 -31
leaf_value=-0.015067434400812131 0.0016924277875428862 0.027520881090202381 0.0011632867538216259 0.014393102353159314 -0.01774799863245741 0.016928398684676028 0.021553609159294808 0.024848947991483777 -0.018963415215918284 -0.0029685560194874991 -0.0050650389799813886 0.0044789054233339842 -0.033202536084670393 -0.023620693222699243 0.0035823848809957044 -0.0031356312914562296 0.019016552143318842 -0.0021891977767363483 0.005928666637209941 -0.038793715875476496 -0.025249845959731201 0.014594031309521888 -0.010309347994595791 -0.0026853330520944371 -0.0052576409845346292 -0.036102488455510277 -0.0013586648994402121 0.0054485897978920001 0.0073253296200086176 -0.0016668164995704087
leaf_weight=143.16522100567818 372.98933154344559 27.623054534196854 690.48999755457044 64.792006280273199 67.032153846696019 29.426922788843513 180.38096581585705 45.861008999869227 27.929874040186405 65.596135219559073 1176.4536875523627 1725.1091597806662 66.498776197433472 47.395372629165649 2726.9442062545568 1879.3091824874282 61.84996298328042 51.011027785018086 36.570555524900556 22.649278474971652 22.287812143564224 21.866718469187617 300.03608307428658 978.23649866692722 580.27873043529689 32.485961081460118 3980.8481428399682 1101.9268491733819 278.66482772119343 37.979825615882874
leaf_count=1404 3419 145 7714 736 633 289 1333 509 385 984 11343 21128 431 292 29921 23206 457 484 332 200 279 257 3717 10874 6344 338 47617 13286 3871 441
internal_value=0 -0.000290014 -0.00307563 -0.00217955 0.00540124 -0.00710406 0.00715021 0.0134912 0.0029785 0.00859663 -0.0027621 0.000123628 0.00279876 -0.00032523 0.000313079 -0.00365154 -0.00743231 0.00120052 -0.0153328 -0.0138133 -0.0223498 -0.00563168 0.000235314 0.00192731 -0.000758013 0.00183433 -0.00198826 0.00254955 -0.00117161 -0.0178253
internal_weight=0 16054.5 2074.9 1931.74 789.216 96.4591 692.757 319.768 139.387 111.457 1866.94 13979.6 2007.84 11971.7 10045 1926.7 282.734 135.51 147.224 73.6603 110.653 44.1545 10017.4 3705.18 6312.22 2031.34 4280.88 1960.87 858.944 70.4658
internal_count=192369 184817 21197 19793 7552 922 6630 3211 1878 1493 19057 163620 23568 140052 116554 23498 2440 1141 1299 684 967 536 116409 40795 75614 24280 51334 23501 10215 779
is_linear=0
shrinkage=0.03


Tree=16
num_leaves=31
num_cat=0
split_feature=1 15 15 0 1 11 13 13 13 13 4 10 13 13 4 15 11 4 4 2 2 13 13 4 11 15 2 1 5 15
split_gain=25.7585 24.8468 21.7178 21.6732 20.9726 19.4508 23.72 23.6628 22.8508 22.4837 18.0244 17.715 22.8083 30.2724 29.0481 24.892 22.2835 21.8981 30.8502 26.1081 27.7768 23.0735 37.7224 33.217 21.4714 21.3727 33.6184 28.3855 26.9768 24.6111
threshold=0.43058723211288458 1.4013663530349734 19.387652397155765 2.096715092658997 0.24398029595613482 0.11005892232060434 -52.301410675048821 9.436368942260744 -2.3757553100585933 33.399503707885749 0.57464274764060985 0.86153119802474987 17.784320831298832 8.2478656768798846 2.6972311735153203 23.906245231628422 0.52902045845985424 0.76883253455162059 1.2643073797225954 0.91597560048103344 0.60355338454246532 -2.3757553100585933 -10.602469921112059 2.2357392311096196 2.0090900659561162 27.389500617980961 0.37940952181816107 0.98835477232933056 1.0000000180025095e-35 39.435468673706062
decision_type=2 2 2 2 2 2 2 2 2 2 2 2 2 2 2 2 2 2 2 2 2 2 2 2 2 2 2 2 2 2
left_child=1 -1 3 10 -4 6 -6 8 -8 -9 -3 12 13 17 -15 -14 -13 19 24 20 -2 22 -20 -23 25 -19 27 28 29 -27
right_child=11 2 4 -5 5 -7 7 9 -10 -11 -12 16 15 14 -16 -17 -18 18 21 -21 -22 23 -24 -25 -26 26 -28 -29 -30 -31
leaf_value=-0.016359565800574332 0.0028214850758288448 -0.0057622595770174005 0.011096559590094951 0.0084114355928522136 -0.020525790963445097 -0.0019593628271525106 -0.004866065872184972 -0.032878014631106081 0.019231076254083122 -0.0069497083470703913 0.015691535947304124 -0.0032126255922671839 0.0058484750516508604 -0.0025915249590592552 -0.025669164862228228 -0.0054627773288206758 0.001546825263052221 7.557057622900426e-05 0.0057685402862013811 -0.0023055063485611332 0.010689771814383452 0.0031234033147173735 -0.0048560269422387291 0.016340222181155245 -0.010572882520890229 -0.024482390949763757 0.019162989122864484 0.0068059214054485857 0.0033629051323456568 -0.0080896206866668367
leaf_weight=124.67560894601047 1435.7286688890308 284.3049490340054 66.834844298660755 266.78643639944494 144.68200121261179 501.36135639064014 184.89970728196204 46.122599950060248 42.753007508814335 85.369386378675699 39.239921197295189 2399.5309428200126 1309.7887308225036 1624.8781190048903 49.638095548376441 201.28991460055113 1401.90165261738 2664.0345275420696 580.56930793449283 556.65785784460604 561.44702437147498 635.9650587271899 621.88914454914629 233.49210555292666 226.48171664215624 152.83687410876155 41.708263851702213 88.456239441409707 83.645650750026107 180.84080095030367
leaf_count=1199 16031 3556 688 2546 1244 4869 1868 421 385 935 426 25441 16462 19944 441 1777 15536 32012 6378 6398 6565 7924 7249 2368 2777 2075 510 1049 1151 2172
internal_value=0 -0.00349583 -0.0025218 0.00209678 -0.0050647 -0.00614922 -0.0103064 -0.00614398 -0.000276326 -0.0162239 -0.00311998 0.000312803 0.000911101 0.000378792 -0.00329053 0.00433909 -0.00145748 0.00114108 7.65825e-05 0.0034368 0.00503766 0.00296741 0.000274243 0.00668747 -0.00166593 -0.00103471 -0.00642751 -0.00857144 -0.0118393 -0.0156488
internal_weight=0 1787.03 1662.35 590.331 1072.02 1005.19 503.827 359.145 227.653 131.492 323.545 15050.8 11249.3 9738.27 1674.52 1511.08 3801.43 8063.75 5509.92 2553.83 1997.18 2071.92 1202.46 869.457 3438 3211.52 547.488 505.78 417.323 333.678
internal_count=192397 18137 16938 6528 10410 9722 4853 3609 2253 1356 3982 174260 133283 115044 20385 18239 40977 94659 65665 28994 22596 23919 13627 10292 41746 38969 6957 6447 5398 4247
is_linear=0
shrinkage=0.03


Tree=17
num_leaves=31
num_cat=0
split_feature=3 4 13 13 15 12 13 7 2 7 13 7 2 3 7 7 3 7 12 3 15 13 13 15 15 7 3 13 12 15
split_gain=24.6199 20.8623 22.1864 20.997 41.1833 31.1645 18.3492 31.3476 29.4196 25.3419 20.209 22.9923 17.9874 17.2476 33.4533 16.5827 22.8694 15.93 16.7917 17.992 21.8407 25.4605 19.9431 14.88 19.9565 15.7695 17.2831 14.5169 14.3133 13.8638
threshold=2.1437113285064702 0.48190841078758245 132.46751403808597 16.690128326416019 29.720133781433109 -0.23429699242115018 10.766929149627687 0.35770833492279058 -0.6035533845424651 0.18387500196695331 12.70864248275757 0.24065833538770678 0.78656607866287243 -0.41134975850582117 0.31620833277702337 0.15899166464805606 -0.82274353504180897 0.37169165909290319 -3.7468574047088619 -0.53021395206451405 12.591735363006594 42.995750427246101 83.475940704345717 18.536044120788578 21.66308689117432 0.15530833601951602 -0.72310450673103321 -7.3508222103118888 0.027841497212648395 3.0262600183486943
decision_type=2 2 2 2 2 2 2 2 2 2 2 2 2 2 2 2 2 2 2 2 2 2 2 2 2 2 2 2 2 2
left_child=1 2 23 6 17 -6 15 8 13 -10 -11 -12 -9 -8 -15 16 27 18 -5 20 -20 -22 -23 -1 -25 26 28 -3 -26 -19
right_child=-2 3 -4 4 5 -7 7 12 9 10 11 -13 -14 14 -16 -17 -18 29 19 -21 21 22 -24 24 25 -27 -28 -29 -30 -31
leaf_value=-0.00032575354272942886 0.0049193504995393251 0.030802605480140122 0.013875101542569815 -0.0078537337490881404 -0.026151349968051001 0.0013987600179714726 -0.0087735003760840303 0.0018645630774917739 -0.030038905782624352 -0.011748505800631907 0.018322620491856907 -0.0029058212730399915 -0.014791593308794043 -0.043269793433663918 -0.0051280420969799087 -0.00026120845400210498 0.0014081578887605748 0.0059451644627213848 -0.0017519497562081762 0.010774904847187301 0.017185069054787509 -0.019724533747207163 0.01586162864471231 -0.02109744421282048 -0.0080595834923583836 -0.00973359717857223 0.015622865962673059 0.0066575503073577399 0.00054370024672569666 -0.0027099536029192785
leaf_weight=676.54812276363373 826.05147733911872 46.971160590648651 64.503822138532996 71.379956169053912 73.159854713827372 73.463773358613253 69.203005943447351 635.96220478415489 31.997912663966417 135.47344249486923 61.721002066507936 170.64577275514603 63.237946895882487 54.302610244601965 33.54883923381567 10491.31386240758 208.9676660746336 262.9903415851295 325.03461076132953 571.28739267401397 149.70601853169501 35.880783142521977 22.096808390691876 71.993152271956205 325.88380458950996 395.26714413613081 44.41252376139164 43.370043858885765 371.97052942402661 450.3493401389569
leaf_count=7257 9078 259 722 640 587 599 544 9225 181 1284 417 1813 920 330 273 123212 1096 4193 4029 4171 1428 453 181 723 2251 5758 239 242 2696 7567
internal_value=0 -0.000388513 -0.00329539 1.43377e-05 0.00283183 -0.0124318 -0.000461886 -0.00389207 -0.00919562 -0.00485018 -0.00258355 0.00278721 0.000339152 -0.0201578 -0.0289258 -6.22688e-05 0.00688857 0.00402271 0.00616761 0.00708045 0.00310575 0.0106802 -0.00612272 -0.00388966 -0.00588121 -0.00490051 -0.00231719 0.0194111 -0.00347964 0.000484826
internal_weight=0 16032.6 1950.58 14082.1 2035.35 146.624 12046.7 1256.09 556.893 399.838 367.84 232.367 699.2 157.054 87.8514 10790.6 299.309 1888.73 1175.39 1104.01 532.718 207.684 57.9776 1886.08 1209.53 1137.53 742.267 90.3412 697.854 713.34
internal_count=192368 183290 19646 163644 23848 1186 139796 14987 4842 3695 3514 2230 10145 1147 603 124809 1597 22662 10902 10262 6091 2062 634 18924 11667 10944 5186 501 4947 11760
is_linear=0
shrinkage=0.03


Tree=18
num_leaves=31
num_cat=0
split_feature=3 3 13 1 1 15 15 13 15 13 15 1 15 10 7 3 3 3 10 1 15 7 3 15 15 15 7 0 15 13
split_gain=23.7016 21.0929 26.6887 18.9096 18.2812 17.6388 22.9082 30.238 18.4374 25.3536 22.9062 25.2112 21.5507 18.1655 17.462 19.224 17.4015 18.0038 19.2206 17.6105 17.2853 17.2533 26.9673 17.036 16.0127 16.3211 18.4873 15.8009 15.7065 15.2266
threshold=2.1437113285064702 -1.417909502983093 32.033050537109382 0.43058723211288458 1.1219006180763247 2.1580865383148198 19.387652397155765 12.447996616363527 39.435468673706062 -19.317280769348141 51.614500045776374 0.38739904761314398 106.46508407592775 0.6732984483242036 0.18900833278894427 -0.78470286726951588 -0.72310450673103321 -0.85545399785041798 0.90047672390937816 0.37059168517589575 6.8847310543060312 0.14390833675861361 -0.88131102919578541 133.87080383300784 11.445006847381594 4.3309767246246347 0.18900833278894427 0.44326043128967291 35.54457092285157 11.984290599823
decision_type=2 2 2 2 2 2 2 2 2 2 2 2 2 2 2 2 2 2 2 2 2 2 2 2 2 2 2 2 2 2
left_child=1 -1 3 5 20 -3 16 8 9 13 -10 21 -13 -8 -11 -16 17 19 -19 -7 -4 22 -12 -5 25 -18 -27 29 -9 -2
right_child=27 2 4 23 -6 6 7 28 10 14 11 12 -14 -15 15 -17 24 18 -20 -21 -22 -23 -24 -25 -26 26 -28 -29 -30 -31
leaf_value=-0.00956267317934998 0.0072259201545739216 -0.012697668169423687 0.012249635412991748 -4.7965544531527012e-05 -0.01722946435718339 0.011368847827465015 -0.050194846152226934 -0.0066875483658611961 0.020569867585300626 -0.013276219905648399 0.0016616870940695282 -0.0059582572206768967 -0.031690438040655626 -0.0094372114257282435 -0.0075398610261403981 0.032523409015804576 0.002794819223243187 0.027334710754934839 -0.0029898433188800338 -0.0059573836064273503 0.0030274601477763073 -0.0073179836004433558 0.028477281653117893 -0.024114711530711316 0.012996847217443411 -0.045125481263678525 -0.0092878252414176996 -0.018946114635727419 -0.036441819686990916 -0.005352949928268954
leaf_weight=214.72263335436583 703.26496180519462 173.90182513929904 245.60756777413189 13437.419109897688 32.281621862202883 98.899598699063063 22.419598493725061 27.080517202615738 40.08160438388586 88.01462035626173 182.80057135596871 105.61679692007601 39.885595100000501 17.941391291096807 24.087794685736299 18.087983159348369 38.455702181905508 61.947010520845652 26.567854892462492 111.048145044595 712.39918517507613 123.11997740529478 40.436084009706974 25.52351319976151 28.708742439746857 19.695584237575531 36.528243755921721 23.193607429042459 39.873518817126751 98.018038118258119
leaf_count=3085 7584 1633 2986 155726 454 1190 240 231 388 582 1182 976 353 231 349 230 355 579 204 1522 7586 1605 232 275 309 114 468 392 300 1100
internal_value=0 -0.000245154 -0.000118079 -0.000436651 0.0046477 -0.00379958 -0.0024911 -0.00556887 -0.00371464 -0.012267 -0.000954687 -0.0027469 -0.0131802 -0.0327433 -0.00571787 0.00999745 0.00312257 0.00703408 0.018301 0.00221965 0.00540209 0.0016614 0.00662428 -9.53798e-05 -0.00631943 -0.0122511 -0.0224112 0.00496749 -0.0246828 0.00568244
internal_weight=0 16033.2 15818.4 14828.1 990.288 1365.2 1191.3 769.446 702.492 170.551 531.941 491.859 145.502 40.361 130.19 42.1758 421.851 298.463 88.5149 209.948 958.007 346.357 223.237 13462.9 123.388 94.6795 56.2238 824.477 66.954 801.283
internal_count=192461 183385 180300 169274 11026 13273 11640 6899 6368 1632 4736 4348 1329 471 1161 579 4741 3495 783 2712 10572 3019 1414 156001 1246 937 582 9076 531 8684
is_linear=0
shrinkage=0.03


end of trees

feature_importances:
day_vs_open=120
day_dist_hi=90
atr_z=67
atr_lvl=67
sess_h_cos=43
atr_ratio=43
rv_ratio_60_1440=37
ma_ema20_dist=33
rv_15=24
rv_1440=23
ret_15=12
sess_london=5
sess_ny=4
ret_5=1
rng_range_z60=1

parameters:
[boosting: gbdt]
[objective: binary]
[metric: auc,binary_logloss]
[tree_learner: serial]
[device_type: cpu]
[data_sample_strategy: bagging]
[data: ]
[valid: ]
[num_iterations: 3000]
[learning_rate: 0.03]
[num_leaves: 31]
[num_threads: 2]
[seed: 42]
[deterministic: 0]
[force_col_wise: 0]
[force_row_wise: 0]
[histogram_pool_size: -1]
[max_depth: -1]
[min_data_in_leaf: 200]
[min_sum_hessian_in_leaf: 0.001]
[bagging_fraction: 0.8]
[pos_bagging_fraction: 1]
[neg_bagging_fraction: 1]
[bagging_freq: 1]
[bagging_seed: 400]
[feature_fraction: 0.8]
[feature_fraction_bynode: 1]
[feature_fraction_seed: 30056]
[extra_trees: 0]
[extra_seed: 12879]
[early_stopping_round: 0]
[early_stopping_min_delta: 0]
[first_metric_only: 0]
[max_delta_step: 0]
[lambda_l1: 0]
[lambda_l2: 1]
[linear_lambda: 0]
[min_gain_to_split: 0]
[drop_rate: 0.1]
[max_drop: 50]
[skip_drop: 0.5]
[xgboost_dart_mode: 0]
[uniform_drop: 0]
[drop_seed: 17869]
[top_rate: 0.2]
[other_rate: 0.1]
[min_data_per_group: 100]
[max_cat_threshold: 32]
[cat_l2: 10]
[cat_smooth: 10]
[max_cat_to_onehot: 4]
[top_k: 20]
[monotone_constraints: ]
[monotone_constraints_method: basic]
[monotone_penalty: 0]
[feature_contri: ]
[forcedsplits_filename: ]
[refit_decay_rate: 0.9]
[cegb_tradeoff: 1]
[cegb_penalty_split: 0]
[cegb_penalty_feature_lazy: ]
[cegb_penalty_feature_coupled: ]
[path_smooth: 0]
[interaction_constraints: ]
[verbosity: -1]
[saved_feature_importance_type: 0]
[use_quantized_grad: 0]
[num_grad_quant_bins: 4]
[quant_train_renew_leaf: 0]
[stochastic_rounding: 1]
[linear_tree: 0]
[max_bin: 255]
[max_bin_by_feature: ]
[min_data_in_bin: 3]
[bin_construct_sample_cnt: 200000]
[data_random_seed: 175]
[is_enable_sparse: 1]
[enable_bundle: 1]
[use_missing: 1]
[zero_as_missing: 0]
[feature_pre_filter: 1]
[pre_partition: 0]
[two_round: 0]
[header: 0]
[label_column: ]
[weight_column: ]
[group_column: ]
[ignore_column: ]
[categorical_feature: ]
[forcedbins_filename: ]
[precise_float_parser: 0]
[parser_config_file: ]
[objective_seed: 16083]
[num_class: 1]
[is_unbalance: 0]
[scale_pos_weight: 1]
[sigmoid: 1]
[boost_from_average: 1]
[reg_sqrt: 0]
[alpha: 0.9]
[fair_c: 1]
[poisson_max_delta_step: 0.7]
[tweedie_variance_power: 1.5]
[lambdarank_truncation_level: 30]
[lambdarank_norm: 1]
[label_gain: ]
[lambdarank_position_bias_regularization: 0]
[eval_at: ]
[multi_error_top_k: 1]
[auc_mu_weights: ]
[num_machines: 1]
[local_listen_port: 12400]
[time_out: 120]
[machine_list_filename: ]
[machines: ]
[gpu_platform_id: -1]
[gpu_device_id: -1]
[gpu_use_dp: 0]
[num_gpu: 1]

end of parameters

pandas_categorical:[]
