tree
version=v4
num_class=1
num_tree_per_iteration=1
label_index=0
max_feature_idx=33
objective=binary sigmoid:1
feature_names=Column_0 Column_1 Column_2 Column_3 Column_4 Column_5 Column_6 Column_7 Column_8 Column_9 Column_10 Column_11 Column_12 Column_13 Column_14 Column_15 Column_16 Column_17 Column_18 Column_19 Column_20 Column_21 Column_22 Column_23 Column_24 Column_25 Column_26 Column_27 Column_28 Column_29 Column_30 Column_31 Column_32 Column_33
feature_infos=[0.22403052449226379:4.806818962097168] [0.027025075629353523:26.170040130615234] [0.17134076356887817:8.6935958862304688] [0.087584272027015686:1] [-28.67047119140625:41.262332916259766] [-36.190670013427734:42.326030731201172] [-36.841156005859375:62.500308990478516] [-45.158794403076172:63.120437622070312] [-22.455821990966797:30.680826187133789] [0:0.95389312505722046] [0:0.64536702632904053] [0:0.40022626519203186] [-0.51016271114349365:0.5480339527130127] [-0.15783818066120148:0.22172828018665314] [-46.22015380859375:17.161741256713867] [-8.3726015090942383:64.2962646484375] [0:1] [0:95] [0:95] [-1:1] [-29.775985717773438:44.984848022460938] [-30.712318420410156:55.0223388671875] [-2.5033562183380127:15.253066062927246] [0.049656935036182404:4.2456021308898926] [-1:1] [0:1] [0:1] [-1:1] [-1:1] [-0.78183150291442871:0.97492790222167969] [-0.90096884965896606:1] [0:1] [0:1] [0.89999997615814209:4.5999999046325684]
tree_sizes=8574 8729 8673 8701 8671

Tree=0
num_leaves=79
num_cat=0
split_feature=30 18 28 3 18 3 33 14 12 30 21 7 21 28 33 28 14 28 12 21 17 28 28 14 14 14 14 3 3 12 33 12 7 7 21 4 21 14 18 7 17 12 28 3 3 3 14 21 11 21 7 28 4 7 7 33 3 21 3 32 3 28 7 28 3 11 14 21 12 30 14 17 7 11 3 30 3 33
split_gain=66.9642 83.3319 38.8987 36.6205 31.2528 41.8417 30.6815 36.2637 30.255 25.3905 23.5962 47.7794 39.1833 22.7265 25.9242 22.528 40.6914 25.0873 21.5392 27.0208 30.6879 19.1115 18.0699 17.6946 19.8758 17.2273 18.3387 16.3487 16.2883 22.5122 15.9967 19.7905 15.9085 25.5074 28.2306 21.4541 15.3453 15.5442 14.848 26.1634 17.9143 21.4861 17.4908 24.5366 14.7234 17.6381 14.4558 23.1559 14.3038 13.9164 13.4831 13.4741 13.0885 12.6252 12.2528 11.9862 11.7477 11.4752 11.1878 11.0518 14.0846 12.99 10.9528 10.3627 10.2714 11.1446 11.2362 10.1569 10.1497 17.9982 11.0021 14.8461 14.7058 23.4049 11.5659 12.915 23.9669 17.2535
threshold=1.0000000180025095e-35 85.500000000000014 0.31107263267040258 0.36533656716346746 48.500000000000007 0.37982778251171118 0.97991594672203075 -3.9978088140487666 -0.0070497796405106774 -0.56174489110708226 0.29263967275619512 1.7037112116813662 4.5973844528198251 0.6835516393184663 0.90112781524658214 0.69930991530418407 -14.276114463806151 0.87137606739997875 0.009899389464408161 3.0047119855880742 16.500000000000004 0.95032352209091198 -0.3317298144102096 -16.554199218749996 -12.339353561401365 -10.291932106018065 -7.4114017486572257 0.19366506487131122 0.68478795886039745 0.011778485961258413 1.0013927817344668 -0.011917656753212212 24.404975891113285 16.383289337158207 8.5691142082214373 0.8916747272014619 4.1053981781005868 -15.615561962127684 33.500000000000007 -9.6195836067199689 67.500000000000014 -0.15181646496057508 0.24825246632099154 0.43305835127830511 0.48111149668693548 0.73292514681816112 -7.5410687923431388 1.9819982051849367 0.080850429832935347 -3.0087084770202632 -2.0220537185668941 0.82531082630157482 -1.2870054244995115 2.3038759231567387 -0.37010295689105982 0.97991594672203075 0.38959114253520971 -2.8625687360763545 0.21460817754268649 1.0000000180025095e-35 0.67101961374282848 -0.37256073951721186 0.72916615009307872 0.74455857276916515 0.61733549833297741 0.080850429832935347 -2.7035589218139644 2.3200824260711674 -0.043952591717243188 0.81174489855766307 -13.041371345520018 36.500000000000007 2.4270070791244511 0.058320602402091033 0.82699161767959606 0.81174489855766307 0.42059229314327246 0.90112781524658214
decision_type=2 2 2 2 2 2 10 2 2 2 2 2 2 2 10 2 2 2 2 2 2 2 2 2 2 2 2 2 2 2 8 2 2 2 2 2 2 2 2 2 2 2 2 2 2 2 2 2 2 2 2 2 2 2 2 10 2 2 2 2 2 2 2 2 2 2 2 2 2 2 2 2 2 2 2 2 2 10
left_child=2 13 4 8 30 6 7 23 21 28 11 15 46 27 -15 -5 17 -17 -3 25 44 36 -11 -6 -25 57 -27 -2 29 -7 31 56 33 34 51 -35 37 -4 40 42 -29 -42 43 -40 -21 -46 -12 -48 53 -18 -16 -14 -22 -43 -28 58 -1 -20 -10 60 61 -32 -26 -49 65 66 67 -31 69 -41 -70 74 -73 -74 75 -72 -77 -78
right_child=1 18 3 10 5 9 -8 -9 55 22 12 -13 32 14 50 16 49 -19 19 20 52 -23 -24 24 62 26 54 38 -30 64 59 -33 -34 35 -36 -37 -38 -39 39 68 41 48 -44 -45 45 -47 47 63 -50 -51 -52 -53 -54 -55 -56 -57 -58 -59 -60 -61 -62 -63 -64 -65 -66 -67 -68 -69 70 -71 71 72 73 -75 -76 76 77 -79
leaf_value=-0.93252056969277497 -0.92462783476051535 -0.93484819404620811 -0.89783536248813567 -0.90005038143170446 -0.90583830293754686 -0.88165278329210639 -0.87099011380971714 -0.9168221628717419 -0.90112024510522859 -0.9054177195480041 -0.89393715216647029 -0.85210466548604891 -0.87547998817887873 -0.90584430228963253 -0.90977407088501849 -0.8724182397741963 -0.85574695446480609 -0.91115660683721511 -0.90382680651220204 -0.92886192318343908 -0.91181190283463143 -0.91410190111104106 -0.9239742693880223 -0.85658427783336422 -0.90553589256615263 -0.87708798742158733 -0.92258596654234526 -0.89995027984251896 -0.89208834719300367 -0.89408916868934063 -0.90768418396648554 -0.90098902799494229 -0.91152642324695865 -0.85729808421427089 -0.9189622602030697 -0.89393912413775534 -0.90647734751292741 -0.86507529868265409 -0.87405832939924311 -0.90723789339869154 -0.8834157179612725 -0.90210054684331797 -0.86008223291948416 -0.91318315419172214 -0.89290040371687363 -0.92025771024183622 -0.92602496226122777 -0.88624887627324123 -0.92222264824565758 -0.88171776658975087 -0.93340695865400225 -0.90175509290103717 -0.93732147954422806 -0.91821925038556551 -0.894436987066068 -0.90184005602605133 -0.9141919809689919 -0.92918584518823855 -0.92240493995248274 -0.90890865307413005 -0.88544323625660104 -0.89419900014203191 -0.8808518987059818 -0.91046557926495186 -0.92066691456718863 -0.91509449632921436 -0.87967954173993568 -0.91377300121916871 -0.8820130968746932 -0.87403207244284464 -0.89018259826943469 -0.9209708622129904 -0.88611817423256412 -0.91743251324236919 -0.91154003368975245 -0.93201632800419587 -0.90942513659463886 -0.87959077514823991
leaf_weight=97.064434751868248 64.564617147669196 160.08336076140404 55.16683448664844 302.49562322534621 68.927490383386612 75.046914460137486 146.30266085267067 112.16295709647238 59.793996525928378 329.54018469341099 100.71344640105963 72.514609726145864 105.62823339551687 495.10126375406981 90.512592062354088 43.329563455656171 86.75639384239912 120.91138607077301 68.376724634319544 63.389082489535213 60.510715693235397 57.46871936134994 163.24155349098146 53.218445234000683 52.4588040150702 60.685574976727366 53.184224536642432 608.07478325068951 394.25392154976726 108.28587132319808 464.56424528546631 182.46191534399986 50.389219451695681 90.983579777181149 68.34761643409729 60.725720394402742 46.821241343393922 80.312303302809596 64.442475179210305 57.847239116206765 50.722763447090983 273.44035990908742 48.913422882556915 58.661502609029412 114.17263546958566 78.673891771584749 145.38678598403931 57.592040568590164 221.45066784508526 129.31653297692537 136.08400544524193 71.596148062497377 235.3060915004462 150.29012785106897 66.590819925069809 140.24731352925301 357.62421450018883 75.42655897885561 221.77337832003832 690.99230976961553 99.795385830104351 211.09796159900725 96.794776264578104 82.690446581691504 97.515488868579268 128.41856036148965 46.528030641376972 100.43635681085289 45.352856200188398 67.644252777099609 280.36640413850546 167.63423963077366 89.368298599496484 99.962288746610284 126.9432256873697 47.701464395970106 85.389307092875242 66.647215455770493
leaf_count=549 615 1890 762 3812 1119 930 850 1578 916 3807 1164 864 1187 7859 533 561 952 1572 796 738 725 769 1948 674 646 753 515 7489 4488 1240 7141 1060 498 902 958 618 635 1049 848 671 865 3578 606 818 1256 977 1743 767 2707 1648 788 874 2695 1786 720 794 2082 945 3381 10558 1803 3691 1262 1089 993 1655 588 1082 609 777 3381 1946 1019 1083 1557 720 1387 384
internal_value=-0.903827 -0.908157 -0.900874 -0.896081 -0.903537 -0.89942 -0.888544 -0.895641 -0.905 -0.903479 -0.892345 -0.886503 -0.897753 -0.904693 -0.911837 -0.890513 -0.883174 -0.900712 -0.919418 -0.916413 -0.922507 -0.892306 -0.911778 -0.886648 -0.879968 -0.905787 -0.896668 -0.902775 -0.899109 -0.904048 -0.907376 -0.913374 -0.888632 -0.885558 -0.895133 -0.871008 -0.885099 -0.8775 -0.902184 -0.898757 -0.905587 -0.910576 -0.882412 -0.892787 -0.910576 -0.903923 -0.908244 -0.913524 -0.912901 -0.87037 -0.924451 -0.88554 -0.932446 -0.907786 -0.906749 -0.912371 -0.918432 -0.917441 -0.91774 -0.904718 -0.901038 -0.90351 -0.88966 -0.900645 -0.907798 -0.904259 -0.898903 -0.903799 -0.901345 -0.88934 -0.902939 -0.903961 -0.911318 -0.902842 -0.899693 -0.896421 -0.905036 -0.896367
internal_weight=0 4433.52 6327.69 2250.96 4076.73 1973.13 529.865 383.562 661.584 1443.27 1589.38 755.324 834.053 3397.12 721.698 682.809 380.314 164.241 1036.4 876.316 552.052 239.769 492.782 271.4 202.472 324.264 180.461 2675.42 950.485 556.231 2103.6 637.151 447.671 397.281 245.572 151.709 182.3 135.479 2610.85 1306.87 1303.98 695.904 172.017 123.104 256.236 192.847 386.383 285.669 645.181 216.073 226.597 177.224 295.817 423.73 119.775 421.815 454.689 143.803 281.567 1466.45 775.458 675.662 149.254 140.282 481.184 383.669 255.25 208.722 1134.86 125.491 1009.37 964.012 356.965 189.331 607.048 480.104 199.738 152.037
internal_count=131295 54036 77259 27515 49744 22860 6129 5279 8306 16731 19209 9409 9800 42026 9180 8545 4733 2133 12010 10120 6391 3215 5755 3701 2582 3729 1988 32846 10976 6488 26884 3691 5037 4539 3019 1520 2446 1811 32231 15806 16425 8936 2272 1666 2971 2233 4763 3599 8071 2600 1321 2061 3420 5364 1235 5091 2631 1741 4297 23193 12635 10832 1908 1856 5558 4565 2910 2322 13534 1448 12086 11477 4048 2102 7429 5872 2491 1771
is_linear=0
shrinkage=1


Tree=1
num_leaves=79
num_cat=0
split_feature=30 28 13 0 12 5 27 29 13 15 27 33 10 13 33 33 15 5 12 5 28 0 12 29 10 31 0 33 0 15 0 33 13 15 0 6 5 29 13 12 13 6 28 0 28 0 13 33 12 15 27 6 0 0 4 12 12 27 8 6 13 13 13 28 13 0 29 8 13 13 13 5 0 6 15 29 0 10
split_gain=55.006 37.129 36.2944 49.5227 37.941 34.0091 33.2876 32.4464 32.2986 53.5521 48.8461 37.7871 36.3416 30.5848 30.4339 27.0488 25.5617 25.4685 24.5557 22.0992 19.6918 19.3462 17.5242 37.9826 18.5094 38.4978 24.197 25.4942 26.1191 23.6189 29.0498 18.9755 16.5775 36.3834 24.4426 19.3736 21.8147 18.4191 16.1511 15.9496 17.4579 15.8844 15.6233 15.4616 15.3137 15.0071 21.6592 17.7209 19.0306 14.6856 16.9883 14.7756 13.2722 20.8614 13.2014 12.1756 15.3008 12.0781 11.9533 11.9357 11.6424 14.8977 11.588 11.1806 11.4189 11.1323 11.1196 11.0135 10.9194 10.8112 22.2816 11.6282 10.1815 10.0874 16.4364 9.96639 9.82233 9.73042
threshold=1.0000000180025095e-35 0.31107263267040258 0.019912604242563251 1.1203727126121523 -0.02036026585847139 1.708697557449341 0.35222910344600683 -1.0000000180025095e-35 -0.055610040202736848 7.8093767166137704 -0.52803644537925709 0.99611112475395214 0.080829732120037093 1.0000000180025095e-35 0.99472221732139599 0.90112781524658214 2.8623309135437016 3.3759500980377202 -0.027008159086108204 -2.0042334794998165 -0.77296444773674 0.87403151392936718 -0.15181646496057508 0.6078576147556306 0.11463093757629396 1.0000000180025095e-35 0.52239373326301586 0.99611112475395214 1.0006560087203982 9.6818857192993182 1.126346290111542 1.0000000180025095e-35 0.061492472887039192 24.44356727600098 1.0295578241348269 6.1618838310241708 0.49722290039062506 1.0000000180025095e-35 0.053162313997745521 0.013068140018731357 -0.0059729907661676398 -4.9751205444335929 -0.9686339497566222 0.71220856904983532 0.77296444773674022 0.83003747463226329 -0.0088621522299945337 2.996249914169312 0.030445283278822902 22.271141052246097 -0.84915164113044728 -3.7010205984115596 1.1022360920906069 0.77254459261894237 -1.5088487267494199 0.024899129755795005 0.055212181061506278 0.79989895224571239 -0.52389341592788685 3.9667309522628789 -0.019272193312644955 0.010739765595644714 -0.032466346397995942 0.66746801137924205 0.068580165505409255 0.97385767102241527 0.87837970256805431 0.44261403381824499 0.037425162270665176 0.0036200544564053421 -0.029015119187533852 1.0405194759368899 0.79919403791427623 -0.23524219542741773 3.345667958259583 0.87837970256805431 0.52774721384048473 0.081672966480255141
decision_type=2 2 2 2 2 2 2 2 2 2 2 10 2 2 10 10 2 2 2 2 2 2 2 2 2 2 2 10 2 2 2 10 2 2 2 2 2 2 2 2 2 2 2 2 2 2 2 8 2 2 2 2 2 2 2 2 2 2 2 2 2 2 2 2 2 2 2 2 2 2 2 2 2 2 2 2 2 2
left_child=1 6 7 4 49 42 17 -2 10 11 -3 43 21 -14 18 -5 -12 -1 -15 -13 -7 38 23 -9 25 29 -26 -28 -29 45 39 52 34 -34 35 36 41 59 60 -31 -41 -8 -6 62 -16 46 47 -24 -49 50 -4 72 53 -27 -20 -39 -57 69 -22 -38 -11 -62 -10 68 75 -19 -59 -40 -56 70 -36 -72 -52 74 -45 -65 -63 -55
right_child=2 8 3 15 5 20 32 22 9 12 16 19 13 14 44 -17 -18 65 54 -21 58 -23 24 -25 26 31 27 28 -30 30 -32 -33 33 -35 57 -37 37 55 67 40 -42 -43 -44 73 -46 -47 -48 48 -50 -51 51 -53 -54 77 63 56 -58 66 -60 -61 61 76 -64 64 -66 -67 -68 -69 -70 -71 71 -73 -74 -75 -76 -77 -78 -79
leaf_value=-0.0060724091360292772 -0.027307431044184319 0.027739994848019818 0.018305944143687011 -0.0038361531556875333 -0.0012302148697230064 -0.028606784826418336 0.024204564278867979 0.053618881217551845 0.034900560632892187 0.006434233328637423 0.0037981826220940015 0.015153206572884444 -0.0090606628817784529 0.039883062752786719 0.042167726389066053 0.021415690516771391 -0.028176089105549192 -0.0074432164781282461 0.02685556039203427 0.044111573617140305 0.0077762675831586602 0.013875533844425478 -0.01852051067200244 -0.0044442938247144653 0.018588285554787899 -0.012637600362038802 -0.0020009092010186144 -0.028712765787372453 -0.0017626457044741823 0.003483660140665124 -0.01303672625951348 0.025984309724403017 -0.020622093759544251 0.01802623751317009 -0.012430433242092356 -0.0090952049141327564 0.041889525789715928 0.0032869937286003409 -0.004549943922233797 0.0088530134736633046 0.045731153558149995 0.0027184868991208524 -0.030409924575102609 -0.0052097412855266652 0.01513314863216823 0.00065759516498301138 -0.02291444689235924 -0.0026326628657065915 0.029250856025893369 0.022333245088455272 0.0123063541234652 -0.023596211520680626 -0.011292388794344991 0.025247369900967827 0.02683400857976324 0.032198289994444539 0.0001241167288171006 -0.023929555175986338 -0.011230913002554599 0.011896147659650613 -0.031710576014464677 -0.027291531085672262 0.012332675769874452 -0.023925664989608044 0.011039018475959688 0.0069818601116148201 0.0022618611733467775 0.022552185486463906 -0.0005016847875409751 -0.0085616018604218642 0.0063123234662136249 0.046894081167136406 -0.012331293252578205 -0.012304879892897615 0.023236496742749815 0.00091345889564339996 -0.0029840017782428114 0
leaf_weight=1713.5701293218881 87.873841008171439 60.842314384877682 47.829815464094281 257.03747832775116 45.96889828518033 72.482606893405318 80.951815167441964 35.192998398095369 68.775201665237546 44.490563403815031 74.921727433800697 101.25894866883755 126.25223846919835 38.034192755818367 99.481718063354492 126.6545527279377 141.50273983925581 130.58541454188526 36.978359745815396 156.48972143232822 124.24274264648557 88.983751889318228 104.35979300737381 52.501824541017413 75.313320059329271 51.222560085356236 625.75453837029636 185.1562811434269 130.01004815101624 91.043270448222756 78.28960632532835 163.55056615173817 133.70419213920832 74.49029329046607 39.12435875274241 92.825146775692701 98.753305967897177 158.34902716986835 82.461727390065789 55.243280639871955 61.311623556539416 496.05910421907902 413.06490808352828 80.782839143648744 99.928843945264816 488.65881482511759 180.37337039783597 188.03272310644388 43.905848262831569 43.582020804286003 63.782306676730514 94.78825075738132 62.901565998792648 128.76346201077104 43.901906244456768 95.374622674658895 49.007626177743077 84.33060148358345 139.89893657900393 50.319258550181985 97.19202271848917 43.831638710573316 195.4119269605726 82.609176279976964 42.950965490192175 566.72819524817169 47.781410539522767 42.959503712132573 72.130351586267352 80.474309222772717 32.087559200823307 32.398786136880517 66.72648112475872 63.106826461851597 76.454034827649593 47.892523908987641 147.68029733933508 43.068372504785657
leaf_count=21197 1143 780 607 3697 480 804 1113 576 1069 550 984 581 1530 711 562 722 1851 1682 526 895 1433 1002 607 812 956 638 9689 1108 779 820 873 943 1536 969 709 1093 1106 1819 1027 581 607 5793 5003 1397 581 6147 2226 3265 611 493 758 1243 1273 2100 629 1016 538 1073 1646 523 1129 605 3070 1195 629 6600 735 519 1054 1031 642 416 756 946 1146 675 1827 725
internal_value=0 0.00291954 -0.00368647 -0.00944131 -0.0142966 -0.019574 0.000304582 -0.000724913 0.00758862 0.00963296 -0.00676507 0.0192705 0.00376971 0.010704 0.0152483 0.00451134 -0.0170207 -0.00308383 0.00711413 0.0333352 -0.00824609 -0.004896 0.000117103 0.0196751 -0.000515533 0.00231026 -0.00539357 -0.0074368 -0.0179131 -0.00165384 0.00973259 0.0137171 0.00529238 -0.00648345 0.00704485 0.0101965 0.0120134 0.0195072 -0.00873396 0.0186357 0.0295481 0.0059658 -0.0276297 0.0114727 0.0294356 -0.00496644 -0.0103426 -0.00326237 0.00359802 -0.000805991 -0.00494893 -0.0103366 0.00626565 0.0115458 0.00270312 0.0125173 0.0219429 -0.00396998 -0.00212648 0.0326712 -0.0139599 -0.0173152 0.0188316 -0.000546701 -0.00794167 0.00418332 -0.0143149 0.00477503 0.00999581 0.00334463 0.0130191 0.0289916 0 0.00224997 0.0085576 -0.0146965 -0.00925052 0.0191582
internal_weight=0 6314.22 4428.59 1496.06 1112.37 795.658 4056.92 2932.53 2257.31 1980.04 277.267 742.279 1237.76 690.16 563.908 383.692 216.424 2410.88 364.497 257.749 336.624 547.6 2844.65 87.6948 2756.96 1740.72 1016.23 940.921 315.166 1291.22 285.888 449.507 1646.03 208.194 1437.84 1121.64 1028.81 451.804 458.616 207.598 116.555 577.011 459.034 484.531 199.411 1005.33 516.672 336.298 231.939 316.709 273.127 225.297 285.956 223.054 326.463 302.731 144.382 316.197 264.142 149.073 333.195 288.704 264.187 289.485 173.453 697.314 132.112 125.421 116.032 184.085 103.611 64.4863 130.509 220.344 157.237 130.502 191.512 171.832
internal_count=131182 77061 54121 17642 13223 9366 49591 36479 27470 23855 3615 9104 14751 8092 6562 4419 2835 29479 5419 1476 3883 6659 35336 1388 33948 21416 12532 11576 1887 15737 2881 5679 20112 2505 17607 13001 11908 5002 5657 2008 1188 6906 5483 7628 1143 12856 6709 4483 3876 3857 3364 2757 4736 3463 4708 3373 1554 4606 3079 1629 4111 3561 4139 4182 2499 8282 1808 1546 1683 2798 1767 1058 1514 3489 2543 1870 2432 2825
is_linear=0
shrinkage=0.0454652


Tree=2
num_leaves=79
num_cat=0
split_feature=16 16 15 0 2 22 3 15 15 3 27 28 17 27 2 0 3 3 2 17 4 27 17 3 2 28 23 2 3 28 0 27 3 3 16 15 28 17 4 4 28 22 27 17 16 15 27 6 2 31 3 23 2 28 3 16 28 15 15 15 6 17 23 23 15 15 15 6 2 3 17 15 27 0 17 2 16 2
split_gain=37.1586 39.075 33.0223 34.0076 30.8251 25.5977 26.7124 26.6168 19.8693 27.1204 19.9098 29.9736 19.6246 16.5309 15.983 22.5738 15.5969 29.4515 16.1142 28.177 23.3617 21.7582 30.9459 25.5999 20.9008 19.5489 19.5361 19.2768 31.7783 15.6687 14.283 14.045 13.4245 15.4551 12.9308 12.6078 12.2096 12.2794 11.7544 17.9641 11.2414 11.0209 13.362 17.6166 10.9188 29.8703 29.8269 25.2441 27.3716 18.3226 13.7283 12.3196 17.2853 16.6904 16.2186 15.5737 14.3659 14.3405 13.0322 13.7482 12.7284 12.6774 12.2766 12.1582 11.4026 11.1458 10.8498 11.5566 10.3655 12.7411 10.2381 9.75781 9.90821 15.119 9.46344 9.42509 9.32909 9.17998
threshold=0.54475355148315441 0.20063314586877826 13.475267410278322 0.44817738234996801 0.42343959212303167 -0.66737139225006092 0.9286344349384309 24.44356727600098 2.9864761829376225 0.22874372452497485 -0.50938662886619557 0.098011311143636717 38.500000000000007 0.79989895224571239 1.2420710325241091 1.0169799327850344 0.8686143457889558 0.84470286965370189 1.1505695581436159 36.500000000000007 1.7547528147697451 0.054511256515979774 42.500000000000007 0.62532430887222301 0.60546281933784496 0.96298784017562877 0.71552586555480968 0.810277819633484 0.41552275419235235 -0.6343555450439452 0.83945217728614818 -0.2693240344524383 0.42059229314327246 0.58546808362007152 0.257544755935669 7.0393738746643075 -0.72982063889503468 55.500000000000007 -0.79555949568748463 2.0166041851043706 -0.6343555450439452 -0.60294002294540394 0.87137606739997875 64.500000000000014 0.81934162974357616 18.57739353179932 0.50938662886619579 6.1618838310241708 0.52989581227302562 1.0000000180025095e-35 0.47171062231063848 0.86371418833732616 0.59701386094093334 -0.92794367671012867 0.38212823867797857 0.65928098559379589 -0.2693240344524383 15.516140460968019 19.348370552062992 16.674570083618168 -2.852904081344604 8.5000000000000018 0.9410206973552705 0.60519239306449901 12.828046321868898 17.340565681457523 16.369910240173343 0.23704742640256884 1.0102540850639345 0.55625572800636303 78.500000000000014 2.2834784984588627 -0.18436925113201139 0.97385767102241527 5.5000000000000009 1.6970868110656741 0.34204077720642095 0.81960234045982372
decision_type=2 2 2 2 2 2 2 2 2 2 2 2 2 2 2 2 2 2 2 2 2 2 2 2 2 2 2 2 2 2 2 2 2 2 2 2 2 2 2 2 2 2 2 2 2 2 2 2 2 2 2 2 2 2 2 2 2 2 2 2 2 2 2 2 2 2 2 2 2 2 2 2 2 2 2 2 2 2
left_child=1 8 3 32 12 6 7 13 9 -1 11 -10 -5 -2 71 40 17 18 21 -20 35 23 27 26 30 41 -6 38 -29 -22 -24 -25 -3 -34 -18 75 37 -12 -23 -40 -16 -26 -43 -44 51 46 50 48 -48 -47 -46 52 55 -54 57 56 -7 -53 59 61 -56 -55 -51 -57 -65 77 67 -15 -63 -70 -37 72 -11 -74 -64 76 -21 -52
right_child=5 2 -4 4 16 44 -8 -9 10 14 36 -13 -14 66 15 -17 34 -19 19 20 29 22 24 31 25 -27 -28 28 -30 -31 -32 -33 33 -35 -36 70 -38 -39 39 -41 -42 42 43 -45 45 49 47 -49 -50 62 65 54 53 58 60 63 -58 -59 -60 -61 -62 68 74 64 -66 -67 -68 -69 69 -71 -72 -73 73 -75 -76 -77 -78 -79
leaf_value=0.033700372893203351 -0.016951773188798244 0.0064252307641145283 -0.026573732871535853 0.006417042370898499 -0.02446720708077953 0.032460966653034121 0.018930949150298196 0.01375783841668185 -0.011971221990537019 -0.021069980836515196 -0.020938826902910466 0.025966526449206467 0.042319394114177164 -0.012935497655067086 -0.0059462062606243536 -0.0027843134328201851 0.011301042193330198 0.03691000481574374 -0.0040104834583329215 0.025231617440056524 0.018207122099707384 0.0058541350749246523 0.0029431585841373366 0.001792579692156083 0.0067570852895669081 0.021320809080294316 -0.0032700749165989304 -0.018889542607184995 0.018988552227291098 -0.01548863071488046 0.029498468347930441 0.029630940193148613 0.056231739249655348 0.016931508129773044 -0.0076075891525926977 0.040120793389457468 -0.020085243292903756 0.0088072994656010553 0.029693074870914264 0.0014426363352320881 0.01750723644558274 -0.018152387237012194 -0.022840290032190371 0.01203885788197233 -0.014521654901073341 0.00074157452970479126 0.002568671724155576 0.0018202552498497874 0.042798622981383275 -0.021396643630570561 0.01738022659789696 -0.0017109218975791412 -0.026883483132258711 -0.021505096214632053 -0.016797935218327183 0.010900249598620418 0.00069295207545731481 0.021788708098679214 -0.025818754829715948 0.014315805428527553 -0.00067572235683664619 -0.010111041349694129 -0.014010501567781875 -0.02596227627721983 -0.0011201191122359676 0.02227089250262029 -0.016646994301699126 0.010782603982010924 0.023330615023193092 -0.0033867106714933716 0.016356740973430189 0.0029551426575347372 -0.011292479810431333 0.0097030393326952985 0.0056961849789571141 -0.0017742737362204844 0 -0.0019411552536654254
leaf_weight=45.254672104492784 641.71817782521248 50.563798230141401 59.818983869627118 63.559713665395975 143.79465498961508 48.939063450321555 62.018914801999927 78.791555117815733 101.24846971780062 112.4417633228004 41.216224085539579 68.156450597569346 70.794795237481594 58.381390400230885 45.258895495906472 404.02000842988491 89.626797450706363 57.355139527469873 188.66509418003261 115.7084340583533 42.748727167025208 113.16249286010861 133.49926252290606 225.58224971964955 73.316521223634481 45.584824848920107 249.76388046517968 82.488059554249048 92.797427069395781 67.852387338876724 61.224501110613346 42.200962949544191 45.102132901549339 52.916378475725651 346.11062926985323 101.91481715068221 282.10144797712564 72.59551490098238 233.47149843536317 62.987490117549896 245.78251786343753 237.17010308988392 41.320048021152616 83.734099419787526 83.667356187477708 806.51215016283095 53.332485437393188 100.79315962642431 118.87322227843106 149.27420918829739 58.228176090866327 89.606419738382101 110.17272827960551 102.99812406674027 108.38799636438489 60.845831388607621 73.89429390989244 115.97631746344268 68.221949549391866 62.188430460169911 1105.0566112063825 206.2650804053992 91.64341040328145 66.642370861023664 93.443844273686409 62.919176151975989 80.977755112573504 124.28751987963915 49.634251890704036 108.26131726242602 86.756184093654156 174.06408667936921 241.70788241364062 93.763498542830348 98.770301047712564 58.669106010347605 44.34196706302464 260.12932226620615
leaf_count=624 7717 677 672 780 1674 480 828 1020 1389 1641 551 878 939 711 453 5007 1137 681 2380 1444 547 1524 1723 3076 993 502 3235 981 1288 849 795 584 572 593 4085 1188 3640 915 2909 893 3450 2883 561 1051 905 9080 475 1163 1240 1667 642 1006 1190 1128 1318 687 843 1342 734 669 12924 2437 1147 612 937 741 979 1430 539 1221 1059 2340 3555 1500 1351 684 491 3042
internal_value=0 0.00281027 0.00569888 0.00631136 0.00530202 -0.00252263 -0.0088997 -0.0107739 -0.00235743 0.000588296 -0.00949493 0.00326308 0.0263778 -0.0130147 -0.000613234 0.00407244 0.00434609 0.00564669 0.00488983 0.0107648 0.0162291 0.00268633 0.00619799 -0.00393181 -0.000368528 -0.00552256 -0.0113094 0.0138182 0.000867203 -0.00185482 0.0119726 0.00673849 0.0273779 0.0370192 -0.00353852 0.0212268 -0.0150534 -0.0019036 0.019179 0.0239543 0.013663 -0.00861504 -0.0119003 0 -0.000972497 0.00161575 0.00874156 0.0205656 0.0309643 -0.00294431 0.00157622 -0.00296553 -0.0066862 -0.0107389 -0.000162941 0.00154528 0.0143717 0.0114796 -0.0075189 -0.00488931 -0.0022074 -0.00765136 -0.0117423 -0.0055006 -0.0121475 0.00535182 -0.00313705 0.0028239 -0.00340543 0.00508729 0.0300247 -0.00591981 -0.00947217 -0.00523448 -0.00363263 0.0130072 0.0186321 0.00161691
internal_weight=0 5392.21 3464.6 3404.78 3256.2 5400.85 1046.18 984.156 1927.61 1362.29 565.318 169.405 134.355 905.365 1317.04 695.061 3121.85 2686.11 2628.75 706.657 517.992 1922.1 1260.76 661.342 675.849 481.126 393.559 584.907 175.285 110.601 194.724 267.783 148.582 98.0185 435.737 407.391 395.913 113.812 409.621 296.459 291.041 435.541 362.224 125.054 4354.68 1884.14 737.943 272.999 172.206 1146.2 464.944 2470.53 1051.51 707.742 1419.03 343.765 122.833 205.583 597.569 529.347 1213.44 467.159 339.688 220.932 160.086 381.277 263.647 182.669 364.161 157.896 188.671 621.977 447.913 335.471 190.414 218.72 160.05 318.357
internal_count=131598 69393 43450 42778 40936 62205 12685 11857 25943 18570 7373 2267 1719 10837 17946 8910 39217 33995 33314 8642 6262 24672 16103 8569 8508 5990 4909 7595 2269 1396 2518 3660 1842 1165 5222 4866 5106 1466 5326 3802 3903 5488 4495 1612 49520 21453 8208 2878 1715 13245 5330 28067 11477 7918 16590 3559 1323 2348 6728 5994 14242 5325 4165 2236 1549 4425 3120 2141 4197 1760 2247 9036 6696 5055 2498 2619 1935 3684
is_linear=0
shrinkage=0.0454652


Tree=3
num_leaves=79
num_cat=0
split_feature=29 14 22 14 5 22 13 28 28 13 13 33 5 14 21 2 2 28 13 14 2 21 13 13 2 33 6 11 13 4 18 21 21 29 13 6 29 2 29 2 18 22 22 5 2 28 14 2 13 14 13 6 29 18 13 5 11 29 29 13 28 28 5 2 13 29 28 28 2 14 21 13 14 33 6 28 2 13
split_gain=45.0087 32.6252 45.9709 37.3169 30.0833 27.7945 24.8334 26.9679 24.04 18.9188 17.9139 17.8333 16.7793 15.8458 15.4202 15.3127 17.3963 16.7594 14.9271 14.1967 28.2278 17.5891 15.0451 14.0835 13.3976 40.1177 15.36 13.159 14.2703 14.1567 14.2153 20.0737 23.47 29.3723 47.3003 20.4213 20.7196 19.7003 33.2286 21.2505 23.2548 16.3417 16.2757 15.2966 14.3235 15.3633 14.0885 13.8033 12.8416 12.5502 12.2133 20.8755 21.2902 17.6231 11.7367 11.4937 11.1026 14.7215 23.1058 22.6355 20.5859 27.2513 18.2804 13.8004 14.3997 17.578 33.5958 24.0262 15.01 13.0671 14.1958 12.3794 13.9289 10.9615 10.8809 11.0269 14.4151 10.7937
threshold=-0.60785761475563038 -7.474442481994628 -0.4223875999450683 -16.901216506958004 3.3759500980377202 -0.84049117565155018 -0.015334821306169031 -0.93585023283958424 -0.39271505177021021 -0.088973794132471071 0.070143591612577452 0.99611112475395214 0.7251398265361787 -11.758665561676024 3.8537552356719975 0.59701386094093334 1.0211812257766726 0.78661888837814342 0.023273139260709289 -4.9740450382232657 0.43108409643173223 1.6541763544082644 0.10033737123012544 0.04012104123830796 0.72542560100555431 0.99611112475395214 -0.11526570841670035 0.0082539152354002016 -0.011969177983701227 1.8974926471710207 87.500000000000014 0.7551269829273225 -1.9587538242340086 1.0000000180025095e-35 -0.023211499676108357 0.47580935060977941 1.0000000180025095e-35 0.78785300254821788 0.87837970256805431 1.4519524574279787 61.500000000000007 -0.94649693369865406 -0.72396665811538685 0.7251398265361787 1.7317844033241274 0.7298206388950349 -11.028729915618895 0.99446740746498119 -0.086160182952880845 -18.352313041687008 0.041466198861598975 16.472108840942386 1.0000000180025095e-35 92.500000000000014 0.034321565181016929 0.84299534559249889 0.024603830650448803 -1.0000000180025095e-35 0.87837970256805431 0.044849406927824027 0.63435554504394542 -0.91080963611602772 0.96175700426101696 0.49716669321060186 0.078267205506563201 0.6078576147556306 0.26932403445243841 0.22706275433301928 1.0613900423049929 -3.9353746175765987 3.9353030920028691 0.056504778563976295 -3.5646522045135494 0.99611112475395214 -0.11526570841670035 0.69930991530418407 0.93052363395690929 0.021503064781427387
decision_type=2 2 2 2 2 2 2 2 2 2 2 10 2 2 2 2 2 2 2 2 2 2 2 2 2 10 2 2 2 2 2 2 2 2 2 2 2 2 2 2 2 2 2 2 2 2 2 2 2 2 2 2 2 2 2 2 2 2 2 2 2 2 2 2 2 2 2 2 2 2 2 2 2 10 2 2 2 2
left_child=-1 2 9 48 5 10 8 -8 -6 11 14 -2 13 23 55 -15 17 18 -17 20 -7 -21 -22 -5 25 26 -14 28 -11 30 31 32 33 34 44 36 -34 43 39 40 -39 -32 -40 -35 45 47 -30 -29 73 -41 53 -52 -53 54 74 -3 69 60 63 -60 61 -58 -61 -59 65 66 71 -67 -68 -23 -71 72 -65 -4 -9 76 -76 -26
right_child=1 4 3 12 6 19 7 50 -10 27 -12 -13 24 15 -16 16 -18 -19 -20 21 22 56 -24 -25 77 -27 -28 29 46 -31 41 -33 35 37 -36 -37 -38 38 42 49 -42 -43 -44 -45 -46 -47 -48 -49 -50 -51 51 52 -54 -55 -56 -57 57 58 59 62 -62 -63 -64 64 -66 67 68 -69 -70 70 -72 -73 -74 -75 75 -77 -78 -79
leaf_value=-0.024435051812324599 0.0047525744681077755 -0.018289798603825083 -0.0084759124497332892 0.0031553361320633324 0.0054208698906964376 0.020959754591580757 -0.010807723461059222 -0.010846231772752424 -0.03017841168469327 -0.023240159286514656 0.0059470523024575282 -0.027644649636407555 0.026258086121605656 0.0099216896000307135 -0.030346816970588601 -0.010742376695885389 0 0.012125667834236853 -0.033547615142866055 -0.020891215140418844 -0.003152558187022723 -0.009598807396160175 0.021858295697807298 0.028048650635960497 0.0010700656866903825 0.047655144579597151 -0.0056691672638578472 0.043954752853970144 -0.014841150860215037 -0.0054363813553546542 0.020990347107152314 -0.00057911745387222136 0.013627343274172546 -0.013939459681288893 -0.0038860133084871501 0.0075901007372283641 0.044590620713312053 0 0.044869618509714576 0.0026463377517594727 0.03855402204923436 -0.004695410197605266 0.010519755558738682 0.014136316730477662 0.055342308011073552 0.0039428317267169669 0.018454916764019665 0.013094328318711136 -0.0055303161247719484 -0.027812332453085755 -0.0043667852090913152 0.033961813169151166 -0.0022681053379834241 -0.0060188034925828769 0.026150368939138219 0.0014486630445867169 -0.017681362324949022 -0.033061675838417993 -0.012233071666846545 0.027747533387173364 -0.019833486651779125 0.019641508200497537 -0.0048681118127639981 -0.022682772654655386 -0.025139570860329575 -0.0043802962518964053 0.0028942009205167709 -0.04354619418633842 0.039245800310315 0.021177234984820804 -0.0062090168740864893 -0.03024276407457914 0.0075802010606514977 -0.032910720781960182 0.025935876979632001 -0.0061327692507281992 0.0086762506722248105 0.019435604225774117
leaf_weight=151.96062382496893 82.013711819425225 165.54347949661314 100.89073721133173 720.65562124364078 63.268000094220042 118.68123001791537 218.66993848048151 45.032178342342377 87.349953247234225 47.869982117787004 65.269379878416657 53.818284273147583 40.231331784278154 137.78763771988451 152.76622975990176 267.13216594047844 455.72066003829241 43.093591870740056 80.514899337664247 151.21133541874588 1086.0432408805937 87.749434286728501 47.692512514069676 47.200565170496702 417.7747442536056 61.345237091183662 97.257724059745669 91.412398099899292 37.424440914765 107.45961604639888 63.103260017931461 190.18980715051293 81.029294753447175 150.32488417066634 104.29249047860503 98.123968932777643 134.72229951806366 99.45083318464458 64.970833389088511 44.85644911415875 42.824344424530864 207.63937333412468 61.88909194804728 49.022485326975584 46.684690678492188 57.129184689372778 64.661106113344431 58.356405669823289 841.6198733150959 57.973774103447795 405.61277314834297 64.568574998527765 60.015577290207148 125.86088100634515 104.66859871707857 87.53548976033926 49.979992402717471 70.518543388694525 117.98739068396389 81.438990511000156 58.334454860538244 150.14452204108238 55.154071424156427 45.876942910254002 120.72272449173033 88.394514467567205 53.740065641701221 51.264815483242273 43.783293027430773 106.4069262817502 54.647646766155958 50.802389524877071 78.316797392442822 70.212863326072693 137.60962679609656 62.8546745441854 426.74322515912354 76.312611535191536
leaf_count=1877 1456 2068 1655 9468 943 1182 2505 506 1027 570 862 329 631 1764 1951 3395 5518 487 941 1737 12882 896 487 554 5315 351 1540 1308 498 1445 787 2335 1037 2003 1460 1262 1638 1272 760 585 508 2331 754 667 508 833 930 810 11638 699 4479 639 722 1487 1143 1026 540 826 1189 855 691 1588 529 567 1310 1056 670 555 539 1135 690 629 960 408 1504 857 5016 842
internal_value=0 0.000158965 0.00256581 -0.000643494 -0.00248289 -0.00510432 0.00220369 0.0038502 -0.0151611 0.0078712 -0.0152956 -0.00816734 0.00238172 0 -0.0188561 -0.00380416 -0.00613274 -0.0131186 -0.016491 -0.00333276 0.000213479 -0.00628629 -0.00198286 0.00488908 0.00834827 0.0182695 0.00381678 0.00902139 -0.00360159 0.010099 0.0111179 0.0129226 0.0150226 0.011212 0.021391 0.0258609 0.0336531 0.0046444 0.0108337 0.00073802 0.0121645 0.00133682 0.0293354 -0.00665019 0.0318729 0.025377 0.00568778 0.0329142 -0.00797549 -0.014476 0.00614531 0.000560748 0.0166119 0.00935403 0.0119254 -0.0113584 -0.00457558 -0.00652408 -0.00939245 0.0019091 0.00281018 0.0099142 0.0144722 -0.0142216 -0.0114051 -0.00705799 -9.05712e-05 -0.0199253 0.0206162 0.0039392 0.0116657 -0.0121096 -0.00358497 -0.0193149 0.00949382 0.0110922 0.0131267 0.00414069
internal_weight=0 10597.3 5554.99 3457.75 5042.26 3240.01 1802.25 1651.64 150.618 2097.24 471.115 135.832 2445.03 1752.11 405.845 984.249 846.461 390.741 347.647 2768.89 1252.42 1516.47 1133.74 767.856 692.922 198.834 137.489 1961.41 149.956 1811.46 1704 1433.25 1243.06 929.188 357.875 313.876 215.752 571.313 371.965 245.105 142.275 270.743 126.86 199.347 253.583 206.898 102.086 149.769 1012.72 102.83 1432.97 530.197 124.584 902.769 776.908 253.079 1365.26 1116.46 858.001 254.58 258.459 200.125 136.593 603.42 532.902 412.179 272.519 139.659 97.5234 248.804 161.055 174.996 124.194 171.104 672.24 627.208 564.353 494.087
internal_count=131417 129540 71292 44507 58248 37420 20828 18858 1970 26785 5907 1785 30806 22127 5045 12105 10341 4823 4336 31513 14551 16962 13369 10022 8679 2522 2171 25000 1998 23002 21557 18439 16104 12167 4919 3937 2675 7248 4578 3064 1780 3118 1514 2670 3459 2951 1428 2118 13701 1284 16353 5840 1361 10513 9026 3094 15225 12504 9685 2573 2819 2128 1384 7112 6286 4976 3365 1611 1209 2721 1825 2156 1527 2063 7883 7377 6520 6157
is_linear=0
shrinkage=0.0454652


Tree=4
num_leaves=79
num_cat=0
split_feature=29 16 14 32 13 12 29 0 29 13 29 1 13 18 5 8 13 11 21 16 29 5 29 13 21 13 12 5 29 31 18 21 1 13 12 14 18 14 13 21 21 16 13 21 11 18 14 12 23 14 12 18 21 11 21 13 5 8 12 21 11 14 11 13 18 21 0 11 12 21 18 31 0 21 11 14 23 23
split_gain=44.6024 36.8832 52.8881 27.2585 22.9141 28.9214 27.1412 26.4005 22.3156 21.8809 25.461 34.8401 22.7973 20.336 19.9396 24.9023 21.5034 26.0825 19.3462 29.063 20.0272 29.4189 53.3919 33.4107 22.3154 28.5146 19.3285 18.8592 18.6486 17.168 31.0275 16.7548 16.5811 16.3931 16.1095 16.0978 16.073 15.9117 15.8212 15.2434 24.3775 14.6261 13.7566 13.7481 13.4715 17.6771 13.4707 13.4226 13.3915 13.319 20.7437 13.1564 12.8576 12.6261 12.584 15.848 12.1219 11.9734 11.8673 11.8462 11.6865 11.6527 11.5879 11.5186 14.6724 11.3757 10.9207 12.4878 10.8482 10.7334 10.8951 10.7227 10.5568 10.3721 10.3562 10.4179 13.9826 11.6686
threshold=-0.60785761475563038 0.54916545748710643 -15.765432834625242 1.0000000180025095e-35 -0.0076354111079126588 0.044511040672659881 0.87837970256805431 0.83628076314926159 0.6078576147556306 -0.088973794132471071 1.0000000180025095e-35 0.84612780809402477 -0.046091353520750993 37.500000000000007 -1.5616669654846189 1.381048917770386 -0.048079686239361756 0.012277619913220407 2.1859358549118046 0.70405808091163646 -1.0000000180025095e-35 1.5781319737434389 0.87837970256805431 0.044246302917599685 3.1533823013305669 0.10427121073007585 0.19769320636987689 -0.039106748998165124 1.0000000180025095e-35 1.0000000180025095e-35 44.500000000000007 7.9425077438354501 0.80468305945396434 -0.0072071924805641166 -0.082538101822137819 -11.758665561676024 91.500000000000014 -25.756069183349606 -0.0016758989659138022 11.511841773986818 13.993367671966555 0.46056807041168218 -0.028491118922829625 -1.7073131799697874 0.12120718881487848 45.500000000000007 -13.906226158142088 -0.036752087995409959 0.68894219398498546 -13.906226158142088 -0.0025673016207292672 64.500000000000014 -0.61838680505752552 0.032835980877280242 -3.9764616489410396 -0.0051309075206518165 3.3759500980377202 -0.15121594816446302 -0.0098603195510804636 8.5691142082214373 0.065866380929946913 -6.8566098213195792 0.0521424487233162 -0.01290268776938319 80.500000000000014 12.334751129150392 0.61719763278961193 0.07233701273798944 0.024899129755795005 10.084898471832277 65.500000000000014 1.0000000180025095e-35 0.66615796089172374 4.5973844528198251 0.019314855337142948 -1.9389569759368894 0.53873437643051159 0.73113334178924572
decision_type=2 2 2 2 2 2 2 2 2 2 2 2 2 2 2 2 2 2 2 2 2 2 2 2 2 2 2 2 2 2 2 2 2 2 2 2 2 2 2 2 2 2 2 2 2 2 2 2 2 2 2 2 2 2 2 2 2 2 2 2 2 2 2 2 2 2 2 2 2 2 2 2 2 2 2 2 2 2
left_child=73 2 9 4 8 6 13 41 14 37 11 12 34 38 48 16 -16 -18 19 29 26 22 24 62 -22 32 31 -19 72 52 61 33 -26 -20 -11 42 39 -2 -6 69 -41 -8 46 53 45 60 -5 -36 -4 -44 54 -49 -3 -12 55 -51 -37 66 -25 -60 -35 -31 -24 64 -59 -33 -10 -68 -32 74 -71 -15 -29 -1 -23 76 -76 -77
right_child=1 18 3 35 5 -7 7 -9 57 10 43 -13 -14 71 15 -17 17 27 20 -21 21 36 23 58 25 -27 -28 28 -30 30 68 65 -34 44 47 56 -38 -39 -40 40 -42 -43 49 -45 -46 -47 -48 51 -50 50 -52 -53 -54 -55 -56 -57 -58 63 59 -61 -62 -63 -64 -65 -66 -67 67 -69 -70 70 -72 -73 -74 -75 75 77 -78 -79
leaf_value=-0.03299168066661444 -0.0071459864837176441 0.0088669076806871285 -0.012619799258840133 0.010191329276312193 -0.023596399838320306 -0.027968207683476659 0.043679089962551446 0 0.017654722421570502 0.045996023109463387 0.01308608641761095 -0.004538218263117736 0 0.0046924450228979959 0.0049308550139113829 0.00091747203370812431 0.0062714503516912296 0.015913750101417316 -0.016520339799752193 -0.021811462297322861 0.00062965035921375286 0.013783494990063766 0 0 -0.026356974016416117 0.0064277655172977439 0.02914731216819964 0.047985323696441297 0.05868475772980325 -0.016652996433550928 0.033889564376540803 -0.012441591960473319 -0.011155848605234983 0.010123876116065798 -0.0026702918844127366 -0.0051178450479456919 -0.0069229830222279675 -0.030949315958542872 -0.00072852469780864185 -0.020198717207099402 0.0053054019451295679 0.0096859084261817132 0 -0.029571652172368797 -0.0085841702775501568 0.0067731113358155551 -0.016279768370864544 0.041972811509069688 0.012642466968000048 0.028585743960757942 -0.007280560717724413 0.0055624578636421923 -0.010544848085562651 -0.0062146968686323479 0.040537642188060198 -0.0054154010901176315 0.014428845445475427 0.0016734655075158137 0.034467880123216367 0.0068979296214245738 0.039341807263451142 0.005242151208184857 -0.027672965837140434 0.032810200251255278 0.025861036694617232 0.0060846593462968411 -0.012258867417872613 0.014479702465234655 0.0056172461274352561 0.034217946003544691 0.0055706501186615388 0.026307814768894884 0.018840885880034464 -0.0057753396691807611 0.021471497413721875 -0.010875148055533681 -0.0034158971646946106 0.013535746570612194
leaf_weight=97.992019914090633 195.95769732259214 74.536658896133304 57.924955412745476 68.332311775535345 73.788697134703398 52.254011984914541 81.072913073003292 83.164682976901531 44.098670374602079 58.151531701907516 71.435439882799983 309.24224228784442 103.17424791865051 167.77707375027239 88.666835717856884 101.64034147001803 80.501011909916997 85.296961821615696 46.540720336139202 233.29205472767353 178.36971884407103 181.25172451138496 90.566881433129311 51.928332703188062 389.12335800379515 89.829052647575736 60.638234818354249 46.266675159335136 100.47150625661016 105.29397943988442 68.011727528646588 181.69590386562049 277.17875193059444 59.977116752415895 46.625431004911661 705.00572554580867 411.39210064709187 86.076649213209748 344.74188717640936 132.58047196641564 171.28148127347231 47.979623835533857 118.10942647606134 44.990688687190413 61.274825606495142 295.86960864439607 81.701381403952837 46.704146880656481 134.01519269682467 61.090859746560454 45.724965842440724 42.687863228842616 569.11451678536832 808.091123778373 71.073316726833582 44.541069757193327 67.297220427542925 220.1782388612628 96.746155351400375 58.304680498316884 71.578776055946946 85.537484928965569 44.967424089089036 42.852030644193292 66.18744882196188 101.3909021653235 158.84046605601907 41.250585539266467 56.854906305670738 48.65859330072999 71.887705784291029 68.255998043343425 93.393529897555709 49.882824126631021 46.452269412577152 43.724323051050305 571.84467711672187 224.75791072659194
leaf_count=1279 2289 957 779 904 1022 668 941 963 610 751 1087 4117 1416 2075 984 1271 917 1150 526 2507 2123 2265 1101 735 4790 942 662 514 1049 1212 688 2213 3296 730 634 8851 4667 1203 4244 1497 1893 549 1642 674 663 3317 1002 590 1838 756 587 534 6531 11096 877 492 821 2967 1013 620 821 988 483 530 794 988 2250 489 645 553 795 783 1221 577 540 607 6584 2666
internal_value=0 0.000272496 0.00293006 0.00616408 0.00912912 0.00348711 0.00556172 0.0195356 0.0128798 -0.00336312 -0.0011686 0.00600587 0.0170466 0.000864103 0.0178627 0.0219691 0.0261545 0.0305761 -0.00242867 -0.00751482 -0.00091647 -0.00260553 -0.0079366 0.00726444 -0.0135674 -0.016966 0.0051245 0.0362879 0.042938 -0.00390982 0.00463675 0.00314915 -0.0202127 0.00789787 0.0260674 0.000758852 0.000954119 -0.0149194 -0.00506478 0.00317102 -0.00578444 0.0320924 0.00719787 -0.0059341 0.01044 0.0133357 -0.00395652 0.0161063 0.00466569 0.0122424 0.0186967 0.0261104 -0.00817986 -0.00453862 0.0257012 0.0141363 -0.00328479 0.00586817 0.0186918 0.0248503 0.0270869 -0.00668437 -0.00987357 0.0114917 0.00771698 -0.00564416 -0.00158131 -0.00632813 0.0219805 0.00551337 0.0182681 0.0114876 0.0299246 -0.0245338 0.00396414 0.00184837 -0.00133908 0.00927787
internal_weight=0 10609.1 5356.63 3543.5 2280.62 919.035 866.781 212.217 1361.58 1813.14 1531.1 606.585 297.343 654.564 788.177 596.237 494.597 405.93 5252.45 1192.64 4059.81 3180.85 1277.01 342.513 934.501 756.131 878.966 325.429 240.132 959.349 315.698 818.328 666.302 535.241 194.169 1262.88 1903.83 282.034 418.531 1492.44 303.862 129.053 490.573 924.517 488.7 427.426 150.034 136.017 191.94 340.54 222.43 89.392 643.651 879.527 176.705 105.632 772.303 573.407 206.979 155.051 131.556 190.831 135.534 329.218 286.366 283.087 244.19 200.091 124.867 1188.58 120.546 236.033 139.66 147.875 1068.03 886.779 618.297 268.482
internal_count=131405 129549 68931 44540 28608 11245 10577 2453 17363 24391 20899 8042 3925 8124 9723 7106 5835 4851 60618 13528 47090 37170 15103 3952 11151 9028 9920 3934 2784 11021 3533 9258 8086 6057 2509 15932 22067 3492 5266 17400 3390 1490 6260 12857 5531 4868 1906 1758 2617 4354 2712 1124 7488 12183 2125 1248 9672 7640 2368 1633 1551 2200 1584 4291 3761 3201 3349 2739 1333 14010 1348 2858 1735 1856 12662 10397 7124 3273
is_linear=0
shrinkage=0.0454652


end of trees

feature_importances:
Column_13=40
Column_28=31
Column_21=26
Column_14=25
Column_3=24
Column_2=21
Column_0=20
Column_12=20
Column_29=20
Column_15=18
Column_5=14
Column_33=14
Column_18=13
Column_6=12
Column_11=12
Column_17=11
Column_27=11
Column_7=9
Column_16=9
Column_4=7
Column_23=7
Column_22=6
Column_30=5
Column_8=4
Column_31=4
Column_10=3
Column_1=2
Column_32=2

parameters:
[boosting: gbdt]
[objective: binary]
[metric: auc]
[tree_learner: serial]
[device_type: cpu]
[data_sample_strategy: bagging]
[data: ]
[valid: ]
[num_iterations: 600]
[learning_rate: 0.0454652]
[num_leaves: 79]
[num_threads: 2]
[seed: 2024]
[deterministic: 0]
[force_col_wise: 0]
[force_row_wise: 0]
[histogram_pool_size: -1]
[max_depth: -1]
[min_data_in_leaf: 525]
[min_sum_hessian_in_leaf: 0.001]
[bagging_fraction: 0.774687]
[pos_bagging_fraction: 1]
[neg_bagging_fraction: 1]
[bagging_freq: 1]
[bagging_seed: 2024]
[feature_fraction: 0.515409]
[feature_fraction_bynode: 1]
[feature_fraction_seed: 2024]
[extra_trees: 0]
[extra_seed: 29642]
[early_stopping_round: 0]
[early_stopping_min_delta: 0]
[first_metric_only: 0]
[max_delta_step: 0]
[lambda_l1: 1.07292]
[lambda_l2: 4.08529]
[linear_lambda: 0]
[min_gain_to_split: 0]
[drop_rate: 0.1]
[max_drop: 50]
[skip_drop: 0.5]
[xgboost_dart_mode: 0]
[uniform_drop: 0]
[drop_seed: 2449]
[top_rate: 0.2]
[other_rate: 0.1]
[min_data_per_group: 100]
[max_cat_threshold: 32]
[cat_l2: 10]
[cat_smooth: 10]
[max_cat_to_onehot: 4]
[top_k: 20]
[monotone_constraints: ]
[monotone_constraints_method: basic]
[monotone_penalty: 0]
[feature_contri: ]
[forcedsplits_filename: ]
[refit_decay_rate: 0.9]
[cegb_tradeoff: 1]
[cegb_penalty_split: 0]
[cegb_penalty_feature_lazy: ]
[cegb_penalty_feature_coupled: ]
[path_smooth: 0]
[interaction_constraints: ]
[verbosity: -1]
[saved_feature_importance_type: 0]
[use_quantized_grad: 0]
[num_grad_quant_bins: 4]
[quant_train_renew_leaf: 0]
[stochastic_rounding: 1]
[linear_tree: 0]
[max_bin: 255]
[max_bin_by_feature: ]
[min_data_in_bin: 3]
[bin_construct_sample_cnt: 200000]
[data_random_seed: 6648]
[is_enable_sparse: 1]
[enable_bundle: 1]
[use_missing: 1]
[zero_as_missing: 0]
[feature_pre_filter: 1]
[pre_partition: 0]
[two_round: 0]
[header: 0]
[label_column: ]
[weight_column: ]
[group_column: ]
[ignore_column: ]
[categorical_feature: ]
[forcedbins_filename: ]
[precise_float_parser: 0]
[parser_config_file: ]
[objective_seed: 12337]
[num_class: 1]
[is_unbalance: 0]
[scale_pos_weight: 1]
[sigmoid: 1]
[boost_from_average: 1]
[reg_sqrt: 0]
[alpha: 0.9]
[fair_c: 1]
[poisson_max_delta_step: 0.7]
[tweedie_variance_power: 1.5]
[lambdarank_truncation_level: 30]
[lambdarank_norm: 1]
[label_gain: ]
[lambdarank_position_bias_regularization: 0]
[eval_at: ]
[multi_error_top_k: 1]
[auc_mu_weights: ]
[num_machines: 1]
[local_listen_port: 12400]
[time_out: 120]
[machine_list_filename: ]
[machines: ]
[gpu_platform_id: -1]
[gpu_device_id: -1]
[gpu_use_dp: 0]
[num_gpu: 1]

end of parameters

pandas_categorical:null
