tree
version=v4
num_class=1
num_tree_per_iteration=1
label_index=0
max_feature_idx=33
objective=binary sigmoid:1
feature_names=Column_0 Column_1 Column_2 Column_3 Column_4 Column_5 Column_6 Column_7 Column_8 Column_9 Column_10 Column_11 Column_12 Column_13 Column_14 Column_15 Column_16 Column_17 Column_18 Column_19 Column_20 Column_21 Column_22 Column_23 Column_24 Column_25 Column_26 Column_27 Column_28 Column_29 Column_30 Column_31 Column_32 Column_33
feature_infos=[0.22403052449226379:4.806818962097168] [0.027025075629353523:26.170040130615234] [0.17134076356887817:8.6935958862304688] [0.087584272027015686:1] [-28.67047119140625:41.262332916259766] [-36.190670013427734:42.326030731201172] [-36.841156005859375:62.500308990478516] [-45.158794403076172:63.120437622070312] [-22.455821990966797:30.680826187133789] [0:0.95389312505722046] [0:0.64536702632904053] [0:0.40022626519203186] [-0.51016271114349365:0.5480339527130127] [-0.15783818066120148:0.22172828018665314] [-46.22015380859375:17.161741256713867] [-8.3726015090942383:64.2962646484375] [0:1] [0:95] [0:95] [-1:1] [-29.775985717773438:44.984848022460938] [-30.712318420410156:55.0223388671875] [-2.5033562183380127:15.253066062927246] [0.049656935036182404:4.2456021308898926] [-1:1] [0:1] [0:1] [-1:1] [-1:1] [-0.78183150291442871:0.97492790222167969] [-0.90096884965896606:1] [0:1] [0:1] [0.89999997615814209:4.5999999046325684]
tree_sizes=1717 1804 1780 1814 1815 1793 1776 1792 1815 1809 1789 1818 1760 1819 1810 1802 1793 1811 1789 1806 1797 1782 1793 1808 1805 1819 1763 1801 1805 1805 1825 1803 1815 1812 1762 1813 1804 1811 1785 1804 1811 1822 1803 1815 1805 1812 1815 1785 1816 1782 1806

Tree=0
num_leaves=15
num_cat=0
split_feature=0 3 0 30 13 18 2 28 11 3 13 3 5 28
split_gain=82.2193 49.5859 50.483 45.6874 50.569 33.7528 33.6458 23.4629 28.2976 21.5129 26.2424 31.2314 23.1352 33.485
threshold=0.53311267495155346 0.46461251378059393 1.4969175457954409 1.0000000180025095e-35 -0.080939289182424531 89.500000000000014 0.60119435191154491 0.1413247883319855 0.01642405986785889 0.22874372452497485 0.042885804548859603 0.27030846476554876 0.57521283626556408 -0.16288578510284421
decision_type=2 2 2 2 2 2 2 2 2 2 2 2 2 2
left_child=6 3 7 4 -2 -5 -1 -3 -9 -6 12 -12 13 -11
right_child=1 2 -4 5 9 -7 -8 8 -10 10 11 -13 -14 -15
leaf_value=-1.0748326543296183 -1.0690069914021185 -1.0749354349508511 -1.0733433672997312 -1.072967955270586 -1.0777831400866613 -1.0686748082938931 -1.0790019699549755 -1.0741254521346444 -1.0769518245786271 -1.0720384178846838 -1.0680329504265076 -1.0741232280674304 -1.0767651236066658 -1.0764402221535843
leaf_weight=273.88898142240942 149.04493431374431 2701.0682750772685 1295.2787560299039 1180.6854354217649 236.15895528905094 234.8887519352138 629.35400554165244 429.15198338963091 1717.9336125124246 371.90011383779347 109.98300405032933 405.62816739082336 614.86400896683335 312.42127559706569
leaf_count=3850 1911 35859 17012 15527 3420 2895 8378 5517 22765 5119 1272 4876 7745 4563
internal_value=-1.07483 -1.07455 -1.0751 -1.07361 -1.07455 -1.0722 -1.07773 -1.07558 -1.07637 -1.07495 -1.07459 -1.07267 -1.07534 -1.0741
internal_weight=0 9759.01 6143.43 3615.57 2200 1415.57 903.243 4848.15 2147.09 2050.96 1814.8 515.611 1299.19 684.321
internal_count=140709 128481 81153 47328 28906 18422 12228 64141 28282 26995 23575 6148 17427 9682
is_linear=0
shrinkage=1


Tree=1
num_leaves=15
num_cat=0
split_feature=0 3 30 1 13 27 29 0 27 10 11 33 3 16
split_gain=83.1564 56.1357 61.1027 59.5481 50.468 41.5206 42.1899 39.224 36.5259 31.4487 27.0583 26.7528 25.2706 24.8707
threshold=0.53311267495155346 0.46461251378059393 1.0000000180025095e-35 1.0658645033836367 -0.073104579001665101 0.1413247883319855 -1.0000000180025095e-35 1.0562679767608645 -0.39271505177021021 0.14409156143665316 0.036897206678986556 0.97991594672203075 0.29925630986690527 0.7267546057701112
decision_type=2 2 2 2 2 2 2 2 2 2 2 10 2 2
left_child=8 2 4 5 12 6 10 -8 -1 -7 -3 -11 -2 -10
right_child=1 3 -4 -5 -6 9 7 -9 13 11 -12 -13 -14 -15
leaf_value=-0.0073966149650822634 0.00078660381491706295 0.0037454108364656092 0.0028822882005704537 0.00088485512714910281 -0.00029113731355020003 -0.0010332642041210932 -0.0037479171019178126 -0.00051862746967449853 -0.0030377270307634678 0.0002714452562142873 -0.0011474091303931837 0.004902491823939076 0.0085782769245201698 0.00097867429608456216
leaf_weight=155.17017655447125 97.179740868508816 176.19202420488 1422.4663305897266 2439.900100056082 1996.9023557789624 829.57148776017129 1200.3876452408731 613.51670681685209 537.76861153170466 375.95143198408186 287.5926505792886 203.62985144555569 95.23256965726614 198.56174964830279
leaf_count=2000 1471 2309 18531 32065 26200 10520 16282 8129 7436 6359 4120 1288 1134 2642
internal_value=0 0.000254896 0.00125537 -0.000329122 0.000173539 -0.00114365 -0.00198679 -0.00268466 -0.00295748 0.000193947 0.000656013 0.00201006 0.00502562 -0.00190128
internal_weight=0 9738.52 3611.78 6126.74 2189.31 3686.84 2277.69 1813.9 891.501 1409.15 463.785 579.581 192.412 736.33
internal_count=140486 128408 47336 81072 28805 49007 30840 24411 12078 18167 6429 7647 2605 10078
is_linear=0
shrinkage=0.0101079


Tree=2
num_leaves=15
num_cat=0
split_feature=0 3 22 27 27 11 13 3 33 16 15 17 14 27
split_gain=72.4444 58.1449 64.6603 43.3108 36.047 30.9776 30.5387 33.6461 26.6974 24.9559 32.38 24.1639 18.851 17.8486
threshold=0.53311267495155346 0.46461251378059393 -0.063584104180335985 0.1413247883319855 -0.49049438536167139 0.060358026996254928 -0.076615560799837099 0.27348537743091589 0.90112781524658214 0.72322964668273937 3.7718491554260258 54.500000000000007 -8.1959953308105451 -0.35222910344600672
decision_type=2 2 2 2 2 2 2 2 10 2 2 2 2 2
left_child=4 6 3 5 -1 11 7 -2 -7 10 -6 -3 -8 -14
right_child=1 2 -4 -5 9 8 12 -9 -10 -11 -12 -13 13 -15
leaf_value=-0.0083181637489624077 0 0.00059420337908642324 0.00068444121529202362 5.8957373926975685e-05 0.0014950887689996807 -0.0023928263576996674 8.5135310083888163e-05 0.0070826719179302132 -0.0064901508314106808 0.00079113891528031035 -0.004238831094069191 -0.0023616476558978388 0.0047667519930270734 0.0012580625375967567
leaf_weight=103.17722974903882 123.16301417350769 447.07654969394207 2948.945118913427 1249.5631530657411 111.73988364078104 570.78887185826898 1556.1865190453827 174.68335797078907 268.76884880661964 220.47402361780405 463.74970602430403 675.16668695211411 170.67782290093601 1594.1715685296804
leaf_count=1289 1827 6113 39296 15755 1665 9438 21856 2184 1673 2917 6313 9033 1872 19634
internal_value=0 0.000206165 -0.000386201 -0.00138123 -0.00277953 -0.00231579 0.00122439 0.00432272 -0.00379897 -0.001939 -0.00305106 -0.0011522 0.000925074 0.0016393
internal_weight=0 9779.19 6160.31 3211.36 899.141 1961.8 3618.88 297.846 839.558 795.964 575.49 1122.24 3321.04 1764.85
internal_count=140865 128681 81308 42012 12184 26257 47373 4011 11111 10895 7978 15146 43362 21506
is_linear=0
shrinkage=0.0101079


Tree=3
num_leaves=15
num_cat=0
split_feature=0 3 22 30 13 2 14 3 13 3 5 28 28 32
split_gain=73.3853 50.0044 61.9799 50.3022 51.8994 33.4265 27.2872 20.8319 24.3926 25.4881 24.1818 35.409 20.237 20.1603
threshold=0.52239373326301586 0.46461251378059393 -0.016345554031431671 1.0000000180025095e-35 -0.080939289182424531 0.79221418499946605 -3.6250957250595088 0.22874372452497485 0.042885804548859603 0.27030846476554876 0.41780713200569158 -0.14132478833198545 -0.95688340067863453 1.0000000180025095e-35
decision_type=2 2 2 2 2 2 2 2 2 2 2 2 2 2
left_child=5 3 13 4 -2 -1 12 -6 10 -10 11 -9 -5 -3
right_child=1 2 -4 6 7 -7 -8 8 9 -11 -12 -13 -14 -15
leaf_value=-0.00074235733478221217 0.0058265142784920997 -0.00046455231109468123 0.00083960354154289795 -0.001080260613843836 -0.0029339640897685045 -0.0049589434755194428 0.0061356753363125942 0.0029179376618888794 0.0062004232438284167 0.00071725095791198726 -0.0019232598173532997 -0.0016625868232254986 0.0025593551965993637 -0.0020730527777427878
leaf_weight=424.11207044310868 151.01966076903045 1884.4197947904468 2785.3597823902965 161.22783386521041 238.10275970585644 394.85025612078607 206.91595339588821 364.26766447350383 111.55611220374703 414.21815006993711 647.46504198014736 304.00221998244524 1067.9704918097705 1494.3443011678755
leaf_count=6055 1947 24082 37095 1997 3460 5089 2685 5064 1278 4970 8196 4386 14052 20364
internal_value=0 0.000283717 -0.000266963 0.00121911 0.000246683 -0.00285133 0.00269219 -0.000158941 0.000188591 0.00202864 -0.000523559 0.000779052 0.0020455 -0.00119098
internal_weight=0 9830.87 6164.12 3666.75 2230.63 818.962 1436.11 2079.61 1841.51 525.774 1315.73 668.27 1229.2 3378.76
internal_count=140720 129576 81541 48035 29301 11144 18734 27354 23894 6248 17646 9450 16049 44446
is_linear=0
shrinkage=0.0101079


Tree=4
num_leaves=15
num_cat=0
split_feature=0 27 0 29 27 21 5 29 16 13 29 29 27 23
split_gain=70.5571 47.3454 46.489 75.2509 38.8601 38.1698 30.7771 22.5221 22.2885 17.8242 34.8216 20.5979 35.3113 49.5677
threshold=0.53311267495155346 -0.71473535895347584 1.0513934493064883 -1.0000000180025095e-35 0.11969653144478799 -4.9175379276275626 -0.039106748998165124 -0.60785761475563038 0.72322964668273937 0.01832259260118008 0.87837970256805431 -1.0000000180025095e-35 0.20576497167348864 0.83095684647560131
decision_type=2 2 2 2 2 2 2 2 2 2 2 2 2 2
left_child=4 2 3 6 8 -3 -2 -7 -1 -9 11 -11 -13 -14
right_child=1 5 -4 -5 -6 7 -8 9 -10 10 -12 12 13 -15
leaf_value=-0.0053779068635787719 -0.00092085265846314881 0.0022460227031151406 0.00024993811759921883 -0.003723153343767896 0.00011475851457501728 0.0048657446346859687 0.0058759324872951256 -0.000285005416987524 -0.00061190004564615414 -0.00016553120602233842 -0.0014203422822266459 -1.8504158795156384e-05 0.0055929827370326092 0.00085603720061573564
leaf_weight=441.16251476481557 120.3271820563823 1247.2791450638324 1451.2883440759033 944.26573396101594 297.90866596996784 101.03103155083954 123.40093946643174 3268.297124478966 157.76616247370839 530.35633544065058 523.94136387296021 494.73497393168509 461.11322127282619 487.10413560830057
leaf_count=6089 1672 18204 18426 13237 4029 1221 1666 42825 2054 6698 6313 6136 6042 6084
internal_value=0 0.00020876 -0.000939514 -0.00241878 -0.00274163 0.000641013 0.00243321 0.000290406 -0.00421274 0.00019689 0.000842689 0.00146716 0.00209288 0.00322822
internal_weight=0 9753.14 2639.28 1187.99 896.837 7113.86 243.728 5866.58 598.929 5765.55 2497.25 1973.31 1442.95 948.217
internal_count=140696 128524 35001 16575 12172 93523 3338 75319 8143 74098 31273 24960 18262 12126
is_linear=0
shrinkage=0.0101079


Tree=5
num_leaves=15
num_cat=0
split_feature=0 3 1 2 30 13 30 33 13 3 18 17 3 13
split_gain=77.0239 45.6715 41.0595 39.9694 36.9302 34.5842 44.6066 34.0051 41.1927 32.0199 31.4164 26.4051 24.4826 24.1074
threshold=0.58277720212936412 0.46461251378059393 1.1841987967491152 0.58828774094581615 1.0000000180025095e-35 -0.078842744231224046 1.0000000180025095e-35 1.0013927817344668 0.033122248947620399 0.27348537743091589 84.500000000000014 12.500000000000002 0.21460817754268649 0.068580165505409255
decision_type=2 2 2 2 2 2 2 8 2 2 2 2 2 2
left_child=3 5 -3 4 -1 9 7 8 -7 -2 13 -5 -9 -8
right_child=1 2 -4 11 -6 6 10 12 -10 -11 -12 -13 -14 -15
leaf_value=-0.0016648807639653839 6.463613904110992e-05 -0.00078276613482084194 0.00098968172188086461 0.0013075300095320907 0.0048479410027498504 -0.0043014290834641452 0.0021311678886824399 -0.0030478935696557057 0.00083424281341150798 0.0077831006865797499 0.0054693162787933939 -0.003884368569624166 0.0014227393669694365 -0.0025756719776041993
leaf_weight=249.776731653139 101.69991388358176 3921.0146937649697 2004.8447025120258 96.679872525855899 126.11902530305088 336.01785725355148 846.28666909039021 128.14512337744236 273.52874273061752 148.19891922548413 278.48909005522728 869.10784143209457 1162.6572716739029 113.89721632748842
leaf_count=3311 1504 51817 26354 1328 1878 2099 11160 2107 1712 1817 3385 11808 18978 1345
internal_value=0 0.000353629 -0.000175782 -0.00222989 0.000467671 0.0012896 0.000978584 0 -0.00194941 0.00489423 0.00246466 -0.00331685 0.000932417 0.00151509
internal_weight=0 9314.78 5925.86 1341.68 375.896 3388.92 3139.02 1900.35 609.547 249.899 1238.67 965.788 1290.8 960.184
internal_count=140603 122278 78171 18325 5189 44107 40786 24896 3811 3321 15890 13136 21085 12505
is_linear=0
shrinkage=0.0101079


Tree=6
num_leaves=15
num_cat=0
split_feature=0 3 22 30 2 21 7 18 32 30 29 20 2 17
split_gain=72.888 50.1683 60.3782 53.5696 31.7826 25.7367 25.1767 24.0302 23.8459 48.2041 38.5221 36.0228 22.2267 41.9463
threshold=0.53311267495155346 0.46461251378059393 -0.063584104180335985 1.0000000180025095e-35 0.60119435191154491 -7.6423468589782706 5.5778667926788339 89.500000000000014 1.0000000180025095e-35 1.0000000180025095e-35 -1.0000000180025095e-35 -1.9488431215286253 1.0155445337295534 54.500000000000007
decision_type=2 2 2 2 2 2 2 2 2 2 2 2 2 2
left_child=4 3 8 5 6 -2 -1 -5 9 -3 -10 -11 13 -12
right_child=1 2 -4 7 -6 -7 -8 -9 10 11 12 -13 -14 -15
leaf_value=-0.0020642508398573682 0.0035143301339597833 -0.0020324239198409116 0.0007025712363477681 0.0020190468647602313 -0.0040291270232488 -0.00018307072377200136 0.0041921569121062168 0.0056664247719052634 0.00093454749394250407 0.0046054223531238631 0.0037106320930647323 0 -0.0038952740649470423 -0.0041724026249250366
leaf_weight=184.11436381004751 204.04297849722207 962.44743739441037 2940.7761946097016 1178.0227031242102 623.14791218005121 1990.2568655088544 92.241959629580379 240.07833296991885 281.27160323038697 229.3049111738801 121.29666204936802 592.43475931324065 870.69528853334486 138.31177090667188
leaf_count=2624 2822 12172 39161 15485 8383 26017 1220 2953 3959 3009 1651 7536 11762 1898
internal_value=0 0.000218401 -0.000332808 0.00116468 -0.00277645 0.00015334 0 0.00269197 -0.00129762 -0.000488292 -0.00228392 0.00127347 -0.00312131 -0.000336891
internal_weight=0 9748.94 6136.54 3612.4 899.504 2194.3 276.356 1418.1 3195.76 1784.19 1411.58 821.74 1130.3 259.608
internal_count=140652 128425 81148 47277 12227 28839 3844 18438 41987 22717 19270 10545 15311 3549
is_linear=0
shrinkage=0.0101079


Tree=7
num_leaves=15
num_cat=0
split_feature=0 27 3 22 13 30 33 13 3 15 16 0 3 16
split_gain=67.6664 59.0561 42.4758 49.0511 32.0067 38.0867 31.8713 41.0222 28.3403 25.7048 26.0963 24.7765 24.7605 24.7346
threshold=0.59079074859619152 0.11969653144478799 0.46461251378059393 0.435023844242096 -0.078842744231224046 1.0000000180025095e-35 1.0013927817344668 0.033122248947620399 0.27348537743091589 4.1885051727294931 0.76244360208511364 0.77555236220359813 0.22449702769517901 0.7267546057701112
decision_type=2 2 2 2 2 2 8 2 2 2 2 2 2 2
left_child=1 13 4 -4 8 6 7 -6 -2 -3 -11 -7 -8 -1
right_child=2 9 3 -5 5 11 12 -9 -10 10 -12 -13 -14 -15
leaf_value=-0.0047893784989721218 8.8371785980513175e-05 0.0050342698822919349 -0.00081512851265630861 0.0012055794070031322 -0.0042636706102570964 0.0041625270184370566 -0.0027498531570491484 0.00087327850654185979 0.0074977647438030986 -0.0020519538847933636 0.0030611745901340257 0.0010854994824319637 0.0014528979945216789 -0.00061065901977557901
leaf_weight=624.84959164820611 98.849566325545311 93.956411341205239 4165.7220305409282 1722.448089459911 332.19279596209526 457.68009524978697 151.36643075197935 274.03017984330654 143.17254835925996 345.05539220012724 132.60018979199231 768.04123538918793 1120.9963312149048 221.17215731553733
leaf_count=8631 1473 1359 54658 23106 2076 5695 2518 1715 1742 4708 1822 9990 18320 2834
internal_value=0 -0.00207113 0.000294741 -0.000216353 0.00120458 0.000905864 0 -0.00189366 0.00472897 0.000374632 -0.000523244 0.00228594 0.000907863 -0.00375962
internal_weight=0 1417.63 9234.5 5888.17 3346.33 3104.31 1878.59 606.223 242.022 571.612 477.656 1225.72 1272.36 846.022
internal_count=140647 19354 121293 77764 43529 40314 24629 3791 3215 7889 6530 15685 20838 11465
is_linear=0
shrinkage=0.0101079


Tree=8
num_leaves=15
num_cat=0
split_feature=22 27 29 27 30 28 29 29 28 2 2 17 21 28
split_gain=63.8429 55.238 39.0301 35.8839 65.4569 39.7499 32.9228 36.477 33.957 27.863 27.1512 26.0384 37.281 24.0039
threshold=-0.84997692704200734 0.20576497167348864 -1.0000000180025095e-35 -0.79989895224571217 1.0000000180025095e-35 0.1413247883319855 0.87837970256805431 -1.0000000180025095e-35 -0.09801131114363669 2.0220097303390507 1.1641033887863161 13.500000000000002 -7.8052854537963858 -0.076279435306787477
decision_type=2 2 2 2 2 2 2 2 2 2 2 2 2 2
left_child=1 2 -1 6 5 -5 7 -2 -9 -8 13 -7 -13 -6
right_child=3 -3 -4 4 10 11 9 8 -10 -11 -12 12 -14 -15
leaf_value=0.0019887214496089761 0.00091908761658116651 0.0010685106696532659 -0.0043938170319011887 0.00055347615348839323 0.0013611780024174926 0.00075412849000228383 0.0034287565486893837 -0.00057344587321835386 -0.0040717363701888408 -0.0017236856882976482 0.0004272167196253089 0.0021881393691120759 -0.0028735998545897446 0.0037326985908910058
leaf_weight=98.648476084694266 420.55258285813034 352.98087842203677 746.95985117554665 2811.0986464116722 1026.9982451740652 388.71256873570383 280.58573609031737 568.62478081509471 632.87716046348214 153.10188798978925 1067.2053889427334 157.89021081477404 1053.4534383267164 887.98407076857984
leaf_count=1432 5455 5418 10318 37019 13880 4676 3911 7462 8286 1786 13437 2259 13606 11709
internal_value=0 -0.00218688 -0.00359064 0.00028238 0.000614056 -0.000159876 -0.000888702 -0.00156159 -0.00246369 0.0015197 0.00176986 -0.00143502 -0.00217104 0.00249238
internal_weight=0 1198.59 845.608 9449.08 7393.34 4411.15 2055.74 1622.05 1201.5 433.688 2982.19 1600.06 1211.34 1914.98
internal_count=140654 17168 11750 123486 96586 57560 26900 21203 15748 5697 39026 20541 15865 25589
is_linear=0
shrinkage=0.0101079


Tree=9
num_leaves=15
num_cat=0
split_feature=0 27 3 1 16 30 30 13 18 27 0 10 3 13
split_gain=71.5776 61.1573 45.1004 43.3942 31.2886 26.6358 25.9354 40.3279 28.6659 23.3609 25.2574 22.8741 22.1636 27.7673
threshold=0.59079074859619152 0.11969653144478799 0.46461251378059393 1.1841987967491152 0.72322964668273937 1.0000000180025095e-35 1.0000000180025095e-35 -0.080939289182424531 86.500000000000014 -0.50938662886619557 0.44817738234996801 0.12152959406375886 0.22874372452497485 0.042885804548859603
decision_type=2 2 2 2 2 2 2 2 2 2 2 2 2 2
left_child=1 4 6 -4 9 -3 7 -2 -8 -1 -11 12 -9 -14
right_child=2 5 3 -5 -6 -7 8 11 -10 10 -12 -13 13 -15
leaf_value=-0.0086244048617824445 0.0057965964065487211 -0.0010277247305279147 -0.00082075008485202154 0.0010008133766650569 -0.00033396472334713432 0.0035485711779801956 0.0015681898625152506 -0.0024004447629624799 0.0054098888719001387 -0.0061485407394238425 -0.0011786148192625312 -0.0019535990211774616 0.00027520591070380798 0.0036725416087421249
leaf_weight=150.46815413236618 130.94981732219458 392.52813273668289 3866.1152092330158 2021.4273672960699 219.2156979534775 181.48152207396924 1057.7283429410309 186.34694166667759 260.62766377069056 215.6978004835546 251.7277352809906 407.70435621216893 951.24231410212815 340.03565310314298
leaf_count=1968 1635 5378 51176 26496 2823 2578 13765 2811 3205 3023 3627 5254 12819 4007
internal_value=0 -0.00210029 0.000338171 -0.000187979 -0.00383504 0.000377089 0.00127755 0.000527187 0.00238497 -0.00499318 -0.00361922 0.000117898 0.000723832 0.00121734
internal_weight=0 1411.12 9222.18 5887.54 837.109 574.01 3334.64 2016.28 1318.36 617.894 467.426 1885.33 1477.62 1291.28
internal_count=140565 19397 121168 77672 11441 7956 43496 26526 16970 8618 6650 24891 19637 16826
is_linear=0
shrinkage=0.0101079


Tree=10
num_leaves=15
num_cat=0
split_feature=0 3 22 27 27 11 16 10 21 16 0 28 2 3
split_gain=68.8655 51.6411 57.0726 42.3576 39.2366 28.5888 28.8063 28.3347 28.1666 21.7088 23.3554 21.4282 20.4128 20.3515
threshold=0.53311267495155346 0.46461251378059393 -0.063584104180335985 -0.11969653144478797 -0.49049438536167139 0.063622396439313902 0.73845747113227855 0.14409156143665316 -10.706901073455809 0.72322964668273937 0.44817738234996801 -0.11969653144478797 1.4310426115989687 0.23285563290119174
decision_type=2 2 2 2 2 2 2 2 2 2 2 2 2 2
left_child=4 8 3 5 -1 6 -3 12 -2 10 -6 -7 -5 -10
right_child=1 2 -4 7 9 11 -8 -9 13 -11 -12 -13 -14 -15
leaf_value=-0.0085351450619420947 0.0053354170144018628 -0.0018754838901391059 0.00068876241807741892 -0.0017697518762620553 -0.0051762628983951994 0 0.0027872987952579716 0.0017207846511052693 -0.00095342547441944908 0.00070224326118038056 -0.00086332381575873946 -0.0045843421648430836 0.0027540466852499757 0.0012943415320136142
leaf_weight=99.823986841365695 158.02055096998811 874.71587941981852 2946.4980806205422 746.58924270048738 249.08632679097354 108.89064551144838 146.90207606181502 588.72394231706858 449.34229109436274 222.46176146715879 319.20098242349923 616.54588726349175 104.74541665799916 3022.1302678342909
leaf_count=1287 2036 11889 39168 9365 3491 1613 2180 7643 6136 2952 4493 8067 1205 39159
internal_value=0 0.000244736 -0.000315561 -0.00125617 -0.00267988 -0.00231069 -0.00114996 6.28323e-07 0.00120141 -0.00181545 -0.0028676 -0.00386108 -0.00114648 0.0009903
internal_weight=0 9763.1 6133.61 3187.11 890.573 1747.05 1021.62 1440.06 3629.49 790.749 568.287 725.437 851.335 3471.47
internal_count=140684 128461 81130 41962 12223 23749 14069 18213 47331 10936 7984 9680 10570 45295
is_linear=0
shrinkage=0.0101079


Tree=11
num_leaves=15
num_cat=0
split_feature=0 3 0 30 13 27 27 28 29 18 29 28 12 13
split_gain=63.9162 41.4824 45.6318 43.6379 42.8479 40.6237 36.0021 37.4126 34.566 30.7514 27.6212 26.4478 23.8215 23.1157
threshold=0.53311267495155346 0.46461251378059393 1.4969175457954409 1.0000000180025095e-35 -0.073104579001665101 -0.49049438536167139 -0.47136868536472315 0.43245348334312445 -1.0000000180025095e-35 88.500000000000014 0.87837970256805431 0.75894212722778331 -0.085941951721906648 -0.0021100024459883566
decision_type=2 2 2 2 2 2 2 2 2 2 2 2 2 2
left_child=5 3 6 4 -2 -1 7 10 -9 -5 -3 -7 -8 -12
right_child=1 2 -4 9 -6 11 12 8 -10 -11 13 -13 -14 -15
leaf_value=-0.0085616302524636097 0.0045807366520619229 -0.0015984655453516845 0.0013596248769145002 0.0016583640943705501 -0.00028589835187919243 0.0012920593567732272 0.0025009599909694359 0.00046967879124363513 -0.0053214250664705273 0.0056063629567645367 -0.0013460069995855607 -0.0028272796793616709 -0.00037214033392325089 0.0043252988248565442
leaf_weight=100.17676713876426 195.22694772668183 1136.0740450751036 1296.9945979695767 1167.8960539009422 2010.7182790786028 196.60942011512816 325.72543025948107 119.80460556969047 441.39980109594762 258.37181330099702 110.16438483446836 590.12267299927771 2521.8445565514266 161.38947214558721
leaf_count=1287 2624 15566 17027 15266 26310 2675 4599 1625 6026 3165 1524 8229 32387 2227
internal_value=0 0.000196281 -0.000306909 0.0010532 0.000140815 -0.0026261 -0.000765522 -0.001814 -0.00402424 0.00242783 -0.000887229 -0.00174432 -2.35035e-05 0.0019056
internal_weight=0 9745.61 6113.4 3632.21 2205.95 886.909 4816.4 1968.83 561.204 1426.27 1407.63 786.732 2847.57 271.554
internal_count=140537 128346 80981 47365 28934 12191 63954 26968 7651 18431 19317 10904 36986 3751
is_linear=0
shrinkage=0.0101079


Tree=12
num_leaves=15
num_cat=0
split_feature=0 27 30 0 29 0 33 0 2 12 27 5 2 14
split_gain=68.1958 37.236 60.6334 43.5796 79.0343 41.5565 65.6907 40.8872 34.4939 30.5392 28.9285 27.9135 26.8519 26.2141
threshold=0.53311267495155346 -0.71473535895347584 1.0000000180025095e-35 1.0562679767608645 -1.0000000180025095e-35 0.77555236220359813 2.996249914169312 1.3140261173248293 0.60119435191154491 0.033362925052642829 0.098011311143636717 0.9238204061985017 0.84518715739250194 -6.0575318336486808
decision_type=2 2 2 2 2 2 8 2 2 2 2 2 2 2
left_child=8 3 7 4 11 6 -4 -3 -1 13 -10 -2 -6 -8
right_child=1 2 5 -5 12 -7 9 -9 10 -11 -12 -13 -14 -15
leaf_value=0.00021165226169472508 0 -0.00054406173086007676 0.0075008550478570107 0.00041101215709662649 0.00010131622712368583 0.00090083278164590464 0.0015708261052618407 0.0022704285891996081 -0.0052366835220999221 -0.0016199553596489822 0 0.0066732491648481933 -0.004270662497860094 0.0074767740752376436
leaf_weight=272.13259433954954 140.84624862857163 3560.2207823470235 289.61038202047348 1440.9083032123744 152.85512520745397 2002.6019115336239 375.95063268020749 609.46444382332265 455.59210007451475 188.72115770541131 156.77799909561872 100.83497103862464 787.8791225720197 102.46861260943115
leaf_count=3809 1972 46557 1813 18279 2276 26314 6168 8253 6174 2951 2171 1381 10957 1561
internal_value=0 0.00027527 0.000657037 -0.000745708 -0.00218293 0.00176243 0.00350248 -0.000119589 -0.00264379 0.00164153 -0.00396503 0.00281699 -0.00352248 0.00301664
internal_weight=0 9752.36 7129.04 2623.32 1182.42 2959.35 956.751 4169.69 884.503 667.14 612.37 241.681 940.734 478.419
internal_count=140636 128482 93617 34865 16586 38807 12493 54810 12154 10680 8345 3353 13233 7729
is_linear=0
shrinkage=0.0101079


Tree=13
num_leaves=15
num_cat=0
split_feature=0 27 30 28 29 27 1 0 33 29 28 14 33 7
split_gain=65.907 40.2964 62.4083 52.4303 51.3936 38.4523 35.3885 32.0855 55.1528 31.4301 29.0835 27.5683 39.0721 39.5854
threshold=0.53311267495155346 -0.71473535895347584 1.0000000180025095e-35 -0.16288578510284421 -1.0000000180025095e-35 -0.49049438536167139 1.2877041697502138 0.77555236220359813 0.99472221732139599 0.87837970256805431 0.45201864838600164 -20.847403526306149 0.97991594672203075 8.4921770095825213
decision_type=2 2 2 2 2 2 2 2 10 2 2 2 10 2
left_child=5 3 6 -2 -5 -1 11 8 -4 -6 -11 -3 -13 -14
right_child=1 2 7 4 9 -7 -8 -9 -10 10 -12 12 13 -15
leaf_value=-0.0084544418753592539 0.00079647452240895792 0.0026062787185842135 0.0015135018827307819 0.001456120372981896 -0.0039905408297344919 -0.0018103058320463482 0.0014207244600750765 0.00093735570697978912 0.0068374383803317179 0.001745708894127943 -0.0045859540490433637 -0.00015875458878670566 -0.0041017457381182796 5.2700409206551003e-05
leaf_weight=100.11411177925766 1084.9055990576744 219.43646182306111 675.71138456277549 313.81866773590446 899.42739764414728 796.30488021858037 1010.0990990400314 2006.7574299592525 296.88281716406345 221.37295561656356 100.95087143965065 1947.1610432546586 646.00386707484722 335.4075550287962
leaf_count=1287 14308 3140 10721 4123 12085 10990 13606 26389 1867 2972 1366 31737 4068 2084
internal_value=0 0.000189581 0.000586481 -0.000874619 -0.00207962 -0.00266225 -0.000205146 0.00170257 0.00322053 -0.00302415 -0.00017482 -0.000741846 -0.00101264 -0.00265152
internal_weight=0 9757.94 7137.46 2620.48 1535.57 896.419 4158.11 2979.35 972.594 1221.75 322.324 3148.01 2928.57 981.411
internal_count=140743 128466 93612 34854 20546 12277 54635 38977 12588 16423 4338 41029 37889 6152
is_linear=0
shrinkage=0.0101079


Tree=14
num_leaves=15
num_cat=0
split_feature=22 3 13 22 30 3 14 23 13 13 28 14 33 14
split_gain=54.737 40.4079 36.807 30.9249 30.2015 62.416 33.7159 28.507 28.1883 25.7983 25.9306 24.6163 30.4395 22.3411
threshold=-0.89029783010482777 0.34080092608928686 -0.088973794132471071 0.4847139716148377 1.0000000180025095e-35 0.46461251378059393 -3.6250957250595088 0.71552586555480968 -0.029562128707766529 0.068580165505409255 -0.05451125651597976 -20.847403526306149 0.99611112475395214 -8.1959953308105451
decision_type=2 2 2 2 2 2 2 2 2 2 2 2 10 2
left_child=1 -1 -2 4 8 6 9 -3 11 10 13 -4 -13 -6
right_child=2 7 3 -5 5 -7 -8 -9 -10 -11 -12 12 -14 -15
leaf_value=0.0021802656287387401 0.0038780310049126433 -0.0040368611107695325 0.00067624630969101342 0.0012591664506953412 -0.00097507562867728509 -0.00055463629041172576 0.0065420740218258442 0.00019200072888605273 -0.00025807905293980703 -0.0027851935118508894 0.0039427375316589946 -0.001686079926074215 -0.0066314763868802577 0.0037751955836058016
leaf_weight=166.42208032496274 275.29382810555398 671.13497343659401 192.30447869002819 2060.7051642928272 316.03102241456509 1720.6315449886024 173.9821440987289 189.84578583948314 3538.5120727140456 105.0193712990731 448.93712986819446 468.7242432422936 192.53028450906277 136.2776827570051
leaf_count=2537 3479 9614 2805 27818 4146 22383 2193 2829 44923 1214 5849 8146 1227 1574
internal_value=0 -0.00216581 0.00027958 0.00016627 -0.000137986 0.000654338 0.00244318 -0.00306428 -0.000670733 0.00165063 0.00223113 -0.00231696 -0.00324576 0.000406996
internal_weight=0 1027.4 9628.95 9353.66 7292.95 2900.88 1180.25 860.981 4392.07 1006.27 901.246 853.559 661.255 452.309
internal_count=140737 14980 125757 122278 94460 37359 14976 12443 57101 12783 11569 12178 9373 5720
is_linear=0
shrinkage=0.0101079


Tree=15
num_leaves=15
num_cat=0
split_feature=0 3 22 30 13 3 11 2 10 32 30 29 0 20
split_gain=62.7216 42.7309 66.0552 56.1696 54.5705 27.6599 26.443 26.3744 23.1839 23.0616 45.2125 42.2811 30.1595 28.2973
threshold=0.45679874718189245 0.46461251378059393 -0.063584104180335985 1.0000000180025095e-35 -0.073104579001665101 0.21460817754268649 0.087930060923099532 1.4111945033073428 0.11463093757629396 1.0000000180025095e-35 1.0000000180025095e-35 -1.0000000180025095e-35 0.6760881543159486 -1.9488431215286253
decision_type=2 2 2 2 2 2 2 2 2 2 2 2 2 2
left_child=6 3 9 4 -2 -6 -1 -5 -7 10 -3 -11 -13 -12
right_child=1 2 -4 7 5 8 -8 -9 -10 11 13 12 -14 -15
leaf_value=-0.0052619971451875903 0.0048801691215822254 -0.001962378669254541 0.00078985739027428938 0.0029913423840570437 -0.0039127575193967411 0.00058377467154910789 0.0004623408903887561 -0.0011063771905391862 -0.0019431843849427677 0.0011125150169579111 0.0039742886391104532 -0.0066150323118004967 -0.0022407141688607973 0
leaf_weight=306.47816520184278 209.35018383711576 1048.1845723763108 2951.6912713441998 1378.2278080042452 203.58318744041026 1450.9532058220357 93.285876885056496 162.03900952450931 488.74426509998739 285.11892062798142 244.73440630175173 211.13947719708085 944.41924264654517 661.76405727677047
leaf_count=4270 2833 13447 39311 17892 2954 18977 1276 1978 6279 4055 3218 2664 13077 8401
internal_value=0 0.000199855 -0.000306583 0.00103493 3.34334e-05 -0.000436792 -0.00384317 0.00253076 -3.72652e-05 -0.00127129 -0.000525357 -0.00224729 -0.00311295 0.00109448
internal_weight=0 10239.9 6347.05 3892.9 2352.63 2143.28 399.764 1540.27 1939.7 3395.36 1954.68 1440.68 1155.56 906.498
internal_count=140632 135086 84173 50913 31043 28210 5546 19870 25256 44862 25066 19796 15741 11619
is_linear=0
shrinkage=0.0101079


Tree=16
num_leaves=15
num_cat=0
split_feature=0 27 3 23 27 12 13 3 11 12 28 17 28 16
split_gain=66.2478 56.2551 44.6349 37.6682 32.7748 36.9611 31.2543 36.996 27.594 34.5075 27.2122 25.566 24.0252 21.4556
threshold=0.59079074859619152 -0.47136868536472315 0.46461251378059393 1.1095816493034365 -0.50938662886619557 -0.084164891391992555 -0.074818816035985933 0.27348537743091589 0.063622396439313902 0.009899389464408161 0.75894212722778331 42.500000000000007 -0.54643493890762318 0.58273521065711986
decision_type=2 2 2 2 2 2 2 2 2 2 2 2 2 2
left_child=1 -1 6 4 8 -6 7 -2 9 -4 11 -3 -5 -8
right_child=2 10 3 12 5 -7 13 -9 -10 -11 -12 -13 -14 -15
leaf_value=-0.0066422883861207756 0 -0.0017858046054025957 -0.002586217998119904 0.0016759971397026755 0.0035264709822411095 -0.00060816834678412623 1.0186091421024617e-05 0.0072648113586820506 -0.0040656483902476535 0.0019037816966374548 -0.0021735772003918007 0.0032144626880295122 -0.00028367531817047119 0.0017320265936081401
leaf_weight=220.63747795671225 112.4078248180449 169.78648202493787 451.84237194061279 1329.8334147557616 240.83326983451843 1934.6831853426993 1424.4474933799356 174.83600994385779 491.45855218917131 266.29878610000014 788.75121201388538 229.28445912338793 1163.5104514863342 1645.5803001020104
leaf_count=2846 1669 2454 6360 18879 3270 23933 19851 2171 6810 3835 10990 3074 14675 19831
internal_value=0 -0.00200764 0.000339739 -0.000185456 -0.000884526 -0.000121178 0.00126971 0.00445423 -0.0022148 -0.000862939 -0.00107597 0.00099391 0.000747255 0.000948283
internal_weight=0 1408.46 9235.73 5878.46 3385.12 2175.52 3357.27 287.244 1209.6 718.141 1187.82 399.071 2493.34 3070.03
internal_count=140648 19364 121284 77762 44208 27203 43522 3840 17005 10195 16518 5528 33554 39682
is_linear=0
shrinkage=0.0101079


Tree=17
num_leaves=15
num_cat=0
split_feature=0 27 2 3 22 3 30 12 27 30 2 28 17 2
split_gain=58.0453 56.7131 44.0334 42.6254 40.5361 32.1653 29.8437 31.8253 28.6438 39.203 28.0301 25.3181 20.3281 24.0002
threshold=0.59079074859619152 0.11969653144478799 0.60546281933784496 0.36240449547767645 -0.055596061050891869 0.23285563290119174 1.0000000180025095e-35 0.0038962221005931501 -0.49049438536167139 1.0000000180025095e-35 1.4519524574279787 0.41268247365951544 58.500000000000007 1.2106518149375918
decision_type=2 2 2 2 2 2 2 2 2 2 2 2 2 2
left_child=1 2 -1 5 8 -2 -3 -8 11 10 -10 -5 -11 -14
right_child=3 6 -4 4 -6 -7 7 -9 9 12 -12 -13 13 -15
leaf_value=0.00099081718683038163 -0.00078776375954757948 -0.0010309122430705836 -0.0046960157926353467 -0.00088359298258357038 0.00073751804271956058 0.0023202387241219829 0.007706950479952371 -7.3316523520531505e-05 -0.0019910905959281259 2.6572369999548935e-06 0.0017050223404266698 -0.0037570581608039407 0.0044550397999304032 -4.0644719241125404e-05
leaf_weight=157.63700715824962 411.62817851826549 395.29852007701993 677.90164756402373 1025.9822163935751 3457.6948049794883 1511.463657444343 93.381140375509858 93.173653196543455 1038.3773012626916 573.77040603384376 244.309426529333 486.56889240257442 321.07514498196542 164.30810702778399
leaf_count=2340 5688 5390 9114 14048 46134 19395 1257 1357 12814 7284 3188 6707 4017 2038
internal_value=0 -0.00189456 -0.00357582 0.000297033 -5.0271e-05 0.00163353 0.000466055 0.00376244 -0.000767528 -4.81702e-05 -0.0012498 -0.00184881 0.00136762 0.00287398
internal_weight=0 1417.39 835.539 9235.18 7312.09 1923.09 581.853 186.555 3854.39 2341.84 1282.69 1512.55 1059.15 485.383
internal_count=140771 19458 11454 121313 96230 25083 8004 2614 50096 29341 16002 20755 13339 6055
is_linear=0
shrinkage=0.0101079


Tree=18
num_leaves=15
num_cat=0
split_feature=0 27 27 2 30 30 1 2 13 12 0 14 30 5
split_gain=63.9366 57.2395 39.2076 38.4473 35.2528 34.2031 30.3314 27.5685 27.4112 23.8116 25.052 37.2024 23.7262 23.0946
threshold=0.59079074859619152 0.11969653144478799 -0.77296444773674 0.60546281933784496 1.0000000180025095e-35 1.0000000180025095e-35 1.4177426099777224 1.5890221595764162 -0.080939289182424531 0.048123830929398544 0.77555236220359813 -5.0366756916046134 1.0000000180025095e-35 0.11232575029134752
decision_type=2 2 2 2 2 2 2 2 2 2 2 2 2 2
left_child=1 3 4 -1 7 6 8 -2 -4 10 11 -7 -3 -14
right_child=2 12 5 -5 -6 9 -8 -9 -10 -11 -12 -13 13 -15
leaf_value=0.00054953713786974568 0.0016328378101788681 -0.00096818800657554353 0.0041323719663875474 -0.0047634230522800181 -0.0024122294040690713 0.0023245300799706113 0.0017150333248823022 -0.0011902273859435337 -0.00060290034856909965 -8.7628396707650937e-05 0.0012595399985382708 0.0085185194757441702 0.0066849827312880639 0
leaf_weight=156.46681644953787 664.13161219283938 395.92034428939223 121.07575814053416 673.04141488485038 894.91780654527247 530.9136107545346 878.23429904691875 731.93978522717953 3038.7724290825427 686.43956629745662 1556.6453666575253 129.60446802154183 92.566417070105672 91.712225971743464
leaf_count=2319 9154 5414 1580 9084 11921 6950 11691 9428 39748 8702 20698 1429 1222 1339
internal_value=0 -0.00202124 0.000284062 -0.00371701 -0.000852918 0.000665656 5.30148e-05 0.000125471 -0.000399153 0.00150138 0.00201016 0.00368393 0.000351072 0.00332229
internal_weight=0 1409.71 9232.67 829.508 2290.99 6941.69 4038.08 1396.07 3159.85 2903.6 2217.16 660.518 580.199 184.279
internal_count=140679 19378 121301 11403 30503 90798 53019 18582 41328 37779 29077 8379 7975 2561
is_linear=0
shrinkage=0.0101079


Tree=19
num_leaves=15
num_cat=0
split_feature=0 27 16 13 33 27 29 29 30 0 33 13 27 33
split_gain=60.4208 56.49 30.0003 29.7737 32.2457 25.9913 38.1246 33.0568 31.663 32.2439 33.8161 56.5667 36.9254 24.867
threshold=0.58277720212936412 0.11969653144478799 0.73845747113227855 -0.088973794132471071 1.0013927817344668 -0.8253108263015746 0.87837970256805431 -1.0000000180025095e-35 1.0000000180025095e-35 1.350305497646332 0.97991594672203075 0.033122248947620399 -0.50938662886619557 0.90112781524658214
decision_type=2 2 2 2 8 2 2 2 2 2 10 2 2 10
left_child=1 2 -1 4 -2 6 7 -5 9 10 12 -12 -7 -9
right_child=3 -3 -4 5 -6 8 -8 13 -10 -11 11 -13 -14 -15
leaf_value=-0.0048023391633329107 0.00773204099664445 0.00050155850282592417 -4.9617279734421454e-05 0.00094376085241548008 3.9693047822713516e-05 -0.0045095161366225916 0.001847039959046179 -0.0012521127721871225 0.001302056992762628 0.0018044446770657191 -0.0034194582504729651 0.0013843818629330779 0.00057328092532617529 -0.0044805226223361104
leaf_weight=598.5223044026643 106.56181661784649 528.88741994649172 197.45623330958188 384.33184987492859 130.05987164564431 148.40176439099014 416.57377442531288 782.9652805365622 2943.78893651627 758.36629083752632 785.21889492869377 346.74237889051437 2117.5816208310425 393.75075161457062
leaf_count=8389 657 7293 2582 5129 2366 2381 5600 13169 38260 10154 4925 2169 35070 2486
internal_value=0 -0.00199028 -0.00368541 0.000310485 0.00380308 0.00021187 -0.000803111 -0.00154168 0.000500834 -5.82685e-05 -0.000489 -0.00191299 0.00020857 -0.00238851
internal_weight=0 1324.87 795.979 9314.34 236.622 9077.72 1977.62 1561.05 7100.1 4156.31 3397.94 1131.96 2265.98 1176.72
internal_count=140630 18264 10971 122366 3023 119343 26384 20784 92959 54699 44545 7094 37451 15655
is_linear=0
shrinkage=0.0101079


Tree=20
num_leaves=15
num_cat=0
split_feature=22 27 13 22 27 30 12 16 23 16 28 16 28 11
split_gain=50.1694 53.9241 32.3474 30.9585 31.707 59.144 31.1525 24.1189 23.6103 31.5975 23.6671 23.2837 22.3438 33.3078
threshold=-0.85978060960769642 0.22706275433301928 -0.088973794132471071 0.4847139716148377 0.11969653144478799 1.0000000180025095e-35 0.048123830929398544 0.74643704295158397 0.86371418833732616 0.75853317975997936 0.010907442308962378 0.54916545748710643 -0.11969653144478797 0.01765480171889067
decision_type=2 2 2 2 2 2 2 2 2 2 2 2 2 2
left_child=1 7 -2 4 12 11 8 -1 9 10 -7 -6 -4 -14
right_child=2 -3 3 -5 5 6 -8 -9 -10 -11 -12 -13 13 -15
leaf_value=-0.0043786205197334314 0.0036674195515014572 0.0013383552807765162 4.2719212161260042e-06 0.0012425575722863722 -0.0015980115166610966 0 -0.00070415713089371889 -0.00014288192936593358 0.00097191936844490427 0.0080694214196315311 0.0042257317179307495 0.00031904123520494498 0.0012662775414777321 -0.002399636737420126
leaf_weight=609.29478663578629 270.27820199728012 334.95473434962332 1299.5359766278416 2073.5838654283434 1161.4336974713951 220.41099306382239 337.92710710503161 203.26083443127573 560.06888672150671 148.23079681396484 348.84126611053944 1386.3787485845387 289.52565404959023 1370.4563000686467
leaf_count=8803 3436 5147 17034 27905 16084 2652 4383 2698 7275 1624 4633 16840 3833 17995
internal_value=0 -0.00196765 0.000263235 0.000155829 -0.00015585 0.00040573 0.00191959 -0.00337962 0.00264517 0.00387148 0.00261585 -0.000541172 -0.000958511 -0.00173309
internal_weight=0 1147.51 9466.67 9196.39 7122.81 4163.29 1615.48 812.556 1277.55 717.483 569.252 2547.81 2959.52 1659.98
internal_count=140342 16648 123694 120258 92353 53491 20567 11501 16184 8909 7285 32924 38862 21828
is_linear=0
shrinkage=0.0101079


Tree=21
num_leaves=15
num_cat=0
split_feature=0 27 30 28 29 0 33 27 29 0 21 14 13 29
split_gain=58.3284 37.6994 54.9305 41.2417 36.2503 34.8918 57.9695 33.6406 32.44 31.0158 27.639 29.2987 24.7028 25.6295
threshold=0.53311267495155346 -0.71473535895347584 1.0000000180025095e-35 0.41268247365951544 -1.0000000180025095e-35 0.77555236220359813 2.996249914169312 -0.45201864838600153 0.87837970256805431 1.1722756624221804 -4.8207545280456534 -23.962400436401364 0.0016937696491368117 0.6078576147556306
decision_type=2 2 2 2 2 2 8 2 2 2 2 2 2 2
left_child=7 3 9 8 -5 6 -4 -1 -2 -3 11 -7 -8 -14
right_child=1 2 5 4 -6 10 12 -9 -10 -11 -12 -13 13 -15
leaf_value=-0.0073958829301007381 -0.0007800865948463918 -0.00054953583562704388 0.0069474341544318802 0.0015481698341977088 -0.0046887598851182545 -0.0013087198111292843 -0.0003481353129115451 -0.0015644377253479951 0.0022976631984295117 0.0016252227027393595 0.00024955664526813678 0.0046608279034229625 0.0055274567513502763 0
leaf_weight=117.98098880425096 1667.3898051772267 3330.7721638325602 299.2952469587326 107.81854798272252 410.21126612089574 96.243022361770272 332.57191703654826 768.41905379109085 432.89299465157092 827.70279059559107 1596.0066003352404 320.75710032135248 210.1709921695292 132.31031330116093
leaf_count=1556 22137 43360 1850 1423 5658 1275 5506 10682 5699 11331 20540 4475 3244 1944
internal_value=0 0.000254414 0.000637592 -0.000774737 -0.00330998 0.00168213 0.00326141 -0.00244242 -0.000120491 -0.000104767 0.000888245 0.00318893 0.00150843 0.00339523
internal_weight=0 9764.14 7145.83 2618.31 518.03 2987.36 974.348 886.4 2100.28 4158.47 2013.01 417 675.053 342.481
internal_count=140680 128442 93525 34917 7081 38834 12544 12238 27836 54691 26290 5750 10694 5188
is_linear=0
shrinkage=0.0101079


Tree=22
num_leaves=15
num_cat=0
split_feature=0 3 28 27 29 27 13 12 33 27 29 28 16 29
split_gain=54.7201 42.0365 41.1125 37.28 42.4436 35.7565 35.2594 30.1431 28.314 26.0489 28.8593 21.7146 20.1485 23.083
threshold=0.53311267495155346 0.46461251378059393 -0.11969653144478797 -0.50938662886619557 -1.0000000180025095e-35 -0.49049438536167139 -0.078842744231224046 -0.0375483501702547 1.0000000180025095e-35 -0.91080963611602772 0.87837970256805431 0.74455857276916515 0.24591058492660525 1.0000000180025095e-35
decision_type=2 2 2 2 2 2 2 2 10 2 2 2 2 2
left_child=5 6 8 4 -4 -1 7 -2 -3 10 -6 -7 -10 -14
right_child=1 2 3 -5 9 11 -8 -9 12 -11 -12 -13 13 -15
leaf_value=-0.0080454250762636761 0.0079363663322460296 0.0011789457481191999 0.00096303224302486505 0 -0.0030663111467569108 0.0011803646525699494 0.00077579747453634766 0.001020186177185689 0.0018081927358732409 -0.0050852634722579095 0.0014313652031338225 -0.0025568049713968716 -0.0034904923590275039 -0.00017097989641559914
leaf_weight=97.46386288292706 131.97860930487514 2122.2408433612436 300.72548488713801 1354.0216516628861 513.8044840823859 194.84557769820094 3356.4588839001954 153.42216265387833 232.71292893588543 461.05738820508122 183.11441697925329 586.50259668566287 344.1268802434206 621.08532308042049
leaf_count=1294 1482 36402 4076 17441 6906 2665 43689 2228 1461 6398 2485 8266 2122 3877
internal_value=0 0.00022464 -0.000280945 -0.00118263 -0.00229949 -0.00239793 0.00108595 0.00448007 0.000471719 -0.00318226 -0.00182437 -0.00157113 -0.00074714 -0.00141421
internal_weight=0 9774.75 6132.89 2812.72 1458.7 878.812 3641.86 285.401 3320.17 1157.98 696.919 781.348 1197.93 965.212
internal_count=140792 128567 81168 37306 19865 12225 47399 3710 43862 15789 9391 10931 7460 5999
is_linear=0
shrinkage=0.0101079


Tree=23
num_leaves=15
num_cat=0
split_feature=0 27 23 30 23 14 2 12 14 2 3 30 2 12
split_gain=50.5376 48.4301 85.9525 57.6562 42.525 40.5943 33.8822 33.1573 56.4979 26.0036 24.2274 43.4583 22.9508 21.6086
threshold=0.46442617475986486 -0.50938662886619557 0.95942440629005443 1.0000000180025095e-35 0.86371418833732616 -9.9798102378845197 1.3711419105529787 0.032573567703366287 -5.0366756916046134 0.78343141078948986 0.60564941167831432 0.81174489855766307 0.87355944514274608 -0.069140456616878496
decision_type=2 2 2 2 2 2 2 2 2 2 2 2 2 2
left_child=9 2 5 6 7 -2 13 8 -5 -1 -4 -12 -7 -3
right_child=1 3 10 4 -6 12 -8 -9 -10 -11 11 -13 -14 -15
leaf_value=-0.00066741725923996414 -0.0054597895398185168 -0.00506721185336021 0.0023878914320382047 0.0025864371015133386 0.00032883749954505046 0.0016475824329884182 0.0017877025839038942 0.00034469985962481514 0.0086666836040828702 -0.0058538041851327587 0.00039074863627312691 -0.0043554932727013764 -0.002501446937400449 -0.00045443541030331053
leaf_weight=218.5989996958524 455.73422025330365 102.23756350949407 446.25219873897731 938.95092620141804 1360.7276942040771 163.8363331258297 716.61647036671638 441.80935984104872 195.18664368242025 213.47047254256904 1427.9836652874947 219.67535897903144 533.55922016128898 3199.043162247166
leaf_count=3305 6536 1528 5654 12238 18116 2299 9610 5640 2239 2785 18817 2759 7202 41811
internal_value=0 0.00012012 -0.000892834 0.000599338 0.00167524 -0.00310239 -0.000178665 0.00280502 0.00371927 -0.00337907 0.000311559 -0.000234747 -0.00146201 -0.000620887
internal_weight=0 10201.6 3247.04 6954.57 2936.67 1153.13 4017.9 1575.95 1134.14 432.069 2093.91 1647.66 697.396 3301.28
internal_count=140539 134449 43267 91182 38233 16037 52949 20117 14477 6090 27230 21576 9501 43339
is_linear=0
shrinkage=0.0101079


Tree=24
num_leaves=15
num_cat=0
split_feature=28 33 3 30 33 0 16 13 0 29 14 3 12 13
split_gain=55.6357 45.9631 36.8637 40.7861 42.8443 33.8751 28.0983 35.4365 26.7989 23.5669 20.5984 26.1279 22.4968 44.9216
threshold=-0.3317298144102096 1.0013927817344668 0.4104102104902268 1.0000000180025095e-35 1.0013927817344668 0.46442617475986486 0.28189048171043402 0.035486677661538131 1.1583840250968935 -0.60785761475563038 -19.874036788940426 0.21460817754268649 -0.0050266664475202552 -0.029562128707766529
decision_type=2 8 2 2 8 2 2 2 2 2 2 2 2 2
left_child=1 6 3 10 -5 -4 -1 8 -8 -7 -2 -12 -13 -14
right_child=2 -3 5 4 -6 9 7 -9 -10 -11 11 12 13 -15
leaf_value=0.0018803554228343546 0.0028099413188034553 0.0016002904134985989 -0.0047006143670290821 0.0058029644998497318 0.00055596248020445998 0.0032466617410674874 -0.0040196383981134778 0.0014272666738530224 -0.00015521091785904192 -0.001046303084654583 -0.0049244752569828415 -0.0025886848890777181 -0.0036832313950999722 0.00235170946123202
leaf_weight=343.61915704607964 146.52177974581718 2943.7908768206835 254.85448998957872 244.75887233018875 490.22945690527558 123.67044324055314 475.83805464208126 310.65864239633083 332.80664570629597 3887.3112518452108 150.10873476974666 315.83867862448096 162.81781342066824 455.07336926832795
leaf_count=2152 2331 48793 3506 1493 8216 1628 2951 1912 2068 51385 2058 4528 2081 5527
internal_value=0 0.000870272 -0.00061255 0.000517369 0.00239949 -0.0011426 -0.000571862 -0.00136825 -0.00249513 -0.000897946 -0.000582113 -0.00109422 -0.000400508 0.000671187
internal_weight=0 4406.71 6231.18 1965.35 734.988 4265.84 1462.92 1119.3 808.645 4010.98 1230.36 1083.84 933.73 617.891
internal_count=140629 57876 82753 26234 9709 56519 9083 6931 5019 53013 16525 14194 12136 7608
is_linear=0
shrinkage=0.0101079


Tree=25
num_leaves=15
num_cat=0
split_feature=28 27 29 30 14 18 21 14 22 2 12 5 30 29
split_gain=45.3293 87.1565 76.7589 63.3295 44.6934 43.9231 36.1627 33.8607 33.3362 41.1429 31.3532 31.3257 26.9876 25.9648
threshold=-0.24825246632099149 0.11969653144478799 -1.0000000180025095e-35 1.0000000180025095e-35 -19.411420822143551 46.500000000000007 -6.6778581142425528 -7.4114017486572257 -0.31785845756530756 0.89405754208564769 0.048123830929398544 -4.0135579109191886 -0.56174489110708226 0.87837970256805431
decision_type=2 2 2 2 2 2 2 2 2 2 2 2 2 2
left_child=-1 2 6 4 -3 -6 -2 13 9 12 -5 -11 -4 -7
right_child=1 3 8 10 5 7 -8 -9 -10 11 -12 -13 -14 -15
leaf_value=0.00073028717984704073 -0.0032747074245020121 0.0041834770340060182 -0.0048985938838612799 0.0031852440462599736 -0.003185034886547792 -0.0040094908393389335 0.0027370952595559038 0.0015758014208093105 -0.00065510700687452356 -0.00022994587162198784 -0.00065424669284637092 -0.0051990797049732721 0.00035718320474452733 0.0015927340653000964
leaf_weight=4750.7689143698663 119.17633477039635 169.68718131445348 122.66140247136354 974.50114939548075 640.28268636204302 255.30535982735455 453.9209194239229 643.90495930984616 647.18555487878621 169.82435693219304 254.95897769741714 982.71144124679267 376.65818007849157 107.16657137311995
leaf_count=62206 1615 2545 1737 12509 9137 3185 6022 7806 8808 2355 3431 12742 5338 1345
internal_value=0 -0.000594388 -0.00185869 0.000586227 -0.000595145 -0.00112909 0.00139059 0.000153146 -0.00268814 -0.00345358 0.00235717 -0.00450812 -0.000908362 -0.00224505
internal_weight=0 5917.95 2872.14 3045.81 1816.35 1646.66 573.097 1006.38 2299.04 1651.86 1229.46 1152.54 499.32 362.472
internal_count=140781 78575 38617 39958 24018 21473 7637 12336 30980 22172 15940 15097 7075 4530
is_linear=0
shrinkage=0.0101079


Tree=26
num_leaves=15
num_cat=0
split_feature=0 27 30 0 29 5 0 2 7 2 0 27 2 11
split_gain=56.5356 40.6839 53.7624 41.2788 78.0438 36.4302 31.577 49.1765 38.5363 29.1183 28.3128 28.1316 26.6176 26.5479
threshold=0.45679874718189245 -0.71473535895347584 1.0000000180025095e-35 1.0513934493064883 -1.0000000180025095e-35 0.11232575029134752 0.77555236220359813 0.90978372097015392 -9.1357197761535627 0.85966745018959057 1.2925005555152895 -0.47136868536472315 1.4721077680587771 0.044058028608560569
decision_type=2 2 2 2 2 2 2 2 2 2 2 2 2 2
left_child=-1 3 10 4 5 -2 7 8 -4 -6 11 -3 -13 -10
right_child=1 2 6 -5 9 -7 -8 -9 13 -11 -12 12 -14 -15
leaf_value=-0.0037194607768987835 -0.00086325665839485054 -0.0054295645221109669 0 0.0001982317264719963 0 0.006465107101003946 0.00072517331132853421 0.00031638816357963754 0.0035269133372879823 -0.0044266599470889597 0.0017443875051207558 -0.00069113908009825389 0.0019619788601501721 0.0085855982667134376
leaf_weight=395.40250177681446 130.60528037324548 109.96256719902158 140.52563210017979 1450.8578126225621 169.08657637797296 119.89531941339374 2013.8963206093758 489.19447298534214 306.3495170045644 793.39105201326311 640.00645480118692 3230.7285999655724 425.71694969758391 226.60836380161345
leaf_count=5575 1841 1505 1965 18413 2516 1667 26282 6371 3933 11136 8532 42198 5781 2798
internal_value=0 0.000139824 0.000520713 -0.000927664 -0.00230036 0.00257483 0.0015229 0.00285631 0.00461755 -0.00362123 -0.00019397 -0.000536938 -0.000367742 0.00584358
internal_weight=0 10246.8 7582.99 2663.84 1212.98 250.501 3176.57 1162.68 673.484 962.478 4406.41 3766.41 3656.45 532.958
internal_count=140513 134938 99365 35573 17160 3508 41349 15067 8696 13652 58016 49484 47979 6731
is_linear=0
shrinkage=0.0101079


Tree=27
num_leaves=15
num_cat=0
split_feature=0 27 3 22 13 12 30 18 30 2 0 13 14 28
split_gain=57.2933 54.4514 37.9167 41.462 28.6151 32.2823 25.2795 34.5608 25.165 46.4417 28.391 22.3625 28.5264 26.7948
threshold=0.59079074859619152 -0.47136868536472315 0.46461251378059393 0.4847139716148377 -0.078842744231224046 -0.0375483501702547 1.0000000180025095e-35 84.500000000000014 1.0000000180025095e-35 0.60119435191154491 0.45679874718189245 0.068580165505409255 -7.9957761764526358 0.098011311143636717
decision_type=2 2 2 2 2 2 2 2 2 2 2 2 2 2
left_child=1 -1 4 -4 5 -2 -6 11 -3 -10 -11 12 13 -8
right_child=2 8 3 -5 6 -7 7 -9 9 10 -12 -13 -14 -15
leaf_value=-0.0065721164041785893 0.0079722919475632582 -0.0022791642457359157 -0.00075506782919037099 0.0011229036003855297 7.2537596055746048e-05 0.00041318074760732232 -0.0015572012227293532 0.0050833154616793151 0.0055137065364846537 -0.0049520087353339707 0.0007410389845187717 -0.0029826386142037141 0.0038609112644090999 0.0032208567966613708
leaf_weight=212.89939587935805 122.35354843921959 687.26010075397789 4227.4034894984215 1659.3440807294101 1877.5289650019258 127.23048153892159 341.95600821264088 277.41673961654305 138.08498429320753 126.29847350344062 238.99334391206503 113.87892896682024 330.47955662757158 174.54406617581844
leaf_count=2840 1383 9635 55765 22088 24705 1868 4529 3342 2022 1689 3275 1316 3891 2551
internal_value=0 -0.00192051 0.000265529 -0.00021807 0.00112203 0.00440294 0.000836137 0.0019539 -0.00101839 0.000632034 -0.00117978 0.000975623 0.0015771 3.59908e-06
internal_weight=0 1403.54 9252.14 5886.75 3365.39 249.584 3115.8 1238.28 1190.64 503.377 365.292 960.859 846.98 516.5
internal_count=140899 19461 121438 77853 43585 3251 40334 15629 16621 6986 4964 12287 10971 7080
is_linear=0
shrinkage=0.0101079


Tree=28
num_leaves=15
num_cat=0
split_feature=28 33 32 30 33 14 15 28 28 20 12 13 18 7
split_gain=55.6196 51.8981 50.1181 72.2243 48.4167 45.8568 32.5292 31.8553 30.8284 29.5888 26.196 23.2697 33.4454 29.0018
threshold=-0.22706275433301923 1.0013927817344668 1.0000000180025095e-35 1.0000000180025095e-35 1.0013927817344668 -17.806468963623043 2.4180797338485722 0.41268247365951544 0.9279436767101289 -1.6313490271568296 0.032573567703366287 -0.029562128707766529 46.500000000000007 1.0000000180025095e-35
decision_type=2 8 2 2 8 2 2 2 2 2 2 2 2 2
left_child=1 9 3 5 8 6 -2 -4 -5 -1 -6 -7 -13 -14
right_child=2 -3 7 4 10 11 -8 -9 -10 -11 -12 12 13 -15
leaf_value=0.0013837660470924248 -0.0013410346398088308 0.0015280708928938282 -0.0010851145966891524 0.0055503990135919324 0.00127892578572244 -0.0041627495765555805 0.0052756335445471305 -0.0040730104602628029 0.00046452894447166865 -0.0015865247546608206 -0.0018413449522458711 -0.0031702545824196684 0.0029082051742988979 -0.0010583443005749503
leaf_weight=470.742531940341 116.43787435442209 3199.269503775984 1128.169687140733 370.90517142415047 846.5564206764102 360.22860414162278 166.1740805990994 580.88416860997677 208.8166796118021 1129.0139112025499 393.01629199273884 594.5667411070317 232.50674362666905 847.03029101900756
leaf_count=2942 1793 52963 15156 2268 14161 4614 2522 7991 1295 7001 6073 8240 3109 10535
internal_value=0 0.000782043 -0.000685085 -7.22133e-05 0.0014214 -0.00126325 0.00244642 -0.00213784 0.00381725 -0.000684875 0.000251934 -0.00180566 -0.00125779 -0.000152373
internal_weight=0 4799.03 5845.29 4136.24 1819.29 2316.94 282.612 1709.05 579.722 1599.76 1239.57 2034.33 1674.1 1079.54
internal_count=140663 62906 77757 54610 23797 30813 4315 23147 3563 9943 20234 26498 21884 13644
is_linear=0
shrinkage=0.0101079


Tree=29
num_leaves=15
num_cat=0
split_feature=0 13 1 30 18 12 12 33 28 28 28 17 13 4
split_gain=56.2051 26.563 26.0316 25.2954 41.9068 28.788 28.3941 23.9336 22.9631 21.0897 20.7396 20.0716 18.0164 17.511
threshold=0.53311267495155346 -0.088973794132471071 1.0790870785713198 1.0000000180025095e-35 84.500000000000014 0.06381572782993318 0.032573567703366287 1.0013927817344668 0.47136868536472326 0.47136868536472326 0.79989895224571239 13.500000000000002 -0.0076354111079126588 0.4617853462696076
decision_type=2 2 2 2 2 2 2 8 2 2 2 2 2 2
left_child=9 7 3 8 5 10 -6 -2 12 -1 -5 -10 -3 -11
right_child=1 2 -4 4 6 -7 -8 -9 11 13 -12 -13 -14 -15
leaf_value=0.000303312611875294 0.0066643302407076183 -0.0014485750418817566 0.00082550247690792796 -0.00027751506832126497 0.0058166037598516912 -0.0036879515088283814 0.0010772013327528124 0.000307684890329622 0.00048749592006779827 -0.0044432507772930278 0.0027218477668449095 -0.0026575600268005832 0.00035597331101404355 -0.0007424356399376073
leaf_weight=190.54509990103543 114.09355406463146 847.99842579104006 3281.1954000368714 1484.0906315539032 203.44431025907397 213.1825461871922 419.97036793641746 150.72210952267051 236.25518752448261 458.35175244882703 269.80298076942563 941.03178687021136 1604.0141340494156 226.3375847376883
leaf_count=2596 699 12251 43076 19596 2513 2709 5244 2663 3074 6367 3820 12632 20121 3215
internal_value=0 0.00018863 9.4927e-05 -0.000284518 0.000467711 -0.000239627 0.00273967 0.00330501 -0.000832427 -0.00247385 0.000170683 -0.00199316 -0.000254201 -0.00330004
internal_weight=0 9765.8 9500.99 6219.79 2590.49 1967.08 623.415 264.816 3629.3 875.234 1753.89 1177.29 2452.01 684.689
internal_count=140576 128398 125036 81960 33882 26125 7757 3362 48078 12178 23416 15706 32372 9582
is_linear=0
shrinkage=0.0101079


Tree=30
num_leaves=15
num_cat=0
split_feature=22 27 29 30 13 2 5 33 27 30 33 2 30 22
split_gain=46.7546 64.0268 63.0905 42.1352 30.6054 29.5194 33.7226 25.7747 20.6945 28.1402 34.069 23.1429 20.2677 26.3543
threshold=-0.58504840731620777 -0.076279435306787477 -1.0000000180025095e-35 1.0000000180025095e-35 -0.088973794132471071 0.89405754208564769 -3.9373348951339717 0.90112781524658214 -0.83743050694465626 1.0000000180025095e-35 0.90112781524658214 1.6029576659202578 1.0000000180025095e-35 0.30271710455417639
decision_type=2 2 2 2 2 2 2 10 2 2 10 2 2 2
left_child=1 2 -1 -3 -2 -4 -7 -5 9 11 -11 -6 13 -10
right_child=4 3 5 7 8 6 -8 -9 12 10 -12 -13 -14 -15
leaf_value=0.0021604553395714789 0.0041766564979307105 -0.0011469140222181476 -0.0011245139095136727 0.00082624073625763787 0.0019371765032789284 0.00021594248837402701 -0.0057938416123535751 0.0055486824066455281 -0.00056451984034984525 -0.00060377664287007997 -0.0059355377505137816 -0.001120049891753704 0.0012360633727912732 0.001224723180864849
leaf_weight=203.4592295717448 204.50856246985495 836.13565363176167 334.77364268153906 417.94340396113694 450.81512737087905 96.311147337779403 634.92033377662301 175.89357157051563 2414.4767811950296 371.30215321667492 193.17639699578285 546.59019787609577 2490.8672213274986 1277.8803940266371
leaf_count=2837 2550 11581 4895 6833 6067 1461 8451 1079 30978 6171 1221 6911 32265 17388
internal_value=0 -0.0011622 -0.00281019 0.000279789 0.00037545 -0.00380524 -0.00495342 0.00234501 0.000265843 -0.000760656 -0.00255405 0.000225701 0.000532297 4.50191e-05
internal_weight=0 2699.44 1269.46 1429.97 7949.62 1066.01 731.231 593.837 7745.11 1561.88 564.479 997.405 6183.22 3692.36
internal_count=140688 37137 17644 19493 103551 14807 9912 7912 101001 20370 7392 12978 80631 48366
is_linear=0
shrinkage=0.0101079


Tree=31
num_leaves=15
num_cat=0
split_feature=0 27 3 3 22 16 16 7 0 27 28 21 5 13
split_gain=48.4291 50.1981 32.2796 34.1209 34.1129 26.0349 32.5305 21.8247 20.3034 20.0143 34.3749 21.6047 21.4015 18.0057
threshold=0.59079074859619152 -0.50938662886619557 0.36240449547767645 0.2909472137689591 0.46790578961372381 0.15960320830345157 0.72322964668273937 16.953462600708011 0.44817738234996801 -0.49049438536167139 0.43245348334312445 -5.1054863929748526 -4.9123280048370352 0.042885804548859603
decision_type=2 2 2 2 2 2 2 2 2 2 2 2 2 2
left_child=1 -1 3 13 9 -3 8 -8 -7 10 -4 12 -11 -2
right_child=2 5 4 -5 -6 6 7 -9 -10 11 -12 -13 -14 -15
leaf_value=-0.0065382255601769005 -0.00094140674165675705 0.003026932663222208 -0.00046727097258483324 0.0028475866372988864 0.0011174003915893963 -0.0053189004710199493 0.0026680297184610183 -0.0027302841540678782 -0.0014511250300068815 -0.00038007737943247474 -0.0035584907733796673 -0.00028200864243781918 0.0038008714628925198 0.0017629663673232872
leaf_weight=186.6523739118129 605.83013754338026 137.06536160968244 1633.0866588857025 918.19650339148939 1949.478155201301 215.47227993234992 244.95957154408097 96.833581626415253 517.24644882045686 190.81397514790297 484.84109790436924 2778.0083791017532 279.67301995120943 414.28663927875459
leaf_count=2483 8046 2123 22092 11964 25986 3053 3260 1264 7232 2674 6761 34429 4133 5188
internal_value=0 -0.0017302 0.00028293 0.00144027 -1.93532e-05 -0.000919977 -0.00147867 0.0009965 -0.00268634 -0.000440842 -0.00120421 4.60714e-05 0.00204151 0.000122416
internal_weight=0 1398.23 9254.21 1938.31 7315.9 1211.58 1074.51 341.793 732.719 5366.42 2117.93 3248.5 470.487 1020.12
internal_count=140688 19415 121273 25198 96075 16932 14809 4524 10285 70089 28853 41236 6807 13234
is_linear=0
shrinkage=0.0101079


Tree=32
num_leaves=15
num_cat=0
split_feature=0 27 3 22 3 30 13 12 16 12 28 13 13 27
split_gain=47.8235 50.6308 31.9941 40.7055 29.1017 27.6177 42.9268 28.6984 23.1031 22.0073 21.9985 19.6547 17.6239 17.6354
threshold=0.59079074859619152 -0.50938662886619557 0.36240449547767645 0.50257703661918651 0.23285563290119174 1.0000000180025095e-35 0.040811648592352874 0.034125577658414848 0.18638600409030917 0.042021803557872779 0.96863394975662243 -0.029562128707766529 -0.086160182952880845 -0.50938662886619557
decision_type=2 2 2 2 2 2 2 2 2 2 2 2 2 2
left_child=1 -1 4 12 -2 8 7 10 -3 -6 -7 -10 -4 -14
right_child=2 5 3 -5 9 6 -8 -9 11 -11 -12 -13 13 -15
leaf_value=-0.0065536139620451569 -0.00085943282282401588 0.002138634870609302 0.0035718094664126537 0.0012691373669001323 0.0025741250688582937 0.0035360380948885146 0.0061868026587764439 -0.0049122280334621517 -0.0066609846141029161 -0.00085161484232067469 -0.0017718355649999414 -0.0018785339359369394 -0.0012727655141007966 -6.6613903884047505e-05
leaf_weight=185.50452816672623 411.10729052312672 90.792024286463857 98.664759628474712 1871.815430412069 1324.5898847486824 154.54425171948969 111.18491506762803 111.18435109965503 120.01361935772002 200.42194155603647 140.00248920544982 476.76588263735175 2068.8514219690114 3262.6533313449472
leaf_count=2473 5675 1404 1320 24986 16881 2187 1437 1424 1565 2613 2103 6726 28126 41629
internal_value=0 -0.00171193 0.0002937 -7.56182e-06 0.0014463 -0.000896273 0.000806072 -0.000657477 -0.00222915 0.00209548 0.000898075 -0.00297927 -0.00045626 -0.000543388
internal_weight=0 1389.99 9238.1 7301.98 1936.12 1204.49 516.916 405.731 687.572 1525.01 294.547 596.78 5430.17 5331.5
internal_count=140549 19319 121230 96061 25169 16846 7151 5714 9695 19494 4290 8291 71075 69755
is_linear=0
shrinkage=0.0101079


Tree=33
num_leaves=15
num_cat=0
split_feature=0 27 27 28 29 15 16 18 11 21 27 28 11 29
split_gain=50.7383 50.0695 26.3127 34.5731 31.4493 25.1018 38.9058 30.046 24.5364 22.8847 20.9424 18.4305 31.5089 30.3884
threshold=0.59079074859619152 -0.49049438536167139 -0.71473535895347584 0.43245348334312445 0.87837970256805431 3.7718491554260258 0.76244360208511364 79.500000000000014 0.074204895645380034 -5.0049571990966788 0.054511256515979774 -0.20576497167348859 0.13073787093162539 -1.0000000180025095e-35
decision_type=2 2 2 2 2 2 2 2 2 2 2 2 2 2
left_child=1 -1 3 4 11 10 -7 -8 -6 -4 -3 12 -2 -13
right_child=2 5 9 -5 8 6 7 -9 -10 -11 -12 13 -14 -15
leaf_value=-0.0064973200040825329 -0.00043881522434763021 -0.00059729070524269117 0.0018929325864608562 -0.003241124494097968 0.0042305746297602439 -0.0028590489986720343 0.0053738040295327142 -0.0010760419740637769 -0.00047419074282783048 0.000317106223299423 0.0057037088738405356 0.0013611236894424052 0.0050296902128472145 -0.0028479778386010586
leaf_weight=194.37404136918485 693.02892453037202 97.559175729751587 1154.02250427939 417.27482809312642 263.3836354482919 731.66584923863411 112.95288691110909 166.61373241059482 167.93855421245098 5586.8496560584754 88.243123196065426 219.46931991353631 118.20783402584493 646.42830846086144
leaf_count=2622 9194 1516 16565 5807 3877 10103 1484 2307 1839 70914 1309 2899 1481 8776
internal_value=0 -0.00180278 0.000262118 -0.000608692 -5.87697e-05 -0.000970532 -0.00162257 0.00146243 0.00233008 0.000594721 0.00229286 -0.000704941 0.000348014 -0.00173221
internal_weight=0 1391.41 9266.6 2525.73 2108.46 1197.03 1011.23 279.567 431.322 6740.87 185.802 1677.13 811.237 865.898
internal_count=140693 19341 121352 33873 28066 16719 13894 3791 5716 87479 2825 22350 10675 11675
is_linear=0
shrinkage=0.0101079


Tree=34
num_leaves=15
num_cat=0
split_feature=22 2 7 13 22 14 5 3 29 29 7 3 7 23
split_gain=42.0598 39.6492 43.2839 25.5776 23.4451 26.3195 26.5419 22.3464 55.2698 28.0153 30.829 27.9987 22.2518 20.6486
threshold=-0.89029783010482777 0.89405754208564769 6.7895400524139413 -0.088973794132471071 0.50257703661918651 -9.2483563423156721 0.88288867473602306 0.35723288357257849 0.6078576147556306 -1.0000000180025095e-35 10.454122543334963 0.27348537743091589 6.7895400524139413 0.71235191822052013
decision_type=2 2 2 2 2 2 2 2 2 2 2 2 2 2
left_child=1 2 -1 -2 5 6 12 8 9 10 -7 -10 -5 -3
right_child=3 13 -4 4 -6 7 -8 -9 11 -11 -12 -13 -14 -15
leaf_value=-0.0015876464744594818 0.0032354253068680853 -0.0050013608697859046 0.0051748987624600628 0 0.0010894572421339978 0.0050135749997118747 -0.0025017716457284363 -3.5620212340581385e-05 -0.0041783564099316462 0.0052575845769403341 -0.0017107454524254125 0.00098615692947856613 -0.003703797384114413 0
leaf_weight=378.64422575384378 274.11514808796346 390.48593137040734 121.15680094622076 2033.7082901541144 2046.5667344518006 104.1786580234766 754.22462066821754 3285.8374889995903 176.68773744627833 375.93117804080248 167.62008657678962 230.76886327005923 171.11178207024932 122.95840395614505
leaf_count=5848 3445 5456 1754 28558 27435 1277 10137 40926 2262 4732 2065 2557 2199 1873
internal_value=0 -0.00192885 2.5032e-05 0.000228434 0.000133348 -0.000130012 -0.000868007 0.000364368 0.00163934 0.00347499 0.000788253 -0.00119145 -0.000284122 -0.00388105
internal_weight=0 1013.25 499.801 9620.75 9346.64 7300.07 2959.04 4341.02 1055.19 647.73 271.799 407.457 2204.82 513.444
internal_count=140524 14931 7602 125593 122148 94713 40894 53819 12893 8074 3342 4819 30757 7329
is_linear=0
shrinkage=0.0101079


Tree=35
num_leaves=15
num_cat=0
split_feature=23 13 1 27 30 29 23 12 23 33 13 33 2 3
split_gain=36.8875 32.8724 28.3427 49.8915 73.9469 46.3574 62.8815 38.0745 33.015 62.3492 29.2559 28.9075 51.1659 33.6128
threshold=0.3870824426412583 -0.088973794132471071 1.0790870785713198 -0.47136868536472315 1.0000000180025095e-35 -1.0000000180025095e-35 0.85090222954750072 0.032573567703366287 0.86371418833732616 0.97991594672203075 -0.00082087327609769989 0.99472221732139599 0.61480200290679943 0.21460817754268649
decision_type=2 2 2 2 2 2 2 2 2 10 2 10 2 2
left_child=-1 -2 3 5 11 -3 -7 8 9 10 -6 13 -13 -5
right_child=1 2 -4 4 7 6 -8 -9 -10 -11 -12 12 -14 -15
leaf_value=-0.0034930403791376451 0.0034098922872248557 0.0013890833029810558 0.00076054137942444552 -0.0044664133086557214 -0.00049692017076696684 -0.0048583968698580771 -0.00073346199807785802 -0.00038421144580570341 0.00032433483321811794 0.0075596875049720519 0.0037724830015995049 -0.0057647564682913616 -0.00058569543686593059 0.00025067640089033625
leaf_weight=293.73051802814007 289.11274064704776 372.61020112782717 3319.5958498027176 160.97841760329902 283.03096456825733 663.83185474947095 934.56952676735818 608.24435484781861 474.30691232904792 290.86473454535007 335.48775598034263 296.03825397789478 608.90434066951275 1741.5806136000901
leaf_count=3856 3723 5181 43502 2515 4947 9269 12681 7886 6257 1779 5092 1879 3835 28621
internal_value=0 9.40292e-05 0 -0.000378529 0.000170357 -0.00173104 -0.00248675 0.00166346 0.00258986 0.00371479 0.0017719 -0.00087626 -0.00235837 -0.000143494
internal_weight=0 10379.2 10090 6770.45 4799.44 1971.01 1598.4 1991.93 1383.69 909.383 618.519 2807.5 904.943 1902.56
internal_count=141023 137167 133444 89942 62811 27131 21950 25961 18075 11818 10039 36850 5714 31136
is_linear=0
shrinkage=0.0101079


Tree=36
num_leaves=15
num_cat=0
split_feature=0 3 22 30 16 15 3 16 15 10 2 18 2 10
split_gain=49.8743 33.64 41.9911 30.1726 29.2255 30.3518 24.8981 32.023 23.5076 26.8244 22.2015 18.3246 16.9763 27.4592
threshold=0.52774721384048473 0.46461251378059393 -0.024112885817885395 1.0000000180025095e-35 0.72322964668273937 3.7718491554260258 0.22874372452497485 0.15147249400615695 22.271141052246097 0.11271664127707483 1.4111945033073428 7.5000000000000009 2.2071371078491215 0.14061085134744647
decision_type=2 2 2 2 2 2 2 2 2 2 2 2 2 2
left_child=4 3 12 6 5 -1 -2 11 9 -9 -5 -8 13 -3
right_child=1 2 -4 10 -6 -7 7 8 -10 -11 -12 -13 -14 -15
leaf_value=0.0006687664693809022 -0.0025387422335426809 -0.0013315074016606338 0.00064710565901218502 0.002531522540408429 0.00055828640722046098 -0.0046779753318134812 8.9515327447218103e-05 0.00042194317052490792 0.0034602444349017989 -0.0027467404003428068 -0.0013283711965677144 0.0062375248537548944 -0.0026417494026464406 0.00087661268935531071
leaf_weight=121.19826101511717 280.13286240771413 1920.0528663117439 2839.3057683836669 1316.8575224597007 227.52933184616268 477.21885904483497 94.30686441808939 1175.2872820328921 185.09061150252819 343.35428136959672 152.76227109506726 144.18189560621977 560.78000783361495 791.31890816055238
leaf_count=1817 4175 25500 37569 16838 3020 6788 1433 15072 2308 4206 1823 1992 7554 10538
internal_value=0 0.000212225 -0.000242714 0.000975197 -0.00236292 -0.00353348 0.000209836 0.000635429 0.00011799 -0.000278093 0.00209809 0.0040491 -0.00102688 -0.000671517
internal_weight=0 9803.43 6111.46 3691.97 825.946 598.417 2222.35 1942.22 1703.73 1518.64 1469.62 238.489 3272.15 2711.37
internal_count=140633 129008 81161 47847 11625 8605 29186 25011 21586 19278 18661 3425 43592 36038
is_linear=0
shrinkage=0.0101079


Tree=37
num_leaves=15
num_cat=0
split_feature=0 27 23 29 30 23 33 2 2 33 2 33 13 3
split_gain=49.6293 35.109 67.9409 74.5847 54.3236 35.5422 65.7072 33.3739 32.3211 49.6152 43.205 33.0474 29.9193 29.3933
threshold=0.46442617475986486 -0.50938662886619557 0.96330782771110546 -1.0000000180025095e-35 1.0000000180025095e-35 0.83095684647560131 1.0880999565124514 0.76091814041137706 1.3711419105529787 0.97991594672203075 0.60546281933784496 1.0013927817344668 0.0028753682272508745 0.21460817754268649
decision_type=2 2 2 2 2 2 8 2 2 10 2 8 2 2
left_child=-1 2 3 -2 8 6 -6 -5 9 13 -11 -10 -8 -3
right_child=1 4 -4 7 5 -7 12 -9 11 10 -12 -13 -14 -15
leaf_value=-0.0033491561166637883 0.0021305007757267073 -0.0032070482392481435 0.00034115966601012938 0.00076338305820938183 0.0057529188564204737 0.0004771531298148517 -0.00061040727860959979 -0.0047669135883340735 0.004856049711214454 -0.0051884386936189523 -0.00090196485363513144 0.00015546574666570241 0.002914095433189874 0.00064864787876090717
leaf_weight=426.44695435091853 242.33271081745625 215.71333940513432 2110.4288670439273 113.01490604877472 484.91338458657265 1516.1382981520146 473.33856309950352 793.87754889577627 225.13112708926201 366.41391482949257 771.24134246259928 502.80418867990375 469.43314660899341 1969.980680398643
leaf_count=6106 3380 3446 27298 1666 2958 19905 8084 11158 1389 2312 4832 8322 7155 32952
internal_value=0 0.000140144 -0.000719859 -0.00269271 0.000547029 0.00159168 0.00273821 -0.00403284 -0.000203644 -0.00063562 -0.00234328 0.00169959 0.00111124 0.000239816
internal_weight=0 10254.8 3259.65 1149.23 6995.11 2943.82 1427.69 906.892 4051.28 3323.35 1137.66 727.935 942.772 2185.69
internal_count=140963 134857 43502 16204 91355 38102 18197 12824 53253 43542 7144 9711 15239 36398
is_linear=0
shrinkage=0.0101079


Tree=38
num_leaves=15
num_cat=0
split_feature=0 27 3 22 13 12 30 18 13 14 20 28 16 14
split_gain=44.7166 45.1247 35.645 33.2775 30.2248 28.6053 25.5045 28.5505 24.6995 27.7035 33.2074 29.0952 24.1006 25.1488
threshold=0.59079074859619152 -0.47136868536472315 0.46461251378059393 -0.040081331506371491 -0.080939289182424531 -0.0375483501702547 1.0000000180025095e-35 84.500000000000014 0.068580165505409255 -7.9957761764526358 0.99493417143821727 0.098011311143636717 0.15960320830345157 -7.0888109207153311
decision_type=2 2 2 2 2 2 2 2 2 2 2 2 2 2
left_child=1 -1 4 -4 5 -2 -6 8 9 11 -11 -8 -3 -14
right_child=2 12 3 -5 6 -7 7 -9 -10 10 -12 -13 13 -15
leaf_value=-0.0059687904900540814 0.0079896742361312625 0.0029910101428872317 -0.00097764219743090922 0.00053967860673331076 1.8716086797055313e-05 0.00058041427381190351 -0.0015213354559314789 0.0047194540330923298 -0.0031547908123381574 0.0063873775884602385 0 0.0033808742737424773 -0.0029104621454543573 0.00013745670098124825
leaf_weight=209.59658042155206 115.89557957835495 132.02870952524245 3003.9050709884614 2859.2310957759619 1888.4636346865445 118.503921514377 348.85757771506906 282.95929518900812 114.50642693974078 201.1854363810271 131.20735856331885 180.72303859144449 544.92946917004883 504.51581884734333
leaf_count=2844 1251 2062 39718 37821 24838 1748 4597 3356 1323 2311 1549 2626 7806 6724
internal_value=0 -0.00169885 0.000240029 -0.000231064 0.00106729 0.00454758 0.000784929 0.00189483 0.00100492 0.00162691 0.00388297 0.000100457 -0.000873839 -0.00141647
internal_weight=0 1391.07 9245.44 5863.14 3382.3 234.4 3147.9 1259.44 976.48 861.973 332.393 529.581 1181.47 1049.45
internal_count=140574 19436 121138 77539 43599 2999 40600 15762 12406 11083 3860 7223 16592 14530
is_linear=0
shrinkage=0.0101079


Tree=39
num_leaves=15
num_cat=0
split_feature=0 3 22 30 16 15 14 10 3 7 18 12 3 3
split_gain=51.6989 30.7388 39.8777 35.0116 25.5464 25.076 24.0052 22.4471 25.4283 24.6619 21.8699 17.5211 17.239 22.1565
threshold=0.53311267495155346 0.46461251378059393 -0.063584104180335985 1.0000000180025095e-35 0.72322964668273937 3.7718491554260258 -20.847403526306149 0.10904423519968988 0.22874372452497485 19.589193344116214 89.500000000000014 -0.040651999413967126 0.29400345683097845 0.33894275128841406
decision_type=2 2 2 2 2 2 2 2 2 2 2 2 2 2
left_child=4 3 -3 6 5 -1 11 8 -8 -10 12 -2 -5 -14
right_child=1 2 -4 10 -6 -7 7 -9 9 -11 -12 -13 13 -15
leaf_value=0.0003138978427556805 0.005805610404605685 -0.00099721171307449942 0.00062950365578346096 -0.00019337441685411927 0.00030806586931364039 -0.0044274152158690306 -0.0028843199188500973 -0.0020997618405499945 0.0004578211140579505 0.0055622384322957493 0.0049497956861131809 0.00016018115927860332 0.0053725293131592034 0.0013438630941331991
leaf_weight=125.87016999162734 116.35138393752277 3166.0059824921191 2959.3558982200921 365.08560634218156 239.63165144994855 497.81442011520267 197.59106807596982 487.98108910955489 1175.7212885227054 101.31731800176203 246.6290284153074 132.07533922046423 190.85114558786154 667.47008443064988
leaf_count=1905 1395 42001 39164 4462 3203 7111 2880 6189 15263 1131 2938 2072 2525 8613
internal_value=0 0.000228433 -0.000204885 0.000959393 -0.00234083 -0.00341416 0.000134246 -0.000225522 0.000374994 0.000924959 0.00216596 0.00305663 0.00154465 0.00232588
internal_weight=0 9806.44 6125.36 3681.07 863.316 623.685 2211.04 1962.61 1474.63 1277.04 1470.04 248.427 1223.41 858.321
internal_count=140852 128633 81165 47468 12219 9016 28930 25463 19274 16394 18538 3467 15600 11138
is_linear=0
shrinkage=0.0101079


Tree=40
num_leaves=15
num_cat=0
split_feature=0 27 28 30 23 33 33 7 13 30 33 2 13 21
split_gain=44.5974 32.1952 68.0889 51.3793 34.4758 56.8924 30.4134 29.803 28.2638 25.9846 32.8506 26.4195 24.7863 22.5374
threshold=0.46442617475986486 -0.61734244227409352 0.41268247365951544 1.0000000180025095e-35 0.86371418833732616 1.0880999565124514 1.0000000180025095e-35 -7.3669440746307364 0.00041969325684476649 1.0000000180025095e-35 0.90112781524658214 1.5459843277931216 0.0063782539218664178 -7.497725009918212
decision_type=2 2 2 2 2 8 10 2 2 2 10 2 2 2
left_child=-1 2 9 -3 5 12 7 -6 13 11 -11 -2 -5 -7
right_child=1 3 -4 4 6 8 -8 -9 -10 10 -12 -13 -14 -15
leaf_value=-0.0032029465483047782 0.0023379540621729852 -0.00022470905890132725 -0.0037165105736278073 0.0073569613532552935 0.0042834529027217152 0.003316377745555731 -0.001674874679203318 0.00024730413903699074 0.0026727104985786163 3.7376737616841097e-05 -0.0038888291215094131 -0.00037036796079056774 0.0026181620694672217 -0.0016976502370524263
leaf_weight=420.02040712349117 675.27088597789407 4209.2226865906268 617.95336050353944 276.05449517071247 257.911680938676 106.86169749684632 489.57199995219707 719.33594959788024 552.40165010467172 609.88529640808702 314.64989620447159 748.69930366054177 268.53477261960506 409.0517415907234
leaf_count=6054 9226 55444 8575 1706 4579 1795 2991 11888 8366 10278 1993 9605 1598 6936
internal_value=0 0.000128414 -0.000752748 0.000492993 0.00148516 0.0025055 0.000328578 0.00137857 0.00108661 1.94203e-05 -0.0012763 0.000891293 0.0051621 -0.000548528
internal_weight=0 10255.4 2966.46 7288.95 3079.72 1612.9 1466.82 977.248 1068.32 2348.51 924.535 1423.97 544.589 515.913
internal_count=141034 134980 39677 95303 39859 20401 19458 16467 17097 31102 12271 18831 3304 8731
is_linear=0
shrinkage=0.0101079


Tree=41
num_leaves=15
num_cat=0
split_feature=28 27 29 33 22 30 33 13 2 2 5 14 13 21
split_gain=39.228 77.3783 81.0418 44.7153 40.671 34.5512 52.2929 44.8355 33.4993 31.5408 32.2352 29.5862 30.1864 26.9982
threshold=-0.35222910344600672 0.11969653144478799 -1.0000000180025095e-35 1.0013927817344668 -0.19032640010118482 1.0000000180025095e-35 1.0013927817344668 -0.074818816035985933 0.6237018108367921 0.89405754208564769 -3.3623960018157955 -7.474442481994628 -0.0021100024459883566 -6.6778581142425528
decision_type=2 2 2 8 2 2 8 2 2 2 2 2 2 2
left_child=3 2 13 8 9 7 -7 -3 -1 -4 -11 -9 -13 -2
right_child=1 5 4 -5 -6 6 -8 11 -10 10 -12 12 -14 -15
leaf_value=-0.0043364483140350251 -0.0023246083000140211 0.0053081307585209729 -0.0010710473747254669 0.0014747824803092817 -0.00012080870428200451 0.0046861764755098253 0.00036625720958242502 -0.0021037242559086514 -4.4080048585992873e-06 -0.00060770717459197128 -0.0048799574626755436 0.0045137735410305151 -0.00027046177400678808 0.0026868315799087276
leaf_weight=210.14658506214619 126.39673873968422 128.01120016723871 545.75745105557144 2911.7694187909365 596.64133760333061 434.4059479534626 884.08678179048002 830.94491717405617 1240.2632504552603 247.69448931887746 1044.1321903839707 150.86609804444015 824.19864121451974 487.09344163164496
leaf_count=1281 1720 1786 7746 47874 8045 2635 14322 11655 7705 3577 13757 1899 10358 6444
internal_value=0 -0.000496501 -0.00165521 0.000749368 -0.00248783 0.000578162 0.00183887 -0.000264298 -0.000679258 -0.00323075 -0.00410034 -0.000702282 0.000457872 0.00157325
internal_weight=0 6300.23 3047.72 4362.18 2434.23 3252.51 1318.49 1934.02 1450.41 1837.58 1291.83 1806.01 975.065 613.49
internal_count=140804 83944 41289 56860 33125 42655 16957 25698 8986 25080 17334 23912 12257 8164
is_linear=0
shrinkage=0.0101079


Tree=42
num_leaves=15
num_cat=0
split_feature=0 27 3 22 3 13 5 5 27 30 13 12 16 15
split_gain=48.3725 49.1144 33.8898 35.3782 25.2488 46.2757 24.9369 28.5055 25.7114 24.2961 42.3901 23.045 19.3488 19.0745
threshold=0.59079074859619152 -0.50938662886619557 0.46461251378059393 -0.040081331506371491 0.23285563290119174 -0.078842744231224046 1.9785442948341372 -4.0135579109191886 0.66746801137924205 1.0000000180025095e-35 0.040811648592352874 0.031874921172857291 0.18638600409030917 8.6220159530639666
decision_type=2 2 2 2 2 2 2 2 2 2 2 2 2 2
left_child=1 -1 4 -4 -2 -6 7 -7 13 12 11 -11 -3 -8
right_child=2 9 3 -5 5 6 8 -9 -10 10 -12 -13 -14 -15
leaf_value=-0.0065113961942617517 -0.0011929915321057477 0.0018113064789424039 -0.00093911906174834134 0.00062201384362259044 0.0063297225242242095 -0.0015100858605070289 -0.0019897667193949486 0.0021196790170227905 -0.0024310666258866376 0.00066708028453132137 0.00606794911757367 -0.0044592312223769373 -0.0028549661782900208 0.0025474699747277262
leaf_weight=184.96365557610989 408.74353802017868 90.33484915830195 3019.9036116860807 2877.93301624991 180.13095985166728 233.3874252140522 118.71664291806519 1777.6582291368395 355.35220921039581 284.34679515473545 109.68490179814398 116.80893906205893 598.01471703313291 310.23529977165163
leaf_count=2521 5627 1414 39927 37986 2231 3237 1537 22650 4516 4166 1422 1520 8319 3795
internal_value=0 -0.00173409 0.000286188 -0.000170665 0.0010929 0.00142274 0.00107571 0.00167426 -0.000409233 -0.000927162 0.000678408 -0.000781923 -0.00217126 0.00118615
internal_weight=0 1384.15 9282.06 5897.84 3384.22 2975.48 2795.35 2011.05 784.304 1199.19 510.841 401.156 688.35 428.952
internal_count=140868 19362 121506 77913 43593 37966 35735 25887 9848 16841 7108 5686 9733 5332
is_linear=0
shrinkage=0.0101079


Tree=43
num_leaves=15
num_cat=0
split_feature=0 27 3 3 28 28 33 16 27 29 11 30 2 33
split_gain=40.9503 47.3649 28.8539 29.9082 23.6653 23.0493 36.8934 29.1213 29.1099 46.0443 33.391 28.9128 46.9742 35.6705
threshold=0.59079074859619152 -0.50938662886619557 0.36240449547767645 0.23285563290119174 0.77296444773674022 -0.22706275433301923 1.0000000180025095e-35 0.21585702896118167 -0.11969653144478797 -1.0000000180025095e-35 0.036897206678986556 1.0000000180025095e-35 1.4954596161842348 0.90112781524658214
decision_type=2 2 2 2 2 2 10 2 2 2 2 2 2 10
left_child=1 -1 3 -2 -3 6 -4 -8 9 10 -7 12 -10 -13
right_child=2 4 5 -5 -6 8 7 -9 11 -11 -12 13 -14 -15
leaf_value=-0.0063324854947298765 -0.0010193845291844713 0.0011095963487593023 0.0012126415798080722 0.0019747576035692642 -0.0018514833862309935 0.0055054299362175792 0.0023992385056152686 -0.001511567075975216 -0.0021554337509028867 -0.0024098557135019075 -0.00047397354465657688 0.00013613009502330385 0.0036681345016467311 0.0047752577584234419
leaf_weight=184.16073339246213 412.55272749252617 394.31473147124052 2487.8808896318078 1537.7341035231948 801.11785943806171 128.20169398002326 220.44586174190044 1144.2208072692156 692.40833769179881 1416.9913350455463 284.1005644723773 541.10200807265937 166.42130166478455 252.71328631043434
leaf_count=2529 5703 5511 42253 19505 11362 1591 1372 7108 8876 19313 3844 8459 2013 1550
internal_value=0 -0.00163342 0.00022815 0.0013192 -0.000840262 -5.75226e-05 0.00047466 -0.00084048 -0.000657706 -0.00153713 0.0013551 0.000293913 -0.00095785 0.00169495
internal_weight=0 1379.59 9284.77 1950.29 1195.43 7334.49 3852.55 1364.67 3481.94 1829.29 412.302 1652.64 858.83 793.815
internal_count=140989 19402 121587 25208 16873 96379 50733 8480 45646 24748 5435 20898 10889 10009
is_linear=0
shrinkage=0.0101079


Tree=44
num_leaves=15
num_cat=0
split_feature=22 27 29 30 2 5 20 13 22 20 14 14 15 27
split_gain=38.7432 51.9008 53.0228 34.2572 25.5128 32.1434 21.4552 21.2805 16.2633 15.0675 16.6946 14.4049 26.2978 17.7868
threshold=-0.59078598022460926 -0.076279435306787477 -1.0000000180025095e-35 1.0000000180025095e-35 0.89405754208564769 -4.0135579109191886 -0.53819882869720448 -0.078842744231224046 0.685437172651291 1.058404326438904 -5.7498962879180899 -9.6043801307678205 3.7718491554260258 -0.71473535895347584
decision_type=2 2 2 2 2 2 2 2 2 2 2 2 2 2
left_child=1 2 6 -3 -4 -6 -1 -2 11 -5 -11 12 -9 -14
right_child=7 3 4 9 5 -7 -8 8 -10 10 -12 -13 13 -15
leaf_value=-0.0008715455210872809 0.0028674746499771355 -0.0010702927660655086 -0.0009912716203198189 0.0032472058035697142 0.00047030508309852585 -0.0054305669202867803 0.0052868672026037062 0.00067765279830262436 0.0010955393996193274 -0.0030613129901302504 0.0026297936417049883 0.00035267798359359229 -0.0035380974264460213 -0.00081470473646158255
leaf_weight=105.09179707244039 318.60847800225019 816.11000440269709 330.07081396877766 387.87668826244771 95.108466915786266 618.25827257148921 97.074226217344403 868.21066363714635 1671.0888609271497 96.0559943318367 98.491054765880108 3755.9262022022158 344.69512487947941 1044.54182776995
leaf_count=1351 4130 11351 4902 5050 1437 8413 1451 12802 22217 1413 1266 46398 4660 13995
internal_value=0 -0.00108069 -0.00257737 0.000230283 -0.00350631 -0.00459102 0.00197727 0.000328579 0.000215308 0.0021116 0 -2.36572e-05 -0.000666759 -0.00153506
internal_weight=0 2644.14 1245.6 1398.53 1043.44 713.367 202.166 8003.07 7684.46 582.424 194.547 6013.37 2257.45 1389.24
internal_count=140836 36634 17554 19080 14752 9850 2802 104202 100072 7729 2679 77855 31457 18655
is_linear=0
shrinkage=0.0101079


Tree=45
num_leaves=15
num_cat=0
split_feature=0 3 27 23 27 29 30 2 15 2 5 33 11 30
split_gain=38.6678 31.5763 28.9027 25.4381 32.212 57.4173 28.7454 30.681 27.6959 27.3806 27.2125 27.9851 26.5587 22.4727
threshold=0.53311267495155346 0.36240449547767645 -0.49049438536167139 1.1353423595428469 -0.49049438536167139 -1.0000000180025095e-35 1.0000000180025095e-35 1.4721077680587771 11.177581310272219 0.78785300254821788 0.80337196588516246 0.99611112475395214 0.056730350479483611 1.0000000180025095e-35
decision_type=2 2 2 2 2 2 2 2 2 2 2 10 2 2
left_child=2 13 -1 4 5 12 7 -6 10 -7 11 -8 -3 -2
right_child=1 3 -4 -5 6 9 8 -9 -10 -11 -12 -13 -14 -15
leaf_value=-0.0072980299010773084 0.00041575553234951367 0.0053075648881336871 -0.001315423495976012 0.00066240138292112207 -0.0014645695387742331 0.0010435751806283176 0.0013647052900801287 0.0018072313158010733 -0.00078427432841159301 -0.003466860082613142 -0.00029159032150388866 0.0057196765010225662 -0.00054810148093543802 0.0025988070977466951
leaf_weight=91.600868215784431 1350.8462447058409 132.15601351484656 767.14905991591513 2643.2163909804076 1613.2225704975426 140.55776987224817 443.469328308478 340.73622635379434 571.43016728945076 997.73945517092943 343.10599325597286 258.43250703811646 154.78602003119886 796.93024991080165
leaf_count=1287 17840 1804 10867 35350 20353 2039 7508 4549 6717 13975 4538 1611 2182 9938
internal_value=0 0.000168613 -0.00205899 -0.000131336 -0.000559771 -0.00184066 -3.43102e-05 -0.000868567 0.00094855 -0.00287133 0.00193338 0.00306951 0.00207899 0.0012509
internal_weight=0 9786.63 858.75 7638.85 4995.64 1425.24 3570.4 1953.96 1616.44 1138.3 1045.01 701.902 286.942 2147.78
internal_count=140558 128404 12154 100626 65276 20000 45276 24902 20374 16014 13657 9119 3986 27778
is_linear=0
shrinkage=0.0101079


Tree=46
num_leaves=15
num_cat=0
split_feature=22 3 3 22 27 29 17 30 17 21 29 7 29 29
split_gain=37.4914 26.2332 32.0527 29.2371 24.9704 38.1693 39.7733 36.0808 44.8662 26.2684 27.7657 23.7288 29.5893 56.5675
threshold=-1.0157195329666135 0.33463813364505773 0.29925630986690527 0.25065326690673834 0.11969653144478799 -1.0000000180025095e-35 55.500000000000007 1.0000000180025095e-35 63.500000000000007 6.873002529144288 0.87837970256805431 8.1977009773254412 0.6078576147556306 -1.0000000180025095e-35
decision_type=2 2 2 2 2 2 2 2 2 2 2 2 2 2
left_child=-1 2 11 4 5 -3 9 -6 -9 10 -7 -2 13 -13
right_child=1 3 -4 -5 7 6 -8 8 -10 -11 -12 12 -14 -15
leaf_value=-0.0023600961070329237 -0.00068176161205765653 0.0010482010788482473 0.0033030138995370582 0.00082881727314825795 -0.00078222010946796727 -0.00031424455957860446 -0.0031020156509656439 -5.1218576995354182e-05 0.0039029944814877697 -0.0025736150768842338 0.0042810382549648539 -0.00091277392611352037 -0.0010413096721534985 0.0066681805077012362
leaf_weight=618.68214309774339 821.19925989769399 594.48921141959727 547.98447076976299 2533.8748111519963 1607.1303016245365 503.26818963699043 1129.4573666080832 693.22352669946849 476.40410578250885 342.68239974975586 169.19919854588807 155.50456437282264 199.35274370014668 232.94785405322909
leaf_count=9376 10847 7901 6966 33827 20679 6447 15366 9041 5844 4401 2438 2007 2617 2831
internal_value=0 0.000188115 0.00123634 -6.26242e-05 -0.000480046 -0.00116547 -0.00179946 0.000182876 0.00153984 -0.000298304 0.000817493 0.000390523 0.00194612 0.00357203
internal_weight=0 10006.7 1956.99 8049.73 5515.85 2739.1 2144.61 2776.76 1169.63 1015.15 672.467 1409 587.805 388.452
internal_count=140588 131212 25268 105944 72117 36553 28652 35564 14885 13286 8885 18302 7455 4838
is_linear=0
shrinkage=0.0101079


Tree=47
num_leaves=15
num_cat=0
split_feature=23 3 1 27 10 28 5 13 14 12 3 15 2 12
split_gain=35.4568 36.0115 37.6939 37.8547 31.6708 23.9516 27.1606 22.3209 23.0606 24.5468 25.4126 28.883 21.1608 20.9316
threshold=0.3870824426412583 0.46461251378059393 1.0658645033836367 0.1413247883319855 0.14409156143665316 0.41268247365951544 -4.0135579109191886 -0.088973794132471071 -7.9957761764526358 0.04719111695885659 0.21460817754268649 8.1997017860412615 0.77421823143959057 -0.03592932038009166
decision_type=2 2 2 2 2 2 2 2 2 2 2 2 2 2
left_child=-1 7 3 5 -5 -3 -7 13 -9 10 -10 -12 -8 -2
right_child=1 2 -4 4 -6 6 12 8 9 -11 11 -13 -14 -15
leaf_value=-0.0033899945789563793 0.0071564233013899593 -0.00079601462906145803 0.00063310344451709478 -0.00090667536777595055 0.0020855558249113517 0.0011992488879605176 0 -9.1608901277240916e-05 -0.0014050943557992258 -0.0011392926919597121 -0.0020956637889285664 0.0028729764555813987 -0.0041022641263965204 0.00060840342280348025
leaf_weight=292.17659768089652 104.75042581744492 1390.3573513124138 2483.2633736152202 853.2318422626704 606.80284512601793 128.83861676231027 138.73215923830867 1857.5671453978866 182.20478875376284 287.16036057658494 116.4086313508451 1310.3122982792556 799.1191979944706 119.74012122862041
leaf_count=3901 1027 19250 32346 10890 8015 1827 2057 26116 2475 3582 1504 15357 11000 1713
internal_value=0 0.000134542 -0.000330198 -0.000951253 0.000313706 -0.001718 -0.00286785 0.000891613 0.000688865 0.00147206 0.00196636 0.00243035 -0.00347457 0.00397312
internal_weight=0 10378.5 6400.35 3917.08 1460.03 2457.05 1066.69 3978.14 3753.65 1896.09 1608.93 1426.72 937.851 224.491
internal_count=141060 137159 85385 53039 18905 34134 14884 51774 49034 22918 19336 16861 13057 2740
is_linear=0
shrinkage=0.0101079


Tree=48
num_leaves=15
num_cat=0
split_feature=22 13 23 27 30 28 23 33 13 28 2 17 2 30
split_gain=35.2253 30.1282 23.2032 29.7305 55.0646 38.653 28.2775 39.4364 29.4133 25.4679 26.5947 25.0849 24.7861 36.4171
threshold=-1.0310713052749632 -0.088973794132471071 2.1585575342178349 -0.65106672048568714 1.0000000180025095e-35 0.43245348334312445 0.84389910101890575 1.0880999565124514 0.0028753682272508745 0.1413247883319855 0.57402274012565624 13.500000000000002 1.632942855358124 1.0000000180025095e-35
decision_type=2 2 2 2 2 2 2 8 2 2 2 2 2 2
left_child=-1 -2 3 5 9 12 7 -6 -9 10 -5 -11 13 -3
right_child=1 2 -4 4 6 -7 -8 8 -10 11 -12 -13 -14 -15
leaf_value=-0.0023999758071806977 0.0032738739548958526 0.0021565034776731976 0.0024018414801159796 -0.0020450793753974154 0.004778355261531547 -0.0038232579579906664 0.00034171521335777451 -0.00073287282062339419 0.0028069833741814596 0.00065908409355061256 0.0006768105834632196 -0.0021659670577761614 -0.0017267838073431933 -0.0014480015698123702
leaf_weight=582.00676028430462 297.01362532190979 634.12933655269444 400.39948260225356 438.61649796925485 467.06651610136032 414.0301317051053 1492.1911785434932 436.17673189565539 484.62949599325657 401.99701817892492 1993.9412339124829 1239.6520464979112 847.41135035455227 498.98441291414201
leaf_count=8848 3716 8809 4906 5287 2835 5592 19617 7410 7333 4819 26849 16726 11245 6551
internal_value=0 0.000141981 3.99299e-05 -5.87765e-05 0.000271231 -0.00103186 0.00134287 0.0023825 0.00109433 -0.000477487 0.000164566 -0.00144978 -0.000415508 0.000534633
internal_weight=0 10046.2 9749.23 9348.83 6954.27 2394.56 2880.06 1387.87 920.806 4074.21 2432.56 1641.65 1980.53 1133.11
internal_count=140543 131695 127979 123073 90876 32197 37195 17578 14743 53681 32136 21545 26605 15360
is_linear=0
shrinkage=0.0101079


Tree=49
num_leaves=15
num_cat=0
split_feature=0 27 28 29 29 28 29 2 3 33 3 16 3 2
split_gain=42.0492 30.7753 79.7594 36.4762 33.8245 21.9592 21.3242 19.967 19.958 23.33 17.6094 22.9589 18.377 19.813
threshold=0.46442617475986486 -0.56457334756851185 0.41268247365951544 -1.0000000180025095e-35 0.87837970256805431 -0.18436925113201139 -1.0000000180025095e-35 0.59270846843719494 0.66861176490783703 1.0013927817344668 0.84938663244247448 0.75038436055183422 0.36240449547767645 0.56439980864524852
decision_type=2 2 2 2 2 2 2 2 2 8 2 2 2 2
left_child=7 2 4 -4 5 8 -7 -1 -2 -10 12 -12 13 -3
right_child=1 10 3 -5 -6 6 -8 -9 9 -11 11 -13 -14 -15
leaf_value=0 0.0022050419948858404 -2.692770096994076e-06 0.0005268503385154824 -0.0050954694287204689 0.0024448613663085208 0.00085535668014828832 -0.0026871249066836174 -0.0045024036027206931 -0.003131630435000993 0.00065968281650292818 0.004065853503397894 -0.00050831871920923189 -8.8762656729826497e-06 0.0018844812468242988
leaf_weight=124.64513844251633 406.90087368153036 912.08569020219147 134.90293720923364 506.51045369170606 501.76177768968046 215.30775104090571 615.98245845362544 296.43836922012269 236.25435493886471 481.59107906185091 295.4716018140316 152.53516050614417 4436.8723673895001 1334.7417439967394
leaf_count=1885 5260 11634 1826 7151 6569 2844 8401 4258 1452 8003 4020 2057 57849 17657
internal_value=0 0.000129647 -0.000704836 -0.00385829 0.000111093 -0.000474117 -0.0017219 -0.00310153 0.000417733 -0.000552095 0.000498326 0.00243715 0.000359682 0.00110302
internal_weight=0 10230.9 3099.21 641.413 2457.8 1956.04 831.29 421.084 1124.75 717.845 7131.71 448.007 6683.7 2246.83
internal_count=140866 134723 41506 8977 32529 25960 11245 6143 14715 9455 93217 6077 87140 29291
is_linear=0
shrinkage=0.0101079


Tree=50
num_leaves=15
num_cat=0
split_feature=0 3 3 22 28 30 12 16 21 13 13 16 0 16
split_gain=49.7563 24.8515 29.7705 29.2986 22.0697 21.4327 18.8086 16.5255 16.3796 15.471 17.3093 16.5865 15.8531 15.365
threshold=0.53311267495155346 0.36240449547767645 0.23285563290119174 0.4847139716148377 0.47136868536472326 1.0000000180025095e-35 0.041193695738911636 0.72322964668273937 6.1824228763580331 -0.086160182952880845 -0.042185401543974869 0.12888241559267047 0.73730361461639415 0.18638600409030917
decision_type=2 2 2 2 2 2 2 2 2 2 2 2 2 2
left_child=4 2 5 9 -1 -2 8 -6 -4 -3 12 -12 -11 -14
right_child=1 3 6 -5 7 -7 -8 -9 -10 10 11 -13 13 -15
leaf_value=0.00057493681617646383 -0.0026910738505240132 0.0032230160455858918 0.0018121044381442266 0.0010502109570975774 -0.0041200073355024767 0.001537520870240284 -0.00068950711576057507 -0.00029837441425694652 0.0052664126428582907 -0.0049691143477749956 0.0019002258017072296 -0.00043793440342450464 0.00057968146368288904 -0.0034086149005538597
leaf_weight=188.8000090289861 291.21385853923857 108.22042414359748 1260.5674813576043 1919.5211710352451 485.81534997746348 188.52790484391153 228.86046807281673 183.58962050452828 174.03409335762262 150.6089600417763 319.30159486830235 4743.146147146821 228.02944974042475 149.2790668271482
leaf_count=2615 4343 1449 16204 25482 7145 2197 2983 2461 2012 2148 4849 60886 3426 2183
internal_value=0 0.00024395 0.00120379 -2.1707e-05 -0.00228349 -0.00094818 0.00185015 -0.00314689 0.00228489 -0.000390793 -0.000472284 -0.000279834 -0.00221186 -0.000929347
internal_weight=0 9761.31 2143.2 7618.11 858.205 479.742 1663.46 669.405 1434.6 5698.59 5590.37 5062.45 527.917 377.309
internal_count=140383 128162 27739 100423 12221 6540 21199 9606 18216 74941 73492 65735 7757 5609
is_linear=0
shrinkage=0.0101079


end of trees

feature_importances:
Column_27=68
Column_3=64
Column_0=61
Column_13=57
Column_30=56
Column_2=45
Column_28=45
Column_29=45
Column_33=35
Column_22=31
Column_16=29
Column_12=25
Column_14=24
Column_23=17
Column_5=16
Column_18=13
Column_11=12
Column_21=12
Column_7=11
Column_15=11
Column_17=10
Column_1=8
Column_10=8
Column_20=6
Column_32=4
Column_4=1

parameters:
[boosting: gbdt]
[objective: binary]
[metric: auc]
[tree_learner: serial]
[device_type: cpu]
[data_sample_strategy: bagging]
[data: ]
[valid: ]
[num_iterations: 600]
[learning_rate: 0.0101079]
[num_leaves: 15]
[num_threads: 2]
[seed: 2024]
[deterministic: 0]
[force_col_wise: 0]
[force_row_wise: 0]
[histogram_pool_size: -1]
[max_depth: -1]
[min_data_in_leaf: 1280]
[min_sum_hessian_in_leaf: 0.001]
[bagging_fraction: 0.829452]
[pos_bagging_fraction: 1]
[neg_bagging_fraction: 1]
[bagging_freq: 1]
[bagging_seed: 2024]
[feature_fraction: 0.727545]
[feature_fraction_bynode: 1]
[feature_fraction_seed: 2024]
[extra_trees: 0]
[extra_seed: 29642]
[early_stopping_round: 0]
[early_stopping_min_delta: 0]
[first_metric_only: 0]
[max_delta_step: 0]
[lambda_l1: 4.00664]
[lambda_l2: 7.63247]
[linear_lambda: 0]
[min_gain_to_split: 0]
[drop_rate: 0.1]
[max_drop: 50]
[skip_drop: 0.5]
[xgboost_dart_mode: 0]
[uniform_drop: 0]
[drop_seed: 2449]
[top_rate: 0.2]
[other_rate: 0.1]
[min_data_per_group: 100]
[max_cat_threshold: 32]
[cat_l2: 10]
[cat_smooth: 10]
[max_cat_to_onehot: 4]
[top_k: 20]
[monotone_constraints: ]
[monotone_constraints_method: basic]
[monotone_penalty: 0]
[feature_contri: ]
[forcedsplits_filename: ]
[refit_decay_rate: 0.9]
[cegb_tradeoff: 1]
[cegb_penalty_split: 0]
[cegb_penalty_feature_lazy: ]
[cegb_penalty_feature_coupled: ]
[path_smooth: 0]
[interaction_constraints: ]
[verbosity: -1]
[saved_feature_importance_type: 0]
[use_quantized_grad: 0]
[num_grad_quant_bins: 4]
[quant_train_renew_leaf: 0]
[stochastic_rounding: 1]
[linear_tree: 0]
[max_bin: 255]
[max_bin_by_feature: ]
[min_data_in_bin: 3]
[bin_construct_sample_cnt: 200000]
[data_random_seed: 6648]
[is_enable_sparse: 1]
[enable_bundle: 1]
[use_missing: 1]
[zero_as_missing: 0]
[feature_pre_filter: 1]
[pre_partition: 0]
[two_round: 0]
[header: 0]
[label_column: ]
[weight_column: ]
[group_column: ]
[ignore_column: ]
[categorical_feature: ]
[forcedbins_filename: ]
[precise_float_parser: 0]
[parser_config_file: ]
[objective_seed: 12337]
[num_class: 1]
[is_unbalance: 0]
[scale_pos_weight: 1]
[sigmoid: 1]
[boost_from_average: 1]
[reg_sqrt: 0]
[alpha: 0.9]
[fair_c: 1]
[poisson_max_delta_step: 0.7]
[tweedie_variance_power: 1.5]
[lambdarank_truncation_level: 30]
[lambdarank_norm: 1]
[label_gain: ]
[lambdarank_position_bias_regularization: 0]
[eval_at: ]
[multi_error_top_k: 1]
[auc_mu_weights: ]
[num_machines: 1]
[local_listen_port: 12400]
[time_out: 120]
[machine_list_filename: ]
[machines: ]
[gpu_platform_id: -1]
[gpu_device_id: -1]
[gpu_use_dp: 0]
[num_gpu: 1]

end of parameters

pandas_categorical:null
