tree
version=v4
num_class=1
num_tree_per_iteration=1
label_index=0
max_feature_idx=33
objective=binary sigmoid:1
feature_names=Column_0 Column_1 Column_2 Column_3 Column_4 Column_5 Column_6 Column_7 Column_8 Column_9 Column_10 Column_11 Column_12 Column_13 Column_14 Column_15 Column_16 Column_17 Column_18 Column_19 Column_20 Column_21 Column_22 Column_23 Column_24 Column_25 Column_26 Column_27 Column_28 Column_29 Column_30 Column_31 Column_32 Column_33
feature_infos=[0.22403052449226379:4.806818962097168] [0.027025075629353523:26.170040130615234] [0.17134076356887817:8.6935958862304688] [0.087584272027015686:1] [-28.67047119140625:41.262332916259766] [-36.190670013427734:42.326030731201172] [-36.841156005859375:62.500308990478516] [-45.158794403076172:63.120437622070312] [-22.455821990966797:30.680826187133789] [0:0.95389312505722046] [0:0.64536702632904053] [0:0.40022626519203186] [-0.51016271114349365:0.5480339527130127] [-0.15783818066120148:0.22172828018665314] [-46.22015380859375:17.161741256713867] [-8.3726015090942383:64.2962646484375] [0:1] [0:95] [0:95] [-1:1] [-29.775985717773438:44.984848022460938] [-30.712318420410156:55.0223388671875] [-2.5033562183380127:15.253066062927246] [0.049656935036182404:4.2456021308898926] [-1:1] [0:1] [0:1] [-1:1] [-1:1] [-0.78183150291442871:0.97492790222167969] [-0.90096884965896606:1] [0:1] [0:1] [0.89999997615814209:4.5999999046325684]
tree_sizes=1733 1797 1814 1817 1807 1787 1789 1805 1818 1769 1778 1790 1818 1791 1821 1791 1774 1748 1803 1808 1780 1794 1812 1809 1793 1795 1762 1785 1818 1790 1798 1787 1800 1803 1813

Tree=0
num_leaves=15
num_cat=0
split_feature=28 27 29 33 22 20 2 5 13 29 29 11 3 5
split_gain=72.2278 116.921 92.8933 61.8544 54.0231 41.826 37.8693 39.2501 35.5065 24.983 31.8803 31.6481 34.8 23.8965
threshold=-0.35222910344600672 0.11969653144478799 -1.0000000180025095e-35 1.0013927817344668 -0.31785845756530756 -1.5166998505592344 0.78343141078948986 -3.6373170614242549 -0.074818816035985933 -1.0000000180025095e-35 1.0000000180025095e-35 0.093281887471675887 0.39204405248165136 -4.5181097984313956
decision_type=2 2 2 8 2 2 2 2 2 2 2 2 2 2
left_child=3 2 -2 5 6 13 -4 -8 -3 -10 11 12 -11 -1
right_child=1 8 4 -5 -6 -7 7 -9 9 10 -12 -13 -14 -15
leaf_value=-1.075129078682723 -1.0734848078259933 -1.0703148208737183 -1.0758392685843206 -1.0729952834864054 -1.0755135046333983 -1.0766805711340313 -1.0753897312672263 -1.0803605298195258 -1.0763515202891643 -1.0663518616810039 -1.0747162653390381 -1.0756042730328523 -1.0728655028643075 -1.0705428817127454
leaf_weight=218.17540717124939 615.09285192005336 216.68765773624182 382.34716892614961 2875.4338907562196 769.12027582153678 1010.0103754997253 212.94333001971245 1133.3014670740813 585.40517515875399 135.88881796598434 1856.2997955176979 155.71934311650693 274.74980327673256 207.03348757326603
leaf_count=1367 8186 2983 5405 47887 10266 6273 2960 14352 7806 1937 24363 1988 3619 1319
internal_value=-1.07483 -1.07555 -1.07695 -1.07385 -1.07782 -1.07554 -1.07881 -1.07961 -1.07421 -1.07451 -1.07405 -1.07196 -1.0705 -1.07295
internal_weight=0 6337.56 3112.81 4310.65 2497.71 1435.22 1728.59 1346.24 3224.75 3008.06 2422.66 566.358 410.639 425.209
internal_count=140711 83865 41169 56846 32983 8959 22717 17312 42696 39713 31907 7544 5556 2686
is_linear=0
shrinkage=1


Tree=1
num_leaves=15
num_cat=0
split_feature=22 2 13 7 28 33 2 30 33 28 20 1 28 33
split_gain=73.4041 59.3967 51.4637 45.2936 39.7474 54.3369 35.5291 81.2115 33.7793 31.2236 30.0304 22.8374 21.7637 20.7875
threshold=-0.84997692704200734 0.89405754208564769 -0.088973794132471071 6.7895400524139413 -0.39271505177021021 1.0013927817344668 0.94599121809005748 1.0000000180025095e-35 1.0013927817344668 0.52803644537925731 -1.6313490271568296 1.6056821942329409 0.56457334756851207 1.0013927817344668
decision_type=2 2 2 2 2 8 2 2 8 2 2 2 2 8
left_child=1 3 13 -1 5 10 7 -6 -9 -3 -4 -12 -10 -2
right_child=2 9 4 -5 6 -7 -8 8 12 -11 11 -13 -14 -15
leaf_value=-0.0016823248688592914 0.0078067238330907463 -0.00046402162214471271 0.0016017614907673334 0.0047421471228801205 -0.0010246615575446553 0.0016822985147658107 -0.0012800517197098318 0.0053577732004419518 -0.00067050533214120295 -0.0059382363455609127 -0.0025536413359957379 0.001084512999184852 0.0030949026216938323 0.001603560662830569
leaf_weight=446.43183021619916 113.97255784273148 161.91622944362462 365.33133791387081 141.0275603402406 1513.9088651370257 2710.4053163193166 2701.5569885727018 329.50327271223068 288.20395150221884 452.46021438017488 763.48047974705696 206.07881605625153 299.36192920617759 149.12977618537843
leaf_count=6726 719 2358 2315 2016 19603 45243 34618 2068 4913 6022 4754 1279 5218 2665
internal_value=0 -0.0024062 0.000237642 -3.09488e-05 0.000104912 0.00085693 -0.000480318 0.000393048 0.00276636 -0.00458404 -0.000788796 -0.00173648 0.001195 0.00458461
internal_weight=0 1201.84 9440.93 587.459 9177.83 4045.3 5132.54 2430.98 917.069 614.376 1334.89 969.559 587.566 263.102
internal_count=140517 17122 123395 8742 120011 53591 66420 31802 12199 8380 8348 6033 10131 3384
is_linear=0
shrinkage=0.0101079


Tree=2
num_leaves=15
num_cat=0
split_feature=0 3 28 16 13 15 3 14 11 5 29 29 2 29
split_gain=77.2023 53.4909 47.4863 44.2872 41.1931 33.7122 33.6457 30.5892 29.4774 29.4514 35.7234 38.4311 26.7717 23.4073
threshold=0.59079074859619152 0.46461251378059393 -0.22706275433301923 0.74235403537750255 -0.078842744231224046 4.2523455619812021 0.27348537743091589 -8.1959953308105451 0.11902282014489175 1.7548800110816958 0.87837970256805431 -1.0000000180025095e-35 0.86883947253227245 -1.0000000180025095e-35
decision_type=2 2 2 2 2 2 2 2 2 2 2 2 2 2
left_child=3 4 -3 5 6 -1 -2 -6 -5 10 11 -9 -4 -14
right_child=1 2 12 8 7 -7 -8 9 -10 -11 -12 -13 13 -15
leaf_value=-5.6325522427461555e-05 0.00031744362045263463 0.00059772703273281835 0.00066428664060881137 0.0026419309516395734 -4.3013586510806376e-05 -0.0042886985621370527 0.0083863316698400189 0.00031081951631777526 -0.0036095308627288451 2.5780246920960956e-05 -0.00046556598767657164 0.0052970407692990379 0.00020504799024552379 -0.002244709946469213
leaf_weight=278.71807213872671 99.560307620093226 3048.5950937606394 582.02372460626066 258.35749642923474 1462.6345445513725 796.63545137271285 141.46984198503196 240.66024153865874 97.776211693882942 573.50458507798612 224.30249778553843 586.70337208919227 473.04313914291561 1784.9234618041664
leaf_count=4022 1476 40578 7744 3453 20589 10730 1751 3023 1221 7027 2690 7042 6061 23414
internal_value=0 0.000304484 -0.000268854 -0.00221221 0.00132913 -0.00323724 0.00532829 0.000991509 0.000774543 0.00194322 0.0029429 0.00391127 -0.00121242 -0.00171465
internal_weight=0 9217.42 5888.59 1431.49 3328.84 1075.35 241.03 3087.81 356.134 1625.17 1051.67 827.364 2839.99 2257.97
internal_count=140821 121395 77797 19426 43598 14752 3227 40371 4674 19782 12755 10065 37219 29475
is_linear=0
shrinkage=0.0101079


Tree=3
num_leaves=15
num_cat=0
split_feature=0 3 22 30 13 27 29 27 18 28 20 28 3 10
split_gain=74.1586 49.9148 72.3773 61.1852 41.5956 40.0783 53.7628 38.1975 32.927 30.7578 30.0907 22.6158 22.3378 28.3993
threshold=0.53311267495155346 0.46461251378059393 -0.016345554031431671 1.0000000180025095e-35 -0.088973794132471071 -0.49049438536167139 -1.0000000180025095e-35 -0.49049438536167139 89.500000000000014 0.41268247365951544 -3.3595364093780513 0.75894212722778331 0.22874372452497485 0.12350953742861749
decision_type=2 2 2 2 2 2 2 2 2 2 2 2 2 2
left_child=7 3 5 4 -2 6 -3 -1 -5 -8 -7 -9 -6 -14
right_child=1 2 -4 8 12 10 9 11 -10 -11 -12 -13 13 -15
leaf_value=-0.0084475734566175457 0.0061377092285435191 0.0011633161411851228 0.00089835843743798236 0.0020586140618339267 -0.0030170040063274392 0.0029352626188449845 -0.0021220458438509851 0.00088831697536453664 0.0062973119988771198 -0.0055673465462834741 -0.00078543456166147905 -0.00289178233822325 0.00086774128642425584 -0.002102499734297584
leaf_weight=103.63940048776567 104.27058388851583 314.52945862710476 2779.9465081170201 1181.2418134827167 243.63940382190049 250.4367963373661 827.71852196753025 196.69170698523521 237.50041909515858 448.35849475301802 1517.7046276833862 598.03748143836856 1453.3779033496976 413.91038448363543
leaf_count=1305 1283 4451 37121 15568 3555 3470 11159 2652 2930 6048 18918 8212 18848 5407
internal_value=0 0.000252446 -0.00029812 0.0011923 0.000121344 -0.00130024 -0.00246305 -0.00277035 0.00282647 -0.00339003 -0.000225284 -0.0019062 -0.000177764 0.000181867
internal_weight=0 9772.63 6138.69 3633.94 2215.2 3358.75 1590.61 898.369 1418.74 1276.08 1768.14 794.729 2110.93 1867.29
internal_count=140927 128758 81167 47591 29093 44046 21658 12169 18498 17207 22388 10864 27810 24255
is_linear=0
shrinkage=0.0101079


Tree=4
num_leaves=15
num_cat=0
split_feature=0 27 30 23 29 27 0 33 1 2 14 33 13 12
split_gain=80.2918 51.6311 73.4956 45.2978 69.0623 41.1215 40.005 54.5722 38.5839 33.6217 31.7362 41.617 52.7236 29.0819
threshold=0.53311267495155346 -0.71473535895347584 1.0000000180025095e-35 1.0078749060630801 -1.0000000180025095e-35 0.11969653144478799 0.79341116547584545 2.996249914169312 1.4305775761604311 0.76960390806198131 -20.847403526306149 0.99472221732139599 0.033122248947620399 0.033362925052642829
decision_type=2 2 2 2 2 2 2 8 2 2 2 10 2 2
left_child=5 3 8 4 -2 -1 7 -4 10 -6 -3 -12 -13 -9
right_child=1 2 6 -5 9 -7 -8 13 -10 -11 11 12 -14 -15
leaf_value=-0.0043897429541283296 0.0023467100512451597 0.0028526061774819963 0.0069904784134764896 0.00018469156233936456 0.0010977595568055834 5.6448496723868945e-05 0.0010310228243516418 0.0031681236632307651 0.0018190179098982065 -0.0045048960333746255 -5.3941996695366035e-05 -0.0040531726714428014 0.0007340725644852024 -0.0011596413486468435
leaf_weight=598.79556007124484 226.08655951172113 236.408775633201 323.45962852239609 1509.8279379457235 111.14963770844042 299.59644039347768 1912.5651121102273 516.64154685847461 812.70370002277195 777.16587877832353 2079.901336286217 723.67870345711708 324.07287429273129 206.23968184366822
leaf_count=8155 3127 3428 2029 19457 1594 4039 25282 8359 10870 10625 33994 4529 2030 3263
internal_value=0 0.000271104 0.000720021 -0.000932728 -0.0024737 -0.00287434 0.00193751 0.00353656 -0.000134759 -0.00375529 -0.00062182 -0.000903663 -0.00253949 0.00187875
internal_weight=0 9759.9 7135.67 2624.23 1114.4 898.392 2958.91 1046.34 4176.77 888.316 3364.06 3127.65 1047.75 722.881
internal_count=140781 128587 93784 34803 15346 12194 38933 13651 54851 12219 43981 40553 6559 11622
is_linear=0
shrinkage=0.0101079


Tree=5
num_leaves=15
num_cat=0
split_feature=23 27 23 29 2 14 14 2 13 29 13 13 2 23
split_gain=53.3529 44.0766 52.714 71.1912 36.4463 33.6787 26.7178 25.4398 23.6485 19.8004 36.3992 28.9137 29.7716 34.7299
threshold=0.44493319094181066 -0.71473535895347584 1.0401020646095278 -1.0000000180025095e-35 0.76960390806198131 -17.077787399291989 -9.6043801307678205 0.9410410225391389 -0.043176583945751183 0.87837970256805431 -0.002992012538015842 0.012980155181139709 0.90978372097015392 0.82775753736495983
decision_type=2 2 2 2 2 2 2 2 2 2 2 2 2 2
left_child=7 2 3 6 -5 -3 -2 -1 -7 11 -11 -10 13 -13
right_child=1 5 -4 4 -6 8 -8 -9 9 10 -12 12 -14 -15
leaf_value=-0.0011512005685249517 -0.0011048421531198982 0.0023039008287136275 0.00040049258448569065 0.0012687744160190882 -0.004379271080312319 -0.0023508344335273186 0.0052057916952888113 -0.0058600068824669321 0 0.0019722448590222632 -0.0017614645288038186 0.0042839999581343038 0.00048067873876885155 0.00053393226539174405
leaf_weight=347.40565013699234 110.21209121868014 1044.1182172838598 1440.580305410549 119.07271956838667 865.12919901311398 305.56303794123232 136.58731036260724 199.86974783055484 2414.7541485726833 365.8208696693182 884.37225346639752 648.43660621531308 1298.5823419708759 457.88262966275215
leaf_count=4826 1556 15363 18696 1721 11652 4185 1835 2399 32208 5273 10611 8278 16213 5830
internal_value=0 0.000217199 -0.000888218 -0.0024222 -0.00365061 0.000621188 0.0022799 -0.00300083 0.000336835 0.000481582 -0.000631403 0.000779216 0.00156185 0.00278257
internal_weight=0 10091.1 2671.58 1231 984.202 7419.53 246.799 547.275 6375.41 6069.85 1250.19 4819.66 2404.9 1106.32
internal_count=140646 133421 35460 16764 13373 97961 3391 7225 82598 78413 15884 62529 30321 14108
is_linear=0
shrinkage=0.0101079


Tree=6
num_leaves=15
num_cat=0
split_feature=22 27 27 30 28 14 17 2 7 2 23 33 30 33
split_gain=64.4435 48.0233 39.2781 69.123 46.7734 36.5559 34.644 29.2537 35.5798 29.0059 28.3113 53.7616 27.8104 42.6706
threshold=-0.89029783010482777 0.22706275433301928 -0.81279832124710072 1.0000000180025095e-35 0.1413247883319855 -20.847403526306149 13.500000000000002 0.89405754208564769 4.5519003868103036 1.1641033887863161 0.84389910101890575 1.0880999565124514 1.0000000180025095e-35 0.90112781524658214
decision_type=2 2 2 2 2 2 2 2 2 2 2 8 2 10
left_child=1 7 12 4 -4 -6 -7 8 -1 10 11 -5 -2 -14
right_child=2 -3 3 9 5 6 -8 -9 -10 -11 -12 -13 13 -15
leaf_value=-0.0035228361358924775 0 0.0010495658732715615 0.00062584937571037269 0.0067834070349407066 0.0034309597202110032 0.00053721880875647651 -0.0028233850740149425 -0.0053611347757512966 0.0034911553113585285 0.00043601695465892397 0.0012272594127081776 0.0018088387607107384 -0.0005697148723072345 -0.005613051541106368
leaf_weight=210.33161372691393 1245.2833524700254 286.45645222812891 2847.0080164112151 374.17114308476448 129.29327140562236 399.64698122814298 1160.8075841031969 442.81876532360911 100.33450355380774 1098.7968177627772 967.89813289605081 626.81180552020669 498.6330780852586 273.62774936854839
leaf_count=3103 16489 4401 37429 2343 1838 4725 15133 6018 1399 13861 13452 10482 8348 1723
internal_value=0 -0.00234512 0.000294194 0.000630037 -0.000154542 -0.00149016 -0.00193845 -0.00368649 -0.00110093 0.00180102 0.00253768 0.00374576 -0.000949254 -0.00244604
internal_weight=0 1039.94 9621.98 7604.43 4536.76 1689.75 1560.45 753.485 310.666 3067.68 1968.88 1000.98 2017.54 772.261
internal_count=140744 14921 125823 99263 59125 21696 19858 10520 4502 40138 26277 12825 26560 10071
is_linear=0
shrinkage=0.0101079


Tree=7
num_leaves=15
num_cat=0
split_feature=0 27 2 27 0 29 13 2 15 5 5 15 9 2
split_gain=68.2618 60.7059 41.4646 35.5212 37.9633 59.2118 32.9175 32.5912 24.1754 23.0616 22.8764 22.7964 19.3469 16.9697
threshold=0.59079074859619152 0.11969653144478799 0.60546281933784496 -0.71473535895347584 1.0562679767608645 -1.0000000180025095e-35 -0.078842744231224046 0.85514628887176525 4.1885051727294931 1.7548800110816958 1.0000000180025095e-35 8.3348231315612811 0.27871060371398931 0.41506716609001165
decision_type=2 2 2 2 2 2 2 2 2 2 2 2 2 2
left_child=1 2 -1 4 5 10 -5 -7 -3 12 -2 -11 -8 -10
right_child=3 8 -4 6 -6 7 9 -9 13 11 -12 -13 -14 -15
leaf_value=0.00064739016866409373 -0.00050494386776331443 0.0049510551881971742 -0.0048574832489603047 0.0041925703369068944 0.00037826328793378082 0.00082913327418677237 0.0014028796403360386 -0.0041348357413514393 -0.0041658409623830037 -0.0022406269298536024 0.0055412575441006057 0.00024659706206836475 -0.00019197204687020728 0.00041472559036081347
leaf_weight=157.5376550629735 112.99542621895671 93.13997769728303 682.8602013066411 262.35097794607282 1432.6343847438693 146.26264670863748 3127.2299715951085 741.98897447995842 94.011415336281061 458.62597331404686 110.82510254904628 1867.6190254837275 974.43196666799486 387.45036937296391
leaf_count=2311 1593 1356 9062 3443 18192 2152 41684 10354 1137 6241 1502 23177 13002 5448
internal_value=0 -0.0020573 -0.00378127 0.000321098 -0.000685909 -0.00208624 0.000710515 -0.00327215 0.000411087 0.0005573 0.00239787 -0.000232138 0.00101448 -0.000447936
internal_weight=0 1415 840.398 9234.96 2544.71 1112.07 6690.26 888.252 574.602 6427.91 223.821 2326.24 4101.66 481.462
internal_count=140654 19314 11373 121340 33793 15601 87547 12506 7941 84104 3095 29418 54686 6585
is_linear=0
shrinkage=0.0101079


Tree=8
num_leaves=15
num_cat=0
split_feature=28 0 32 30 33 0 29 0 33 20 14 16 33 13
split_gain=66.6394 50.1521 57.8771 84.6539 54.222 75.7765 48.4762 41.6676 40.4358 42.0695 28.3218 27.103 38.0168 26.1991
threshold=-0.39271505177021021 0.53311267495155346 1.0000000180025095e-35 1.0000000180025095e-35 1.0013927817344668 0.84552323818206798 -1.0000000180025095e-35 1.038230895996094 1.0013927817344668 -1.7469286322593687 -20.847403526306149 0.58273521065711986 0.97991594672203075 -0.00082087327609769989
decision_type=2 2 2 2 8 2 2 2 8 2 2 2 10 2
left_child=8 -2 3 10 5 -5 -4 -8 9 -1 -3 12 -12 -13
right_child=1 2 6 4 -6 -7 7 -9 -10 -11 11 13 -14 -15
leaf_value=0.0023898075459016584 -0.0028833196556106366 0.0031494796282648344 0.0014059895007067108 0.0081138298250834056 0.00087663659590696242 2.2326192251746223e-05 -0.003905887878547024 -0.00050595180953078164 0.0016983022487521613 -0.0014919493823978734 -0.0010023766777805994 0.0041856659444312969 -0.0055881479060446906 -0.00069250492010693079
leaf_weight=384.60931800305843 877.19228978455067 152.50811934098601 394.3998552840203 301.235247194767 1070.4886990115047 208.09701250493526 896.83700250834227 676.51004608161747 2786.2313755843788 1010.8991142064333 626.14472380280495 120.99327586218715 276.84584031999111 877.28786984458566
leaf_count=2421 12033 2186 5200 1868 17522 1294 12590 8385 46259 6285 10743 1505 1729 10783
internal_value=0 -0.000641889 -0.000280206 0.000467281 0.00222812 0.00493538 -0.00167747 -0.00247909 0.000993612 -0.000386074 -0.00087079 -0.00122579 -0.00248784 -3.37293e-05
internal_weight=0 6478.54 5601.35 3633.6 1579.82 509.332 1967.75 1573.35 4181.74 1395.51 2053.78 1901.27 902.991 998.281
internal_count=140803 85838 73805 47630 20684 3162 26175 20975 54965 8706 26946 24760 12472 12288
is_linear=0
shrinkage=0.0101079


Tree=9
num_leaves=15
num_cat=0
split_feature=0 3 22 30 13 27 10 27 11 17 2 3 10 2
split_gain=73.8088 50.6135 59.0517 54.0294 43.1519 36.4056 33.2588 33.0251 31.7023 27.735 27.085 26.0954 25.8546 25.3643
threshold=0.53311267495155346 0.46461251378059393 -0.063584104180335985 1.0000000180025095e-35 -0.088973794132471071 0.16288578510284427 0.14409156143665316 0.11969653144478799 0.060358026996254928 54.500000000000007 0.60119435191154491 0.22874372452497485 0.11271664127707483 1.4216979742050173
decision_type=2 2 2 2 2 2 2 2 2 2 2 2 2 2
left_child=7 3 5 4 -2 8 -7 10 9 -3 -1 -6 -13 -5
right_child=1 2 -4 13 11 6 -8 -9 -10 -11 -12 12 -14 -15
leaf_value=0 0.0062399490085374015 0.00096062578567695795 0.0007480348171531808 0.0032135236929459895 -0.0031847379117867316 -0.0012289629474804345 0.0021420507549345367 0 -0.0035723068900702613 -0.0022073423719735008 -0.0052065919651787893 0.0010364532693989896 -0.0016285435198375832 -0.001012241393910026
leaf_weight=124.25908955186605 107.45070758648217 450.51536151766777 2939.7343976646662 1281.7012081556022 242.23123340494931 724.74095592275262 495.16746880672872 300.20253397151828 841.82565321214497 683.43097488768399 469.48201947659254 1344.4304945189506 499.13711803220212 144.22261469066143
leaf_count=1880 1309 6211 39183 16708 3526 8915 6464 4030 11219 9184 6291 17535 6442 1758
internal_value=0 0.000277537 -0.000276351 0.00122629 0.000208061 -0.00123087 0.000111169 -0.00274483 -0.00207715 -0.000915229 -0.00411166 -0.000104946 0.000289302 0.00275475
internal_weight=0 9754.59 6135.41 3619.17 2193.25 3195.68 1219.91 893.944 1975.77 1133.95 593.741 2085.8 1843.57 1425.92
internal_count=140655 128454 81176 47278 28812 41993 15379 12201 26614 15395 8171 27503 23977 18466
is_linear=0
shrinkage=0.0101079


Tree=10
num_leaves=15
num_cat=0
split_feature=0 3 1 30 13 27 18 27 29 23 28 17 30 5
split_gain=62.4188 45.7453 53.2783 42.8268 41.5 35.6288 28.4354 26.3131 36.2633 52.8828 26.1616 21.0323 33.2376 22.1416
threshold=0.53311267495155346 0.46461251378059393 1.0790870785713198 1.0000000180025095e-35 -0.080939289182424531 -0.49049438536167139 90.500000000000014 0.1413247883319855 -1.0000000180025095e-35 1.0921745300292971 0.74455857276916515 58.500000000000007 1.0000000180025095e-35 -1.071913421154022
decision_type=2 2 2 2 2 2 2 2 2 2 2 2 2 2
left_child=5 3 7 4 -2 -1 -5 8 -3 -10 -7 -9 -13 -14
right_child=1 2 -4 6 -6 10 -8 11 9 -11 -12 12 13 -15
leaf_value=-0.0081730122659234936 0.0052494015373049843 0.00065908527104363481 0.000851789677803876 0.0017952927299527835 -0.00015444722503398393 0.001283172550235813 0.0058450792848007815 -0.00098672679678162944 -0.0035251268633438981 0.00014749489759662425 -0.0028139185176206333 -0.00085078132862486864 0.0059714860110692599 0
leaf_weight=99.272397423163056 147.91870445199311 479.96887961402535 2398.7851869054139 1204.1365579310805 2047.9327480215579 195.90281966328621 220.64192362129688 864.39429342932999 1269.5232971068472 552.61569367162883 594.87456789426506 281.19847153313458 181.62771490961313 106.73793853074312
leaf_count=1275 1886 6584 31472 15783 26890 2670 2707 11172 17161 7542 8256 3824 2257 1223
internal_value=0 0.000213833 -0.000312766 0.00111605 0.000208114 -0.00257103 0.00247852 -0.00107151 -0.00173921 -0.0023932 -0.00174564 0 0.00150065 0.00389326
internal_weight=0 9755.48 6134.85 3620.63 2195.85 890.05 1424.78 3736.07 2302.11 1822.14 790.777 1433.96 569.564 288.366
internal_count=140702 128501 81235 47266 28776 12201 18490 49763 31287 24703 10926 18476 7304 3480
is_linear=0
shrinkage=0.0101079


Tree=11
num_leaves=15
num_cat=0
split_feature=0 22 32 30 28 12 0 14 16 15 14 13 28 14
split_gain=74.5095 31.2422 37.5664 87.6131 35.2811 33.0089 38.2886 34.6549 28.9918 27.0396 22.3843 33.0463 21.5654 19.7156
threshold=0.53311267495155346 0.359320878982544 1.0000000180025095e-35 1.0000000180025095e-35 0.41268247365951544 0.048123830929398544 0.77555236220359813 -5.0366756916046134 0.73845747113227855 3.7718491554260258 -20.847403526306149 0.015667927451431755 0.6835516393184663 -5.398247003555297
decision_type=2 2 2 2 2 2 2 2 2 2 2 2 2 2
left_child=8 2 3 10 -4 6 7 -5 9 -1 -2 -12 13 -13
right_child=1 -3 4 5 -6 -7 -8 -9 -10 -11 11 12 -14 -15
leaf_value=0 0.002343895865706087 0.0012489775460757385 -0.00044438816880032576 0.0030888334423562831 -0.0035248943081956359 -0.00031013034352053866 0.0011992734058197051 0.0088664113854459159 0.00019959500424367451 -0.0048520246138327137 -0.0019002313842984028 0.0033062741519429809 -0.0018064250092306941 1.498296480139354e-05
leaf_weight=133.28877405822277 213.16145527921617 2408.8144445791841 1634.1678245123476 587.28593817353249 505.84828635491431 483.33354863710701 952.58365389332175 143.91470563039184 221.41215734370053 532.37854905426502 1624.2326499130577 282.24961324594915 342.00897577963769 589.88302601315081
leaf_count=1943 3071 32548 22000 7881 6812 6125 12167 1610 2932 7275 21152 3640 4521 7020
internal_value=0 0.000250839 -7.13527e-05 0.000385351 -0.00120134 0.00194095 0.00260955 0.00436064 -0.00279659 -0.00384429 -0.00070824 -0.000957356 0.000274831 0.00114562
internal_weight=0 9767.48 7358.67 5218.65 2140.02 2167.12 1683.78 731.201 887.079 665.667 3051.54 2838.37 1214.14 872.133
internal_count=140697 128547 95999 67187 28812 27783 21658 9491 12150 9218 39404 36333 15181 10660
is_linear=0
shrinkage=0.0101079


Tree=12
num_leaves=15
num_cat=0
split_feature=0 3 30 23 27 29 13 27 2 10 21 33 30 2
split_gain=65.2016 48.4467 45.526 41.9793 43.022 52.7962 41.6266 34.8101 34.4156 33.2641 33.0413 28.0549 38.0704 27.0484
threshold=0.53311267495155346 0.46461251378059393 1.0000000180025095e-35 1.1095816493034365 -0.49049438536167139 -1.0000000180025095e-35 -0.076615560799837099 -0.49049438536167139 1.4954596161842348 0.22437085956335071 -5.2026042938232413 0.90112781524658214 1.0000000180025095e-35 0.84518715739250194
decision_type=2 2 2 2 2 2 2 2 2 2 2 10 2 2
left_child=7 2 6 4 5 -3 -2 -1 10 -10 -6 -5 -13 -7
right_child=1 3 -4 11 8 13 -8 -9 9 -11 -12 12 -14 -15
leaf_value=-0.008145689810735799 0.0047936277607576573 0.0013838117030051914 0.0025236412966696598 0.0013803027552443618 0.0029245892666605426 0.00034416624493835885 -0.00021347220462882236 -0.0018270361045622226 0.0039753849083179558 -0.001072799885726102 -0.001374823482155064 0.00081703439234699941 -0.0037066013972423847 -0.0041640031877434782
leaf_weight=101.21078820712864 176.74776126816869 265.61989585123956 1427.8500515948981 1714.3906035833061 193.73373324051499 139.22436705417931 2020.829050373286 785.89059911482036 332.06765890680254 198.02938473410904 1608.3283566571772 468.3215611577034 299.57098704576492 909.10154116712511
leaf_count=1282 2307 3783 18512 28687 2847 2060 26534 10840 4092 2639 19775 2929 1852 12439
internal_value=0 0.000193621 0.00112122 -0.000349242 -0.00104292 -0.00250278 0.000186074 -0.00265654 -0.000197643 0.00202575 -0.000879844 0.000653477 -0.000914621 -0.00352878
internal_weight=0 9753.81 3625.43 6128.39 3646.1 1313.95 2197.58 887.101 2332.16 530.097 1802.06 2482.28 767.893 1048.33
internal_count=140578 128456 47353 81103 47635 18282 28841 12122 29353 6731 22622 33468 4781 14499
is_linear=0
shrinkage=0.0101079


Tree=13
num_leaves=15
num_cat=0
split_feature=0 27 3 22 13 3 28 27 29 20 28 2 2 14
split_gain=66.1274 59.2914 41.894 47.8841 34.1655 36.785 30.6467 24.6336 28.2403 26.3442 23.4252 20.8176 19.7321 18.7863
threshold=0.59079074859619152 -0.47136868536472315 0.46461251378059393 -0.063584104180335985 -0.078842744231224046 0.27348537743091589 0.71473535895347606 -0.50938662886619557 -1.0000000180025095e-35 -2.1123473644256587 0.41268247365951544 0.59270846843719494 1.8039281368255617 -9.9026823043823224
decision_type=2 2 2 2 2 2 2 2 2 2 2 2 2 2
left_child=1 -1 4 7 5 -2 -3 8 13 -9 12 -8 -10 -4
right_child=2 6 3 -5 -6 -7 11 9 10 -11 -12 -13 -14 -15
leaf_value=-0.0067518482898393005 0 0.0011567487518958507 -0.0020663294572734496 0.00074086024510511457 0.00093408560869574385 0.0080243050004974031 0.00033232410488021513 0.0020728102778327234 -0.00029617948043898226 -0.00094727878891171283 -0.0049600109088830764 -0.0031779379491190776 -0.0037549312584506883 0.0029571080487683751
leaf_weight=220.99764945544302 99.518067063763738 399.25640234537423 123.03423593007028 2918.3644079491496 3094.9190374948084 143.23633081838489 213.0322043504566 382.33784184791148 474.16215141117573 1178.1667794585228 356.19513709843159 589.01459608413279 282.97055020928383 162.55187645368278
leaf_count=2847 1471 5511 1743 38880 40177 1752 3072 5082 6536 14380 4967 8006 3876 2244
internal_value=0 -0.0019968 0.000338968 -0.000168709 0.00124346 0.00487725 -0.00105143 -0.00107891 -0.00205199 -0.000175016 -0.00278286 -0.00220121 -0.00166638 0.000657375
internal_weight=0 1422.3 9215.46 5877.78 3337.67 242.754 1201.3 2959.42 1398.91 1560.5 1113.33 802.047 757.133 285.586
internal_count=140544 19436 121108 77708 43400 3223 16589 38828 19366 19462 15379 11078 10412 3987
is_linear=0
shrinkage=0.0101079


Tree=14
num_leaves=15
num_cat=0
split_feature=0 27 27 30 28 29 0 12 14 1 29 31 14 27
split_gain=59.3562 38.6334 37.0505 55.5229 49.4981 48.5494 36.0585 58.0644 62.1428 35.37 29.9494 26.6948 25.8929 25.8329
threshold=0.53311267495155346 -0.49049438536167139 -0.71473535895347584 1.0000000180025095e-35 -0.16288578510284421 -1.0000000180025095e-35 0.77555236220359813 0.033362925052642829 -5.0366756916046134 1.4305775761604311 0.87837970256805431 1.0000000180025095e-35 -20.847403526306149 -0.89194178581237782
decision_type=2 2 2 2 2 2 2 2 2 2 2 2 2 2
left_child=1 -1 4 9 -2 -6 7 8 11 12 -7 -5 -4 -12
right_child=2 -3 3 6 5 10 -8 -9 -10 -11 13 -13 -14 -15
leaf_value=-0.0082972181833528887 0.00084507856784273613 -0.0016207734358544667 0.0025231849316782184 0.0042002384554415181 0.0014838693277473257 -0.0038327419935952033 0.00086957888376835697 -0.00061987922017418102 0.01117195086405658 0.0017565005069898377 0.0016860338613618809 -0.0011862392011183867 -0.00083882462342938066 -0.0042884835329560066
leaf_weight=98.997395386919379 1082.3873064722866 786.91528933681548 240.58914584293962 482.61199927516282 312.59188383258879 889.27300573699176 2002.1254297420382 263.56116215698421 125.92151666246355 810.34599803946912 222.46043260768056 99.228673562407494 3138.1616896484047 100.51831598207355
leaf_count=1287 14261 10877 3415 6679 4100 12021 26340 3421 1427 10801 2965 1080 40732 1370
internal_value=0 -0.00247666 0.000244661 0.000623247 -0.000778681 -0.00195618 0.00167858 0.00328496 0.00478678 -0.000117874 -0.00288016 0.00320945 -0.000582321 -0.000106953
internal_weight=0 885.913 9769.78 7162.55 2607.23 1524.84 2973.45 971.323 707.762 4189.1 1212.25 581.841 3378.75 322.979
internal_count=140776 12164 128612 93895 34717 20456 38947 12607 9186 54948 16356 7759 44147 4335
is_linear=0
shrinkage=0.0101079


Tree=15
num_leaves=15
num_cat=0
split_feature=0 27 30 28 0 12 12 27 11 0 21 2 2 23
split_gain=64.649 39.4599 61.6389 50.5956 36.2407 48.2613 42.383 34.0189 32.9777 32.081 26.6386 23.2802 22.1054 25.5492
threshold=0.53311267495155346 -0.71473535895347584 1.0000000180025095e-35 -0.09801131114363669 0.77555236220359813 0.033362925052642829 -0.0050266664475202552 -0.49049438536167139 0.14605188369750979 1.1722756624221804 -4.8207545280456534 1.632942855358124 1.0155445337295534 1.156138598918915
decision_type=2 2 2 2 2 2 2 2 2 2 2 2 2 2
left_child=7 3 9 8 5 6 -4 -1 11 -3 -6 -2 -5 -14
right_child=1 2 4 12 10 -7 -8 -9 -10 -11 -12 -13 13 -15
leaf_value=-0.008079139455318702 0.0012784592074113422 -0.00061138324327328407 0.002667436305184798 0.00024218439053315022 0.0031861236118831014 -0.00018520156961782355 0.008088218131350914 -0.0017925042652837491 0.0054455989537464328 0.0015924922825834673 0.0002941691291462332 -0.0017298218330354886 -0.0034870386630649723 0.0002380104161556453
leaf_weight=99.68938472121954 656.39628037065268 3332.9188439268619 453.96096488833427 289.68744384124875 416.64159210957587 264.69537290930748 251.32640169560909 783.78280685655773 124.51248645782471 833.81911509297788 1585.3227035291493 425.60724741406739 914.98867063783109 210.1264475081116
leaf_count=1291 8792 43384 6014 3943 5755 3437 3140 10893 1500 11369 20587 5546 12388 2678
internal_value=0 0.000233538 0.00062611 -0.00081887 0.0017374 0.00335035 0.00472183 -0.00261045 0.000674641 -0.000158552 0.000926 5.41535e-05 -0.00211777 -0.00275868
internal_weight=0 9760 7138.68 2621.32 2971.95 969.983 705.287 883.472 1206.52 4166.74 2001.96 1082 1414.8 1125.12
internal_count=140717 128533 93686 34847 38933 12591 9154 12184 15838 54753 26342 14338 19009 15066
is_linear=0
shrinkage=0.0101079


Tree=16
num_leaves=15
num_cat=0
split_feature=0 27 28 29 29 2 13 16 29 28 1 29 13 2
split_gain=66.3369 48.1486 60.7385 37.4903 34.6071 25.6941 25.4501 24.4216 23.2364 37.9474 21.6758 23.5477 30.4327 30.4337
threshold=0.46442617475986486 -0.71473535895347584 0.41268247365951544 0.87837970256805431 -1.0000000180025095e-35 1.8215616345405581 -0.088973794132471071 0.72322964668273937 -1.0000000180025095e-35 -0.14132478833198545 1.4177426099777224 0.87837970256805431 0.01832259260118008 0.90459015965461742
decision_type=2 2 2 2 2 2 2 2 2 2 2 2 2 2
left_child=7 2 3 8 -4 -5 -3 -1 -2 -10 11 12 -8 -14
right_child=1 6 4 5 -6 -7 10 -9 9 -11 -12 -13 13 -15
leaf_value=-0.0052604623293368352 0.001076949663896692 0.0038942579394671893 0.00061841845820419163 0.0043524162754631189 -0.0051814776935557973 -0.0004934071982250983 -0.00012087104810162976 0 0 -0.0034886358491452978 0.0015973668309774596 -0.0010755273266188183 0.0029100818439372804 0.00022264116778264014
leaf_weight=321.10355329699814 422.50338747538626 221.3621264770627 118.58641423285007 263.01386762969196 454.73567933402956 164.74916904233396 2952.024381024763 115.57586266286671 676.36274722032249 577.82777589373291 1350.4859315920621 1206.4712489824742 854.75927507132292 933.58247956633568
leaf_count=4510 5574 2845 1565 3721 6140 1964 39453 1588 8932 7766 18124 15722 10880 11738
internal_value=0 0.000134379 -0.00102242 -0.000202604 -0.00391975 0.00241714 0.000552371 -0.00385467 -0.00090293 -0.00160447 0.000441489 0.000170485 0.000497356 0.00153659
internal_weight=0 10196.5 2677.78 2104.46 573.322 427.763 7518.69 436.679 1676.69 1254.19 7297.32 5946.84 4740.37 1788.34
internal_count=140522 134424 35662 27957 7705 5685 98762 6098 22272 16698 95917 77793 62071 22618
is_linear=0
shrinkage=0.0101079


Tree=17
num_leaves=15
num_cat=0
split_feature=0 27 3 22 2 12 2 27 30 29 2 17 2 2
split_gain=62.5016 54.4625 44.3221 44.9809 35.161 32.7964 31.8392 29.7882 45.7833 42.6639 27.587 26.3397 25.7957 22.3163
threshold=0.58277720212936412 0.11969653144478799 0.36240449547767645 -0.063584104180335985 0.57402274012565624 0.042021803557872779 0.60546281933784496 -0.50938662886619557 1.0000000180025095e-35 -1.0000000180025095e-35 1.4310426115989687 58.500000000000007 1.2020336985588076 0.86421573162078869
decision_type=2 2 2 2 2 2 2 2 2 2 2 2 2 2
left_child=1 6 4 7 -2 -6 -1 9 10 -4 -9 -10 -13 -11
right_child=2 -3 3 -5 5 -7 -8 8 11 13 -12 12 -14 -15
leaf_value=0.00016990081953542166 0 0.00038739434989931926 0.0013512168872763695 0.00075268022572698965 0.0035241708711028969 -0.00068137726467091121 -0.00470946807926605 -0.0021354859004936132 0 0.00021013729310386374 0.0014714917769437139 0.0047448223608346713 0 -0.0033849819657246886
leaf_weight=152.51569066755474 785.80886055901647 527.59526238590479 301.20732273906469 3503.9244949035347 965.52620847709477 213.44160824082792 640.00383735634387 1040.7222308292985 583.11318095214665 186.91838759370148 253.48751413449645 325.51429968327284 169.20794186741114 1016.0173159129918
leaf_count=2288 10036 7277 4076 46748 12766 2835 8659 12798 7342 2660 3361 4060 2115 13872
internal_value=0 -0.00205948 0.000283983 -7.04198e-05 0.00163085 0.00272918 -0.00372719 -0.000824915 -9.97934e-05 -0.00193537 -0.00139342 0.00141509 0.00311189 -0.0027951
internal_weight=0 1320.11 9344.89 7380.11 1964.78 1178.97 792.52 3876.19 2372.05 1504.14 1294.21 1077.84 494.722 1202.94
internal_count=140893 18224 122669 97032 25637 15601 10947 50284 29676 20608 16159 13517 6175 16532
is_linear=0
shrinkage=0.0101079


Tree=18
num_leaves=15
num_cat=0
split_feature=0 27 22 27 28 29 21 29 2 16 15 29 15 7
split_gain=59.7858 36.3143 30.9174 49.8067 50.3071 36.226 30.7079 26.6404 29.2519 24.947 33.7614 22.2621 20.1001 31.4052
threshold=0.53311267495155346 -0.49049438536167139 0.359320878982544 -0.47136868536472315 0.43245348334312445 -1.0000000180025095e-35 -4.9175379276275626 0.87837970256805431 2.0220097303390507 0.72322964668273937 3.7718491554260258 -1.0000000180025095e-35 8.1309728622436541 -0.8435285985469817
decision_type=2 2 2 2 2 2 2 2 2 2 2 2 2 2
left_child=1 -1 3 4 7 -6 -5 11 -9 10 -3 -2 13 -8
right_child=2 9 -4 6 5 -7 12 8 -10 -11 -12 -13 -14 -15
leaf_value=-0.0081740836962783947 0.001204356376906507 0.0018082795612868378 0.0012234711551184379 0.0022400332069053494 0.00067107916349745341 -0.0051460227929221222 -0.002046589084349109 0.0044809295126883196 -0.0019774072757828129 0.0010674365125651231 -0.0040429846324128793 -0.001790039605942872 0.00058329903284596186 0.0010558818429686478
leaf_weight=98.23750514164567 316.46783177182078 113.31437009572983 2421.8135065510869 817.87166663631797 124.55879137292504 468.99406479857862 883.4958836492151 199.10040714778006 94.003103587776423 219.87170165963471 454.47058997675776 998.46196410804987 2927.2125683352351 507.50572392344475
leaf_count=1272 4264 1699 32611 11814 1621 6497 11933 2907 1097 2931 6308 13404 35824 6503
internal_value=0 -0.00249754 0.000233979 -8.80236e-05 -0.00136191 -0.0038649 0.000451366 -0.000399054 0.00227735 -0.00166697 -0.00279635 -0.00103596 9.9875e-05 -0.000886115
internal_weight=0 885.894 9759.49 7337.67 2201.59 593.553 5136.09 1608.03 293.104 787.657 567.785 1314.93 4318.21 1391
internal_count=140685 12210 128475 95864 29790 8118 66074 21672 4004 10938 8007 17668 54260 18436
is_linear=0
shrinkage=0.0101079


Tree=19
num_leaves=15
num_cat=0
split_feature=0 3 22 16 15 13 12 14 29 29 13 23 15 5
split_gain=57.8471 41.9365 48.7236 26.4947 27.3152 24.1051 29.7396 25.3926 33.6103 25.2013 39.2369 28.3714 24.4658 18.6473
threshold=0.53311267495155346 0.46461251378059393 -0.016345554031431671 0.72322964668273937 3.7718491554260258 -0.078842744231224046 -0.0375483501702547 -8.1959953308105451 0.87837970256805431 -1.0000000180025095e-35 0.012980155181139709 0.84748122096061718 14.976409912109377 -4.0135579109191886
decision_type=2 2 2 2 2 2 2 2 2 2 2 2 2 2
left_child=3 5 -3 4 -1 6 -2 13 9 12 -11 -12 -9 -7
right_child=1 2 -4 -5 -6 7 -8 8 -10 10 11 -13 -14 -15
leaf_value=0.0002327012462778476 0.0073685966985309491 -0.0011229453122781664 0.0006809278961058267 0.00021457621215520192 -0.0046013745822729825 -0.0030410980107391981 0.0005134430975099729 0.003249330588017625 -0.00091396107670601581 -0.00054824380659923013 0.0060223323585043278 0.0017996223532777086 -0.0016353770945604477 0.00029110585548058085
leaf_weight=134.07109611108899 129.11477407999337 3328.8060352690518 2793.3016195520759 242.89549143984914 509.69168376177549 186.83103205636144 151.52254449389875 164.55188748054206 381.78003460727632 195.69188237003982 440.50712189637125 321.7579832971096 254.42433981969953 1399.4332728032023
leaf_count=1957 1463 43995 37072 3208 7057 2649 2212 1947 4513 2191 5377 4111 3276 19572
internal_value=0 0.000211559 -0.000293472 -0.00247422 -0.00354152 0.00107431 0.00391942 0.000815153 0.00165011 0.00239142 0.00329348 0.00432801 0.000211959 -8.86375e-05
internal_weight=0 9747.72 6122.11 886.658 643.763 3625.61 280.637 3344.98 1758.71 1376.93 957.957 762.265 418.976 1586.26
internal_count=140600 128378 81067 12222 9014 47311 3675 43636 21415 16902 11679 9488 5223 22221
is_linear=0
shrinkage=0.0101079


Tree=20
num_leaves=15
num_cat=0
split_feature=0 27 3 22 30 2 7 0 27 29 11 30 14 33
split_gain=51.3471 55.1477 37.7152 39.5754 27.9979 44.8849 45.0018 28.4289 26.5423 42.8125 34.0499 25.3242 25.1781 35.2767
threshold=0.59079074859619152 -0.49049438536167139 0.46461251378059393 -0.063584104180335985 1.0000000180025095e-35 0.79221418499946605 3.6803145408630376 0.52239373326301586 -0.11969653144478797 -1.0000000180025095e-35 0.036897206678986556 1.0000000180025095e-35 -20.847403526306149 1.0013927817344668
decision_type=2 2 2 2 2 2 2 2 2 2 2 2 2 8
left_child=1 -1 11 8 -3 6 -6 -7 9 10 -4 12 -2 -14
right_child=2 4 3 -5 5 7 -8 -9 -10 -11 -12 -13 13 -15
leaf_value=-0.0065920166591924611 0.0035140136949955041 -0.0022336949746696441 0.0051847433951346675 0.00062345434651807591 0.000336819799680496 -0.0045563900471750898 0.0093496255682670743 0.0019752779546735812 0 -0.0027876275474193104 -0.001175938034816613 0.0022213366124036039 -0.001998105053439508 0.00099180541812582965
leaf_weight=202.75472536124289 226.75912854075432 693.31148159317672 127.94436830468476 2937.4784293752164 162.18224768899381 163.61805763281882 89.138760756701231 97.03088260255754 1363.2163049727678 1246.4545988738537 212.10159556381404 1337.2433510757983 598.19306191802025 1197.4982734713703
leaf_count=2654 3194 9671 1609 39037 2449 2119 1185 1362 17026 17126 3045 17057 3748 19521
internal_value=0 -0.00178265 0.000284241 -0.000197684 -0.000903833 0.000825487 0.00387124 -0.00198689 -0.00102861 -0.00191414 0.00116211 0.00113928 0.000398214 0
internal_weight=0 1408.04 9246.89 5887.2 1205.28 511.97 251.321 260.649 2949.72 1586.5 340.046 3359.69 2022.45 1795.69
internal_count=140803 19440 121363 77843 16786 7115 3634 3481 38806 21780 4654 43520 26463 23269
is_linear=0
shrinkage=0.0101079


Tree=21
num_leaves=15
num_cat=0
split_feature=23 3 1 27 17 10 15 33 21 3 27 15 3 3
split_gain=44.9506 37.5382 46.562 35.8842 27.4484 26.1391 25.6476 22.7103 19.8747 25.027 29.8302 25.6724 22.9188 20.848
threshold=0.44493319094181066 0.46461251378059393 1.0658645033836367 0.1413247883319855 51.500000000000007 0.14409156143665316 11.453454017639162 0.97991594672203075 -10.706901073455809 0.23285563290119174 0.66746801137924205 13.152671337127687 0.33463813364505773 0.29400345683097845
decision_type=2 2 2 2 2 2 2 10 2 2 2 2 2 2
left_child=-1 8 3 4 6 -5 -3 -7 -2 10 11 -10 13 -11
right_child=1 2 -4 5 -6 7 -8 -9 9 12 -12 -13 -14 -15
leaf_value=-0.0028218143561311881 0.0042735045576827845 0.0012995368496504863 0.00075170296311014852 -0.00089593288647409899 -0.0027658492029625776 0.00026389103636242543 -0.001867984157888388 0.0045083558959253239 -0.0021839373732539897 0.00087241258658107596 -0.0034380967817452474 0.00421207546650125 0.00035690063318527825 0.0035378056318366531
leaf_weight=538.72878869995475 172.54173527099192 432.97755066119134 2452.3398322984576 851.61514363065362 1319.9293070156127 385.65909058228135 609.6439309976995 205.59395632147789 102.55599924921989 709.36346857249737 284.93839015439153 133.06779389083385 1845.7459815423936 599.5028327871114
leaf_count=7250 2172 5779 32089 10773 18514 6505 8008 1298 1365 9046 3803 1776 24410 7698
internal_value=0 0.000154711 -0.000323505 -0.00102714 -0.00179408 0.000203556 -0.000514138 0.00184607 0.000942067 0.000766134 -0.00123797 0.00128053 0.00111184 0.00213744
internal_weight=0 10105.5 6257.76 3805.42 2362.55 1442.87 1042.62 591.253 3847.72 3675.17 520.562 235.624 3154.61 1308.87
internal_count=140486 133236 82966 50877 32301 18576 13787 7803 50270 48098 6944 3141 41154 16744
is_linear=0
shrinkage=0.0101079


Tree=22
num_leaves=15
num_cat=0
split_feature=0 27 3 22 30 18 27 11 10 33 14 0 30 10
split_gain=53.4112 55.8822 34.0963 43.3675 34.0272 29.8351 28.4005 28.5586 27.3592 25.869 25.8008 24.9197 28.4128 22.1978
threshold=0.56175193190574657 -0.49049438536167139 0.46461251378059393 -0.063584104180335985 1.0000000180025095e-35 86.500000000000014 0.1413247883319855 0.060358026996254928 0.14409156143665316 0.90112781524658214 -20.847403526306149 0.45679874718189245 1.0000000180025095e-35 0.12049570679664613
decision_type=2 2 2 2 2 2 2 2 2 10 2 2 2 2
left_child=1 -1 4 6 10 -6 7 -4 -8 -9 -2 -3 -13 -12
right_child=2 11 3 -5 5 -7 8 9 -10 -11 13 12 -14 -15
leaf_value=-0.0078023307250562925 0.0033103576534735772 -0.003120316470195247 -0.0006904302112312106 0.00066736954191797925 0.0014588568756518209 0.0052266220398729957 -0.0010848756735502667 -0.0018779534766828854 0.001969606464256638 -0.0059971637374674064 0.00037581867991383393 -0.0016480798210297604 0.0027499928690467197 -0.0023084412039885089
leaf_weight=144.99705139733851 237.64117228612304 380.54361067526042 1053.4340124484152 2947.3140260223299 1116.7261015679687 281.97468253597617 730.52728271111846 534.34206853061914 493.39622515439987 253.19208532571793 1495.4776026271284 354.50096537172794 247.01871575601399 387.45001452788711
leaf_count=1901 3317 5329 14472 39136 14477 3453 8989 9013 6348 1601 19505 4958 3422 4888
internal_value=0 -0.00206147 0.000258118 -0.00019885 0.00104901 0.00227147 -0.00104461 -0.00183685 0.000118159 -0.00329806 0.000218408 -0.0011193 0.000103366 -0.00016219
internal_weight=0 1127.06 9531.48 6012.21 3519.27 1398.7 3064.89 1840.97 1223.92 787.534 2120.57 982.063 601.52 1882.93
internal_count=140809 15610 125199 79559 45640 17930 40423 25086 15337 10614 27710 13709 8380 24393
is_linear=0
shrinkage=0.0101079


Tree=23
num_leaves=15
num_cat=0
split_feature=0 27 3 22 30 13 12 28 30 13 18 13 7 14
split_gain=57.7638 53.9431 36.9052 45.0764 31.0466 42.2628 31.7704 29.1867 23.8189 33.4314 29.0647 24.6446 21.6218 20.5708
threshold=0.59079074859619152 -0.49049438536167139 0.46461251378059393 0.46790578961372381 1.0000000180025095e-35 0.040811648592352874 0.031874921172857291 0.96298784017562877 1.0000000180025095e-35 -0.080939289182424531 86.500000000000014 0.070143591612577452 18.89441013336182 -7.9957761764526358
decision_type=2 2 2 2 2 2 2 2 2 2 2 2 2 2
left_child=1 -1 8 -4 -3 6 7 -6 9 -2 11 13 -11 -10
right_child=2 4 3 -5 5 -7 -8 -9 10 12 -12 -13 -14 -15
leaf_value=-0.006705316607518684 0.0050952956295698014 -0.002420997997272396 -0.00074860381091787281 0.0012044817723061963 0.0044276202101790939 0.0061898640416717969 -0.0049936282560580332 -0.0018236008954543837 0.00072326820778586317 -0.00037412389446158523 0.0051923741415903727 -0.0028156421374717707 0.0027780872147801314 0.0039011507167040333
leaf_weight=199.62840201705694 137.28462165035307 699.41654808446765 4207.3916249442846 1676.6486703157425 135.17579160071909 109.06602848693728 116.37342647463083 146.92257344350219 618.45455703884363 1628.4386115372181 265.49501101486385 113.35079743899405 249.18186675384641 346.18727255053818
leaf_count=2624 1716 9738 55400 22330 1912 1413 1505 2226 8502 21616 3255 1311 3131 4054
internal_value=0 -0.00190102 0.0002924 -0.000184362 -0.00103591 0.000801801 -0.000661863 0.0010698 0.00113826 0.000415199 0.00218424 0.00137477 3.22826e-05 0.00192706
internal_weight=0 1406.58 9242.43 5884.04 1206.95 507.538 398.472 282.098 3358.39 2014.91 1343.49 1077.99 1877.62 964.642
internal_count=140733 19418 121315 77730 16794 7056 5643 4138 43585 26463 17122 13867 24747 12556
is_linear=0
shrinkage=0.0101079


Tree=24
num_leaves=15
num_cat=0
split_feature=0 27 3 1 16 16 30 13 3 30 27 10 11 33
split_gain=51.2706 54.4964 42.31 40.3965 27.9576 39.0411 41.8549 26.2626 29.1827 28.349 24.0159 29.6571 28.9461 25.0437
threshold=0.59079074859619152 -0.47136868536472315 0.46461251378059393 1.0790870785713198 0.15546299517154696 0.74235403537750255 1.0000000180025095e-35 -0.078842744231224046 0.27348537743091589 1.0000000180025095e-35 -0.11969653144478797 0.14409156143665316 0.060358026996254928 0.90112781524658214
decision_type=2 2 2 2 2 2 2 2 2 2 2 2 2 10
left_child=1 -1 7 10 -3 -6 -7 8 -2 -9 12 -12 -4 -14
right_child=2 4 3 -5 5 6 -8 9 -10 -11 11 -13 13 -15
leaf_value=-0.006487412074727656 0 0.003305240806099756 -0.00057633545540153905 0.0007367099434191991 -0.0027306812453909055 -0.0016427295900282887 0.0056583587731811507 7.3586348823843532e-05 0.0070619939475755214 0.0020668338990627267 -0.0011981840378558213 0.0015823647066099959 -0.0018321715227168256 -0.0058363041662759145
leaf_weight=211.54244162328541 100.43315111473203 128.89135774970055 1066.921903712675 2397.0589296389371 757.44700656086206 170.95922627300024 131.6480517424643 1877.9783753696829 147.52834069170058 1232.8735602721572 938.14782152511179 660.53459432534873 570.51549594849348 253.65691716969013
leaf_count=2798 1489 1989 14759 31336 10513 2363 1684 24659 1787 15641 11941 8529 9668 1594
internal_value=0 -0.00182165 0.000248277 -0.000262688 -0.000921565 -0.00149338 0.0014641 0.00115442 0.00431392 0.00087965 -0.000960844 -2.20606e-05 -0.00172986 -0.00315546
internal_weight=0 1400.49 9245.65 5886.84 1188.95 1060.05 302.607 3358.81 247.961 3110.85 3489.78 1598.68 1891.09 824.172
internal_count=140750 19347 121403 77827 16549 14560 4047 43576 3276 40300 46491 20470 26021 11262
is_linear=0
shrinkage=0.0101079


Tree=25
num_leaves=15
num_cat=0
split_feature=23 13 27 28 29 29 33 33 29 23 27 18 2 21
split_gain=42.2981 37.1066 32.6103 52.7242 43.6938 36.423 26.6995 26.6029 25.1704 26.0412 24.7873 23.0107 22.4379 19.6258
threshold=0.3870824426412583 -0.088973794132471071 -0.71473535895347584 0.43245348334312445 -1.0000000180025095e-35 0.87837970256805431 1.0013927817344668 2.2975000143051152 -0.60785761475563038 0.54754993319511425 0.11969653144478799 73.500000000000014 1.6970868110656741 -4.9175379276275626
decision_type=2 2 2 2 2 2 8 8 2 2 2 2 2 2
left_child=-1 7 3 5 -5 6 -3 -2 -4 10 -10 -8 -7 -11
right_child=1 2 8 4 -6 12 11 -9 9 13 -12 -13 -14 -15
leaf_value=-0.0036503637659322033 0.0070921054846872387 -0.0027115973559243929 0.0046064675438856981 0.0016500727057046788 -0.0052501842129541827 0.0042758524633841428 -0.00071328076981059889 0.00070302388827306122 -0.0032252533329609227 0.0018168499096761009 0.00030890188072040897 0.002860539614101446 -0.00016319266855754506 0.0002664796251573576
leaf_weight=299.76577191799879 124.45357078313828 538.3237956315279 135.52770549431443 105.966936705634 416.85665411129594 254.3070088904351 895.82592701911926 170.88561857677996 386.86801579035819 998.82550880871713 376.31716340966523 223.50487187877297 178.12360148876905 5549.657215597108
leaf_count=3908 765 3392 1787 1412 5675 3575 14776 3031 5293 14701 5333 3944 2169 70879
internal_value=0 0.000152831 4.3757e-05 -0.000921624 -0.00377166 -0.000178268 -0.000878921 0.00363984 0.000388498 0.000300059 -0.00144426 0 0.00238421 0.000510971
internal_weight=0 10355.4 10060.1 2612.91 522.824 2090.09 1657.65 295.339 7447.2 7311.67 763.185 1119.33 432.431 6548.48
internal_count=140640 136732 132936 34943 7087 27856 22112 3796 97993 96206 10626 18720 5744 85580
is_linear=0
shrinkage=0.0101079


Tree=26
num_leaves=15
num_cat=0
split_feature=0 3 22 30 13 14 13 3 8 10 3 13 15 0
split_gain=57.0427 41.0781 46.2836 40.9024 30.8976 29.63 24.4348 24.1402 22.3297 20.8773 27.5775 22.1138 21.4064 21.0117
threshold=0.53311267495155346 0.46461251378059393 -0.024112885817885395 1.0000000180025095e-35 -0.088973794132471071 -3.6250957250595088 0.068580165505409255 0.40547129511833196 0.63609760999679577 0.12253868579864503 0.22874372452497485 0.042885804548859603 3.6457359790802006 0.90633615851402294
decision_type=2 2 2 2 2 2 2 2 2 2 2 2 2 2
left_child=7 3 -3 4 -2 6 -5 -1 -9 10 -6 12 -12 -13
right_child=1 2 -4 5 9 -7 -8 8 -10 -11 11 13 -14 -15
leaf_value=-0.00035608973934343839 0.0052608316882590215 -0.001106400242586756 0.00064807388286695444 0.0022171073792835029 -0.0027879930301322473 0.0059441594380855532 -0.0022599508563928578 -0.0050780545466618081 0 -0.0020566718800521713 0.0035145326922503078 0.0048211240943252 -0.00041471528334439966 0
leaf_weight=366.64750821888447 108.20853283070028 3290.2876139059663 2842.2552076186985 1115.3861162886024 223.67399103567004 206.73253585956991 125.08407610654831 383.44420661218464 124.39536439627409 434.5224269926548 158.95554365962744 236.6756819691509 899.74565489962697 135.18905165791512
leaf_count=5152 1286 43580 37665 14421 3258 2634 1413 5188 1816 5671 2479 2622 11746 1686
internal_value=0 0.000213026 -0.000286862 0.00106419 0.000173075 0.00238112 0.00172215 -0.00247058 -0.00389074 -8.93727e-05 0.000410085 0.000950417 0.000158184 0.00305065
internal_weight=0 9776.72 6132.54 3644.17 2196.97 1447.2 1240.47 874.487 507.84 2088.76 1654.24 1430.57 1058.7 371.865
internal_count=140617 128461 81245 47216 28748 18468 15834 12156 7004 27462 21791 18533 14225 4308
is_linear=0
shrinkage=0.0101079


Tree=27
num_leaves=15
num_cat=0
split_feature=0 27 30 28 29 29 2 0 33 0 2 27 12 33
split_gain=55.3658 31.9024 52.2666 42.9835 30.9313 30.7918 30.1921 36.0404 63.0591 30.0478 27.8485 27.6492 24.9876 21.281
threshold=0.52239373326301586 -0.71473535895347584 1.0000000180025095e-35 0.41268247365951544 0.87837970256805431 -1.0000000180025095e-35 1.2106518149375918 0.77555236220359813 1.0468271374702456 1.350305497646332 0.89405754208564769 0.86046862602233898 -0.041467951610684388 0.97991594672203075
decision_type=2 2 2 2 2 2 2 2 8 2 2 2 2 10
left_child=10 3 9 4 -2 -5 7 8 -4 13 -1 -10 -9 -3
right_child=1 2 6 5 -6 -7 -8 12 11 -11 -12 -13 -14 -15
leaf_value=-0.00097453193556774973 -0.00078284652952990226 -2.1808778420478472e-05 0.0080473581331137207 0.0010328511729455186 0.0022378664744325469 -0.0046300027624738057 0 0.0039317454334305739 0.0034967169720201649 0.0018829387084744889 -0.004977921761984915 -0.0012237954482796219 0.0003443482741147853 -0.00167821826400267
leaf_weight=485.4449165109545 1661.0773075614125 2439.0237632337958 252.74369516968727 110.22068045847118 427.33718644082546 417.59617787972093 974.11710296571255 249.69206992909312 331.01449421420693 574.18883852660656 311.59098982438445 181.58065639063716 1021.8642215337604 1204.1419791579247
leaf_count=7029 22065 40211 1558 1434 5698 5766 12115 3348 5292 7658 4069 3076 13804 7540
internal_value=0 0.000133797 0.000483447 -0.000815411 -0.00013952 -0.00337396 0.00150073 0.00219864 0.00394314 -0.000234663 -0.00262231 0.00175326 0.00109971 -0.000582744
internal_weight=0 9844.6 7228.37 2616.23 2088.41 527.817 3011.01 2036.9 765.339 4217.35 797.036 512.595 1271.56 3643.17
internal_count=140663 129565 94602 34963 27763 7200 39193 27078 9926 55409 11098 8368 17152 47751
is_linear=0
shrinkage=0.0101079


Tree=28
num_leaves=15
num_cat=0
split_feature=28 27 29 33 30 33 13 2 18 14 27 29 5 2
split_gain=40.816 94.1809 94.2914 48.9031 44.4562 46.7617 42.1674 39.8995 36.8368 43.4982 30.8208 41.7562 34.7126 37.994
threshold=-0.37256073951721186 0.11969653144478799 -1.0000000180025095e-35 1.0013927817344668 1.0000000180025095e-35 1.0013927817344668 -0.076615560799837099 0.62830287218093883 47.500000000000007 -7.474442481994628 -0.91959547996520985 0.87837970256805431 -3.7139190435409541 0.59270846843719494
decision_type=2 2 2 8 2 8 2 2 2 2 2 2 2 2
left_child=3 2 -2 7 6 -6 -3 -1 -8 -10 11 -4 -12 -14
right_child=1 4 10 -5 5 -7 8 -9 9 -11 12 -13 13 -15
leaf_value=-0.0048210992310915033 0.0016230068244967495 0.0052495048565191146 -0.0025281927404627201 0.0014915747756200765 0.0047880546113315903 0.00067717939249327657 -0.0024160512497246604 -4.3418615126045468e-05 -0.0022026598996544582 0.0019878551890870422 0.00056161481893050782 0.0019273946358193111 0.00013607416361649475 -0.0049436488009716893
leaf_weight=205.72823363542557 630.83698492497206 120.93650550767779 805.21950549632311 2855.018552403897 430.64799909293652 889.30385813303292 762.82011621259153 1209.0791220664978 383.39364880509675 693.32715561054647 154.13916874490678 275.60978852584958 156.12907659262419 1085.2506858147681
leaf_count=1255 8372 1701 10837 47122 2644 14534 11002 7541 4855 8395 2183 3688 2230 14554
internal_value=0 -0.000548628 -0.00181105 0.000726459 0.000636234 0.00206872 -0.000311935 -0.000788757 -0.000719664 0.000453367 -0.00270446 -0.00134927 -0.00371214 -0.00427542
internal_weight=0 6387.61 3107.19 4269.83 3280.43 1319.95 1960.48 1414.81 1839.54 1076.72 2476.35 1080.83 1395.52 1241.38
internal_count=140913 84995 41864 55918 43131 17178 25953 8796 24252 13250 33492 14525 18967 16784
is_linear=0
shrinkage=0.0101079


Tree=29
num_leaves=15
num_cat=0
split_feature=0 27 30 28 22 2 0 33 29 29 21 12 14 14
split_gain=46.4104 39.8053 60.0152 46.9129 33.6673 32.5145 39.3168 69.8759 31.8788 30.8345 29.8223 28.1987 42.1665 26.6676
threshold=0.46442617475986486 -0.71473535895347584 1.0000000180025095e-35 0.43245348334312445 0.043764719739556319 1.2973617911338808 0.77854061126708995 0.90112781524658214 -1.0000000180025095e-35 0.87837970256805431 -4.9175379276275626 0.034125577658414848 -6.4917809963226309 -20.847403526306149
decision_type=2 2 2 2 2 2 2 10 2 2 2 2 2 2
left_child=-1 3 4 9 13 6 7 11 -5 -2 -8 12 -4 -3
right_child=1 2 5 8 -6 -7 10 -9 -10 -11 -12 -13 -14 -15
leaf_value=-0.0031765309271737383 -0.00080294589084911334 0.0026660882474052144 0.00092843806197961357 0.00095020318553527502 0.0010110321470895777 0 0.0046090019143250147 0.0078557120717061783 -0.0048125110377872683 0.0021751289433189999 0.00043514020106567261 -0.0020538706357193601 0.0076013906330850136 -0.0011107736675128898
leaf_weight=426.09650501050055 1693.8134202696383 192.96675670892 352.86735696904361 110.28036393597722 1538.6791390608996 873.93997540697455 206.34194536134601 302.72469407320023 417.6076134108007 438.79397977143526 1148.9228925649077 132.40940272808075 137.51712473109365 2667.1185615211725
leaf_count=6046 22515 2761 5922 1470 20901 10848 2991 1870 5785 5796 15234 2215 2019 34145
internal_value=0 0.000197631 0.000575268 -0.00085793 -0.000179707 0.00163866 0.00227208 0.00388896 -0.00353662 -0.000165699 0.00112259 0.00182482 0.00296885 -0.000835413
internal_weight=0 10214 7553.49 2660.5 4398.76 3154.72 2280.78 925.519 527.888 2132.61 1355.26 622.794 490.384 2860.09
internal_count=140518 134472 98906 35566 57807 41099 30251 12026 7255 28311 18225 10156 7941 36906
is_linear=0
shrinkage=0.0101079


Tree=30
num_leaves=15
num_cat=0
split_feature=0 13 27 22 27 30 28 29 0 12 16 21 18 2
split_gain=49.752 31.4799 31.1773 30.7234 41.599 66.1056 45.9268 40.9127 31.078 41.4617 30.8883 26.1919 31.0344 25.5643
threshold=0.53311267495155346 -0.088973794132471071 -0.49049438536167139 0.4847139716148377 -0.49049438536167139 1.0000000180025095e-35 0.41268247365951544 -1.0000000180025095e-35 0.77555236220359813 0.034125577658414848 0.76244360208511364 -4.8207545280456534 85.500000000000014 1.632942855358124
decision_type=2 2 2 2 2 2 2 2 2 2 2 2 2 2
left_child=2 -2 -1 4 6 -6 13 -8 9 10 -7 -10 -13 -3
right_child=1 3 -4 -5 5 8 7 -9 11 -11 -12 12 -14 -15
leaf_value=-0.0076373373595116992 0.0036133775791998097 0.00062133829456390173 -0.0015182273308988867 0.0012052250415439036 -0.00065145514597924226 0.0032123142154503672 0.0011328959385672917 -0.005103090314951147 0.0037065919577216329 -0.00030561635808922584 0.0092771692920704408 -0.0010023976824047559 0.0029157256913487244 -0.0019010680758567546
leaf_weight=95.33093916811049 264.10250409319997 940.49006993509829 775.95874874852598 2066.6084517762065 3029.1283777225763 513.26409013569355 122.85034993290901 468.95483697392046 224.78783147037029 236.63121706619859 115.55190397426486 824.86391020938754 266.93805474042892 699.61378203704953
leaf_count=1285 3347 12820 10880 27806 39288 6821 1633 6552 3018 3039 1265 10351 3399 9314
internal_value=0 0.000216107 -0.00229433 0.000114681 -0.000183604 0.0003048 -0.00133919 -0.00374308 0.00164842 0.00313996 0.00448832 0.000624946 0 -0.00043388
internal_weight=0 9773.79 871.29 9509.68 7443.07 5211.17 2231.91 591.805 2182.04 865.447 628.816 1316.59 1091.8 1640.1
internal_count=140818 128653 12165 125306 97500 67181 30319 8185 27893 11125 8086 16768 13750 22134
is_linear=0
shrinkage=0.0101079


Tree=31
num_leaves=15
num_cat=0
split_feature=22 3 13 28 33 20 5 0 29 3 30 33 18 14
split_gain=46.1184 40.1986 34.7266 26.15 55.9968 28.5096 23.1304 22.8968 21.5891 21.8681 53.3691 37.4118 21.3948 20.1098
threshold=-0.84997692704200734 0.35413354635238653 -0.088973794132471071 -0.39271505177021021 1.0013927817344668 -1.7858595848083494 -3.5731018781661983 1.1517216563224795 -0.60785761475563038 0.4104102104902268 1.0000000180025095e-35 1.0013927817344668 44.500000000000007 -9.5310950279235822
decision_type=2 2 2 2 8 2 2 2 2 2 2 8 2 2
left_child=1 12 -2 4 5 -4 -3 -7 -5 10 -10 -12 -1 -11
right_child=2 6 3 8 -6 7 -8 -9 9 13 11 -13 -14 -15
leaf_value=-0.0016523675464409657 0.0037505530684275837 0.0012931365577590653 0.00138158582810867 0.0039151648538592832 0.0015378934840085928 -0.0031181447604020193 -0.0033993874692362924 0 -0.00084026552422751901 -0.0019081378948365561 0.0066721660609732909 0.00096435014958104936 0.0043107460541894566 -0.00029438300991368912
leaf_weight=90.013893904164433 267.95157562382519 105.25228757038713 361.41375279426575 107.52624258771539 2745.1117884479463 588.86339467763901 843.81048731133342 394.0011622607708 1031.9478910528123 1337.6795758754015 184.82257336378098 363.79269108362496 135.30997684784234 2095.2772054169327
leaf_count=1460 3365 1551 2262 1431 45368 3662 12176 2444 13573 18233 1121 5869 1923 26408
internal_value=0 -0.00190612 0.000210792 0.000100399 0.000705872 -0.00096231 -0.00283048 -0.00186909 -0.000375532 -0.000481433 0.000484041 0.00302522 0.00177863 -0.000937805
internal_weight=0 1174.39 9478.39 9210.44 4089.39 1344.28 949.063 982.865 5121.05 5013.52 1580.56 548.615 225.324 3432.96
internal_count=140846 17110 123736 120371 53736 8368 13727 6106 66635 65204 20563 6990 3383 44641
is_linear=0
shrinkage=0.0101079


Tree=32
num_leaves=15
num_cat=0
split_feature=22 27 29 2 27 30 30 23 33 22 11 8 14 16
split_gain=49.5535 54.5041 33.6705 24.7612 23.2394 34.3781 32.9661 31.7245 31.5907 30.9566 30.286 22.2509 20.8672 26.4021
threshold=-0.75440531969070423 0.11969653144478799 -1.0000000180025095e-35 0.89405754208564769 -0.83743050694465626 1.0000000180025095e-35 1.0000000180025095e-35 0.84389910101890575 0.90112781524658214 0.26320196688175207 0.043571051210165031 0.86077126860618602 -20.847403526306149 0.54916545748710643
decision_type=2 2 2 2 2 2 2 2 10 2 2 2 2 2
left_child=1 2 -1 -4 6 9 10 -7 -8 12 -2 -5 -6 -14
right_child=4 -3 3 11 5 7 8 -9 -10 -11 -12 -13 13 -15
leaf_value=0.0013897229129855319 0.0023784817635830817 0.00066595223478297673 -0.0014503183278743851 -0.0063232074770468378 0.0023422446489679192 0.0026270028885919412 -0.0007501005130531866 0.00045488727014066256 -0.0054489487435949993 0.0012026754697325181 -0.0010012267674045685 -0.00099792987221056597 -0.0020187137715407155 0
leaf_weight=131.21548646688461 429.62376600876451 611.12773236073554 336.13769998215139 414.66851834952831 207.88234677538276 1196.6251483988017 428.63376784324646 1740.7789116222411 238.75171147286892 1350.0152842327952 691.05064665339887 126.49187792651355 1184.2844953909516 1559.3584713153541
leaf_count=1897 5914 8975 4934 5560 2913 14957 7280 22960 1531 18314 8874 1818 15968 18874
internal_value=0 -0.0016578 -0.0031002 -0.00382371 0.000257843 0.000516082 -0.000762832 0.00135802 -0.00253368 -5.08425e-05 0.000265856 -0.00518345 -0.000639505 -0.00088602
internal_weight=0 1619.64 1008.51 877.298 9027 7238.94 1788.06 2937.4 667.385 4301.54 1120.67 541.16 2951.53 2743.64
internal_count=140769 23184 14209 12312 117585 93986 23599 37917 8811 56069 14788 7378 37755 34842
is_linear=0
shrinkage=0.0101079


Tree=33
num_leaves=15
num_cat=0
split_feature=0 3 0 30 13 27 27 17 2 2 29 23 16 15
split_gain=52.1342 34.5752 37.1485 34.8261 31.3372 30.8123 30.2926 29.3542 24.5415 21.6911 23.0537 22.44 21.4233 28.264
threshold=0.53311267495155346 0.46461251378059393 1.512380123138428 1.0000000180025095e-35 -0.073104579001665101 -0.47136868536472315 -0.49049438536167139 50.500000000000007 1.4111945033073428 1.0559667348861697 -1.0000000180025095e-35 0.96330782771110546 0.72322964668273937 3.7718491554260258
decision_type=2 2 2 2 2 2 2 2 2 2 2 2 2 2
left_child=6 3 5 4 -2 7 -1 9 -5 -3 -11 -12 13 -8
right_child=1 2 -4 8 -6 -7 12 -9 -10 10 11 -13 -14 -15
leaf_value=-0.0076171546022193882 0.0039389867661063557 0.0025339263222492717 0.001327187756485264 0.0027118470600829649 -0.00015469892437119749 4.5538260505949328e-05 0.0016970524261350015 -0.002678215792284049 -0.0013814406653608515 0.0022328390858484732 -0.0048231285501310079 -0.00033548681055633681 0.0010016227217211375 -0.0037443418806215045
leaf_weight=94.328227482736111 202.21709277294576 215.04115368425846 1264.7942292001098 1298.7384674940258 2000.0840311944485 2871.2190239951015 107.83254515565932 1096.847220338881 150.48401954583824 145.82987153716385 192.29281353391707 318.41661014221609 215.15955910645425 448.04103906266391
leaf_count=1290 2637 2877 16474 16675 26203 37246 1655 15712 1797 1933 2632 4114 2874 6321
internal_value=0 0.00025967 -0.000200251 0.00103842 0.000215167 -0.000609248 -0.00231759 -0.00158132 0.002254 -0.000143602 -0.00110061 -0.00214945 -0.00154893 -0.00260822
internal_weight=0 9755.96 6104.44 3651.52 2202.3 4839.65 865.361 1968.43 1449.22 871.58 656.539 510.709 771.033 555.874
internal_count=140440 128300 80988 47312 28840 64514 12140 27268 18472 11556 8679 6746 10850 7976
is_linear=0
shrinkage=0.0101079


Tree=34
num_leaves=15
num_cat=0
split_feature=22 27 13 27 30 22 30 33 2 2 23 33 2 7
split_gain=50.1156 39.6781 33.3541 23.6388 50.2313 44.204 35.8972 43.7371 32.2526 28.7036 24.5346 38.5015 21.3131 31.8727
threshold=-0.85978060960769642 0.18436925113201144 -0.088973794132471071 -0.83743050694465626 1.0000000180025095e-35 0.043764719739556319 1.0000000180025095e-35 0.90112781524658214 1.6029576659202578 1.1641033887863161 0.84060901403427135 1.0880999565124514 0.89405754208564769 4.8035466670989999
decision_type=2 2 2 2 2 2 2 10 2 2 2 8 2 2
left_child=1 12 -2 6 5 -5 8 -8 -4 10 11 -6 13 -1
right_child=2 -3 3 4 9 -7 7 -9 -10 -11 -12 -13 -14 -15
leaf_value=-0.0032629644359256573 0.0036687833167514203 0.00077666576625457157 0.0019871450165906681 -0.0010948631716998834 0.0060310363506275028 0.00097117273198075386 -0.00070546570208610199 -0.0061581417801135161 -0.0013902616777770739 3.1220755494939025e-05 0.00094978597051535946 0.0016411763496373762 -0.0046225197015440245 0.0032442163963621136
leaf_weight=222.50534013099968 274.96456867083907 342.69923667609692 540.09971370920539 2709.3273981418461 342.87527777254581 1710.9120163172483 445.84522386081517 238.12479245662689 597.50839560851455 1062.7370784748346 980.03099033236504 599.28490060195327 470.4245510995388 103.68517686240375
leaf_count=3362 3431 5252 7414 34469 2090 23261 7464 1529 7718 13358 13440 9737 6580 1449
internal_value=0 -0.00199402 0.000242641 0.000133206 0.000390847 -0.000285735 -0.000889291 -0.00270939 0.000180417 0.00140447 0.0021396 0.00331702 -0.00323236 -0.00104635
internal_weight=0 1139.31 9501.71 9226.75 7405.17 4420.24 1821.58 683.97 1137.61 2984.93 1922.19 942.16 796.615 326.191
internal_count=140554 16643 123911 120480 96355 57730 24125 8993 15132 38625 25267 11827 11391 4811
is_linear=0
shrinkage=0.0101079


end of trees

feature_importances:
Column_27=52
Column_2=43
Column_0=42
Column_29=41
Column_30=34
Column_13=32
Column_3=28
Column_33=28
Column_28=26
Column_14=22
Column_22=21
Column_23=15
Column_15=12
Column_12=11
Column_16=11
Column_5=9
Column_10=9
Column_11=8
Column_18=8
Column_1=7
Column_21=7
Column_7=6
Column_17=6
Column_20=6
Column_8=2
Column_32=2
Column_9=1
Column_31=1

parameters:
[boosting: gbdt]
[objective: binary]
[metric: auc]
[tree_learner: serial]
[device_type: cpu]
[data_sample_strategy: bagging]
[data: ]
[valid: ]
[num_iterations: 600]
[learning_rate: 0.0101079]
[num_leaves: 15]
[num_threads: 2]
[seed: 1337]
[deterministic: 0]
[force_col_wise: 0]
[force_row_wise: 0]
[histogram_pool_size: -1]
[max_depth: -1]
[min_data_in_leaf: 1280]
[min_sum_hessian_in_leaf: 0.001]
[bagging_fraction: 0.829452]
[pos_bagging_fraction: 1]
[neg_bagging_fraction: 1]
[bagging_freq: 1]
[bagging_seed: 1337]
[feature_fraction: 0.727545]
[feature_fraction_bynode: 1]
[feature_fraction_seed: 1337]
[extra_trees: 0]
[extra_seed: 18955]
[early_stopping_round: 0]
[early_stopping_min_delta: 0]
[first_metric_only: 0]
[max_delta_step: 0]
[lambda_l1: 4.00664]
[lambda_l2: 7.63247]
[linear_lambda: 0]
[min_gain_to_split: 0]
[drop_rate: 0.1]
[max_drop: 50]
[skip_drop: 0.5]
[xgboost_dart_mode: 0]
[uniform_drop: 0]
[drop_seed: 17763]
[top_rate: 0.2]
[other_rate: 0.1]
[min_data_per_group: 100]
[max_cat_threshold: 32]
[cat_l2: 10]
[cat_smooth: 10]
[max_cat_to_onehot: 4]
[top_k: 20]
[monotone_constraints: ]
[monotone_constraints_method: basic]
[monotone_penalty: 0]
[feature_contri: ]
[forcedsplits_filename: ]
[refit_decay_rate: 0.9]
[cegb_tradeoff: 1]
[cegb_penalty_split: 0]
[cegb_penalty_feature_lazy: ]
[cegb_penalty_feature_coupled: ]
[path_smooth: 0]
[interaction_constraints: ]
[verbosity: -1]
[saved_feature_importance_type: 0]
[use_quantized_grad: 0]
[num_grad_quant_bins: 4]
[quant_train_renew_leaf: 0]
[stochastic_rounding: 1]
[linear_tree: 0]
[max_bin: 255]
[max_bin_by_feature: ]
[min_data_in_bin: 3]
[bin_construct_sample_cnt: 200000]
[data_random_seed: 4404]
[is_enable_sparse: 1]
[enable_bundle: 1]
[use_missing: 1]
[zero_as_missing: 0]
[feature_pre_filter: 1]
[pre_partition: 0]
[two_round: 0]
[header: 0]
[label_column: ]
[weight_column: ]
[group_column: ]
[ignore_column: ]
[categorical_feature: ]
[forcedbins_filename: ]
[precise_float_parser: 0]
[parser_config_file: ]
[objective_seed: 4113]
[num_class: 1]
[is_unbalance: 0]
[scale_pos_weight: 1]
[sigmoid: 1]
[boost_from_average: 1]
[reg_sqrt: 0]
[alpha: 0.9]
[fair_c: 1]
[poisson_max_delta_step: 0.7]
[tweedie_variance_power: 1.5]
[lambdarank_truncation_level: 30]
[lambdarank_norm: 1]
[label_gain: ]
[lambdarank_position_bias_regularization: 0]
[eval_at: ]
[multi_error_top_k: 1]
[auc_mu_weights: ]
[num_machines: 1]
[local_listen_port: 12400]
[time_out: 120]
[machine_list_filename: ]
[machines: ]
[gpu_platform_id: -1]
[gpu_device_id: -1]
[gpu_use_dp: 0]
[num_gpu: 1]

end of parameters

pandas_categorical:null
