tree
version=v4
num_class=1
num_tree_per_iteration=1
label_index=0
max_feature_idx=33
objective=binary sigmoid:1
feature_names=Column_0 Column_1 Column_2 Column_3 Column_4 Column_5 Column_6 Column_7 Column_8 Column_9 Column_10 Column_11 Column_12 Column_13 Column_14 Column_15 Column_16 Column_17 Column_18 Column_19 Column_20 Column_21 Column_22 Column_23 Column_24 Column_25 Column_26 Column_27 Column_28 Column_29 Column_30 Column_31 Column_32 Column_33
feature_infos=[0.22403052449226379:4.806818962097168] [0.027025075629353523:26.170040130615234] [0.17134076356887817:8.6935958862304688] [0.087584272027015686:1] [-28.67047119140625:41.262332916259766] [-36.190670013427734:42.326030731201172] [-36.841156005859375:62.500308990478516] [-45.158794403076172:63.120437622070312] [-22.455821990966797:30.680826187133789] [0:0.95389312505722046] [0:0.64536702632904053] [0:0.40022626519203186] [-0.51016271114349365:0.5480339527130127] [-0.15783818066120148:0.22172828018665314] [-46.22015380859375:17.161741256713867] [-8.3726015090942383:64.2962646484375] [0:1] [0:95] [0:95] [-1:1] [-29.775985717773438:44.984848022460938] [-30.712318420410156:55.0223388671875] [-2.5033562183380127:15.253066062927246] [0.049656935036182404:4.0791497230529785] [-1:1] [0:1] [0:1] [-1:1] [-1:1] [-0.78183150291442871:0.97492790222167969] [-0.90096884965896606:1] [0:1] [0:1] [0.99500000476837158:3]
tree_sizes=8670

Tree=0
num_leaves=79
num_cat=0
split_feature=29 13 15 22 7 13 15 13 13 22 18 5 6 7 29 11 22 13 29 16 9 16 9 13 7 18 20 16 16 22 20 6 15 20 16 11 13 20 4 33 16 16 11 15 6 17 13 11 5 13 16 17 29 16 29 7 15 29 16 22 13 11 20 18 18 18 13 8 16 29 15 15 13 8 7 5 13 20
split_gain=39.031 29.0455 34.1468 39.7359 29.1776 27.9932 20.4568 19.3544 16.842 33.5818 27.8889 28.9809 29.0745 25.4311 39.259 23.2376 23.9632 19.5036 29.4283 19.073 18.7676 16.5081 15.6605 15.2893 15.2814 15.1588 15.0937 20.8366 14.8566 14.2916 14.2796 14.019 18.6324 13.3941 12.6199 12.2968 11.9792 11.5824 15.5586 11.0316 10.5126 10.3624 16.4124 10.971 10.2955 16.6036 17.4342 12.9966 12.9092 13.3391 10.0667 11.2604 9.77446 24.9075 12.1591 14.1042 20.2881 13.9884 18.5063 9.62138 14.3637 12.7467 9.60349 11.0217 9.53111 11.0794 9.36202 9.31227 9.31088 9.11267 8.96015 15.1234 8.5174 8.46695 8.43534 8.09936 8.08339 17.7026
threshold=-0.60785761475563038 0.14633967727422717 19.871906280517582 -0.18868048489093778 14.999824047088625 0.068844899535179152 29.826392173767093 0.1037430986762047 0.013119133654981853 -0.66686561703681935 86.500000000000014 1.8068463206291201 -3.8537026643753047 -15.697376251220701 -1.0000000180025095e-35 0.040513992309570319 -0.490606740117073 -0.029355885460972782 0.6078576147556306 0.86353430151939403 0.21746471524238589 0.60564193129539501 0.26464550197124487 0.065825205296278014 -0.61632415652275074 20.500000000000004 2.1251153945922856 0.34313811361789709 0.71630510687828075 -0.63983714580535878 -0.57614576816558827 -11.152259826660154 1.9946882724761965 -0.22394750267267224 0.92017400264740001 0.0082651982083916681 0.010422567371279003 3.4150650501251225 -0.95060274004936207 1.0000000180025095e-35 0.078914109617471709 0.87763816118240368 0.080941960215568556 12.775216579437258 -7.3493888378143302 71.500000000000014 -0.059091463685035699 0.081629194319248213 -0.076561987400054918 -0.037314277142286294 0.47484667599201208 49.500000000000007 -1.0000000180025095e-35 0.6851581633090974 1.0000000180025095e-35 7.1314823627471933 9.7765183448791522 0.6078576147556306 0.75934004783630382 -0.28500597178935999 -0.08760542050004004 0.13243865966796878 10.199259757995607 84.500000000000014 50.500000000000007 77.500000000000014 0.05961535498499871 -0.50916051864624012 0.53473088145256054 1.0000000180025095e-35 2.7392466068267827 4.9297339916229257 -0.061542719602584832 -0.36735844612121576 18.3036642074585 -2.9651321172714229 -0.023775440640747544 1.9957609176635744
decision_type=2 10 8 10 10 10 10 10 10 10 2 10 10 10 2 10 10 10 2 10 10 10 10 10 10 2 10 10 10 10 10 10 10 10 10 10 10 10 10 10 10 10 10 10 10 2 10 10 10 10 10 2 2 10 2 10 10 2 10 10 10 10 10 2 2 2 10 10 10 2 10 10 10 10 10 10 8 10
left_child=-1 2 5 4 66 8 7 23 9 17 11 12 15 14 67 22 -17 18 26 35 29 -13 73 34 -14 -5 27 70 -23 -12 -7 32 72 -20 -6 69 -19 38 -37 40 -40 43 -43 -30 47 46 -46 -42 75 -50 51 -26 53 -52 -54 56 -56 -58 -59 60 -33 -62 -27 -64 -21 -66 -4 -11 -18 -15 -2 -72 -16 -10 -25 -47 77 -48
right_child=1 -3 3 25 6 30 -8 -9 10 13 20 21 24 19 31 16 68 36 33 64 -22 28 -24 74 50 62 -28 -29 41 -31 -32 59 -34 -35 -36 37 -38 -39 39 -41 44 42 -44 -45 45 48 76 -49 49 -51 52 -53 54 -55 55 -57 57 58 -60 -61 61 -63 63 -65 65 -67 -68 -69 -70 -71 71 -73 -74 -75 -76 -77 -78 -79
leaf_value=-0.93619351422295283 -0.9050025002091755 -0.8777627208433727 -0.95114806188719592 -0.89178674715997175 -0.921608690379495 -0.90461967491181006 -0.94125377210726191 -0.8934706586117489 -0.90933728813126957 -0.91297450423577331 -0.93930885929371088 -0.92365990961731292 -0.93632586681144692 -0.92559090494339702 -0.88758960860357572 -0.87236935244142033 -0.8959897414211957 -0.91047992204523853 -0.90009331560084571 -0.91293124374325707 -0.9120779429799023 -0.88516398651638473 -0.90177312680937227 -0.91248719551645718 -0.92131591759755627 -0.91783504105703517 -0.91327697416874409 -0.85817400427716328 -0.89281532266941022 -0.92191225398676591 -0.87119855211368702 -0.93572706555841778 -0.92941063325414719 -0.92275891357197892 -0.88984301276410405 -0.91395832186147119 -0.88944509958191564 -0.91790926043259935 -0.88870516687927759 -0.89512473820593375 -0.92529754434614631 -0.91071518739695556 -0.8837888150737635 -0.91588310872134604 -0.93234823045828508 -0.8950684665542934 -0.8965193059329476 -0.89973306647866913 -0.91084856281630455 -0.88903084751981898 -0.92934615843777701 -0.89407088682922864 -0.93267062007577672 -0.89540282011264694 -0.93156298201778043 -0.92501451060706263 -0.92017656004401238 -0.87842301445067072 -0.91484445468118269 -0.93266331781257428 -0.92174598037325217 -0.89203879243079665 -0.91350681844403958 -0.89022058032969054 -0.87244064417016898 -0.90303571544107875 -0.92298805579086074 -0.88825929912775348 -0.91769236962839573 -0.91270713366779344 -0.87209665604276665 -0.90236103167037873 -0.91336702841526041 -0.93029372220029316 -0.93395277358737316 -0.91401366934045569 -0.91240719403045201 -0.91998173338478872
leaf_weight=140.53932151198387 85.272759009152651 45.683306476101279 118.48305629007518 64.803618296980858 49.338373666629195 69.728800673037767 84.731926510110497 57.39644149504602 52.336880503222346 43.465170133858919 150.52096158638597 70.973296139389277 101.3998101875186 199.83878181874752 50.309386366978288 62.381969980895519 84.916645552963018 742.34365802444518 107.19608493708074 40.851128380745649 229.40918322093785 97.491814482957125 105.67894933559 54.899746870622039 49.1420638859272 444.05589881911874 42.362125331535935 47.898317465558648 49.338852195069194 328.3712112493813 46.843694465234876 61.80203945748508 74.004441816359758 99.504426734521985 44.424129288643599 1065.4444006886333 57.50035591237247 382.10014404915273 52.409541979432106 144.43522736430168 148.21991657651961 99.160166861489415 93.299258001148701 201.28682882897556 69.337002681568265 57.051918856799603 220.22130283899605 50.971822410821915 86.128759942948818 216.76318152807653 74.10165324434638 68.548782074823976 167.99370369687676 99.23622827604413 59.426912179216743 283.00878338143229 50.551416078582406 68.281206447631121 43.175417879596353 324.25489984080195 65.210291709750891 47.418991291895509 111.52558126486838 59.708965118974447 47.601475674659014 63.418827412649989 41.823874382302165 82.099410030990839 68.115609794855118 274.10175949893892 81.750290950760245 71.392109822481871 44.360149256885052 117.43159852363169 146.48579985275865 180.21736578084528 638.45647020824254 88.380866505205631
leaf_count=1728 1229 458 1539 716 556 920 861 677 659 619 1808 718 1000 2320 576 680 809 8929 1380 566 2600 1076 1366 761 534 5597 490 593 623 3541 441 763 966 1400 582 13401 596 4507 712 732 1865 1301 1107 2230 798 791 2861 601 1095 2661 919 752 2043 1133 835 3491 532 880 533 3992 857 480 1188 639 625 794 587 1053 799 3360 1041 918 561 1448 1873 2389 7815 1121
internal_value=-0.912487 -0.912416 -0.912576 -0.91953 -0.928044 -0.911607 -0.921644 -0.916519 -0.911904 -0.910558 -0.914767 -0.912224 -0.915498 -0.912338 -0.919748 -0.90643 -0.895362 -0.904189 -0.897473 -0.910861 -0.922573 -0.903851 -0.915036 -0.921362 -0.91973 -0.912073 -0.889094 -0.885387 -0.901096 -0.927662 -0.889842 -0.924181 -0.912544 -0.911223 -0.90674 -0.911503 -0.908798 -0.910534 -0.909578 -0.907165 -0.908191 -0.904928 -0.897089 -0.911291 -0.908854 -0.90759 -0.911083 -0.918391 -0.901168 -0.894972 -0.91784 -0.905762 -0.919602 -0.910243 -0.922086 -0.918332 -0.909934 -0.901433 -0.892538 -0.927987 -0.918759 -0.909379 -0.914253 -0.905336 -0.895252 -0.888538 -0.944541 -0.896937 -0.905844 -0.918307 -0.891878 -0.885265 -0.899699 -0.92363 -0.928387 -0.909443 -0.909396 -0.903405
internal_weight=0 10469.6 10423.9 1277.68 597.583 9146.25 437.276 352.544 9029.67 6154.09 2875.58 2167.28 1555.73 4818.87 792.925 490.862 215.414 1335.22 535.376 4025.95 708.301 611.55 275.447 295.148 1064.87 680.094 328.676 286.313 540.577 478.892 116.572 667.36 168.674 206.701 93.7625 3874.08 799.844 3400.14 3018.04 1952.59 1808.16 443.085 192.459 250.626 1755.75 1556.56 1016.4 199.192 540.161 302.892 963.466 117.691 845.775 173.338 672.437 504.444 221.435 162.008 111.457 498.686 174.431 112.629 615.29 171.235 151.871 111.02 160.307 125.565 153.032 473.941 238.415 153.142 94.6695 169.768 201.386 237.269 947.059 308.602
internal_count=127997 126269 125811 15576 7436 110235 5310 4449 108874 75457 33417 25468 18413 58881 9867 5761 2288 16576 7051 49014 7949 7055 3473 3772 12652 8140 4271 3781 6337 5349 1361 8195 2103 2780 1138 47029 9525 41349 36842 23441 22709 5261 2408 2853 21997 19531 12595 2466 6936 3756 11652 1286 10366 2052 8314 6271 2780 1945 1413 6092 2100 1337 7424 1827 1985 1419 2126 1672 1608 5680 3188 1959 1137 2107 2634 3180 11797 3982
is_linear=0
shrinkage=1


end of trees

feature_importances:
Column_13=13
Column_16=11
Column_15=7
Column_29=7
Column_20=6
Column_7=5
Column_11=5
Column_18=5
Column_22=5
Column_5=3
Column_6=3
Column_8=2
Column_9=2
Column_17=2
Column_4=1
Column_33=1

parameters:
[boosting: gbdt]
[objective: binary]
[metric: auc]
[tree_learner: serial]
[device_type: cpu]
[data_sample_strategy: bagging]
[data: ]
[valid: ]
[num_iterations: 600]
[learning_rate: 0.0454652]
[num_leaves: 79]
[num_threads: 2]
[seed: 1337]
[deterministic: 0]
[force_col_wise: 0]
[force_row_wise: 0]
[histogram_pool_size: -1]
[max_depth: -1]
[min_data_in_leaf: 525]
[min_sum_hessian_in_leaf: 0.001]
[bagging_fraction: 0.774687]
[pos_bagging_fraction: 1]
[neg_bagging_fraction: 1]
[bagging_freq: 1]
[bagging_seed: 1337]
[feature_fraction: 0.515409]
[feature_fraction_bynode: 1]
[feature_fraction_seed: 1337]
[extra_trees: 0]
[extra_seed: 18955]
[early_stopping_round: 0]
[early_stopping_min_delta: 0]
[first_metric_only: 0]
[max_delta_step: 0]
[lambda_l1: 1.07292]
[lambda_l2: 4.08529]
[linear_lambda: 0]
[min_gain_to_split: 0]
[drop_rate: 0.1]
[max_drop: 50]
[skip_drop: 0.5]
[xgboost_dart_mode: 0]
[uniform_drop: 0]
[drop_seed: 17763]
[top_rate: 0.2]
[other_rate: 0.1]
[min_data_per_group: 100]
[max_cat_threshold: 32]
[cat_l2: 10]
[cat_smooth: 10]
[max_cat_to_onehot: 4]
[top_k: 20]
[monotone_constraints: ]
[monotone_constraints_method: basic]
[monotone_penalty: 0]
[feature_contri: ]
[forcedsplits_filename: ]
[refit_decay_rate: 0.9]
[cegb_tradeoff: 1]
[cegb_penalty_split: 0]
[cegb_penalty_feature_lazy: ]
[cegb_penalty_feature_coupled: ]
[path_smooth: 0]
[interaction_constraints: ]
[verbosity: -1]
[saved_feature_importance_type: 0]
[use_quantized_grad: 0]
[num_grad_quant_bins: 4]
[quant_train_renew_leaf: 0]
[stochastic_rounding: 1]
[linear_tree: 0]
[max_bin: 255]
[max_bin_by_feature: ]
[min_data_in_bin: 3]
[bin_construct_sample_cnt: 200000]
[data_random_seed: 4404]
[is_enable_sparse: 1]
[enable_bundle: 1]
[use_missing: 1]
[zero_as_missing: 0]
[feature_pre_filter: 1]
[pre_partition: 0]
[two_round: 0]
[header: 0]
[label_column: ]
[weight_column: ]
[group_column: ]
[ignore_column: ]
[categorical_feature: ]
[forcedbins_filename: ]
[precise_float_parser: 0]
[parser_config_file: ]
[objective_seed: 4113]
[num_class: 1]
[is_unbalance: 0]
[scale_pos_weight: 1]
[sigmoid: 1]
[boost_from_average: 1]
[reg_sqrt: 0]
[alpha: 0.9]
[fair_c: 1]
[poisson_max_delta_step: 0.7]
[tweedie_variance_power: 1.5]
[lambdarank_truncation_level: 30]
[lambdarank_norm: 1]
[label_gain: ]
[lambdarank_position_bias_regularization: 0]
[eval_at: ]
[multi_error_top_k: 1]
[auc_mu_weights: ]
[num_machines: 1]
[local_listen_port: 12400]
[time_out: 120]
[machine_list_filename: ]
[machines: ]
[gpu_platform_id: -1]
[gpu_device_id: -1]
[gpu_use_dp: 0]
[num_gpu: 1]

end of parameters

pandas_categorical:null
