tree
version=v4
num_class=1
num_tree_per_iteration=1
label_index=0
max_feature_idx=33
objective=binary sigmoid:1
feature_names=Column_0 Column_1 Column_2 Column_3 Column_4 Column_5 Column_6 Column_7 Column_8 Column_9 Column_10 Column_11 Column_12 Column_13 Column_14 Column_15 Column_16 Column_17 Column_18 Column_19 Column_20 Column_21 Column_22 Column_23 Column_24 Column_25 Column_26 Column_27 Column_28 Column_29 Column_30 Column_31 Column_32 Column_33
feature_infos=[0.22403052449226379:4.806818962097168] [0.027025075629353523:26.170040130615234] [0.17134076356887817:8.6935958862304688] [0.087584272027015686:1] [-28.67047119140625:41.262332916259766] [-36.190670013427734:42.326030731201172] [-36.841156005859375:62.500308990478516] [-45.158794403076172:63.120437622070312] [-22.455821990966797:30.680826187133789] [0:0.95389312505722046] [0:0.64536702632904053] [0:0.40022626519203186] [-0.51016271114349365:0.5480339527130127] [-0.15783818066120148:0.22172828018665314] [-46.22015380859375:17.161741256713867] [-8.3726015090942383:64.2962646484375] [0:1] [0:95] [0:95] [-1:1] [-29.775985717773438:44.984848022460938] [-30.712318420410156:55.0223388671875] [-2.5033562183380127:15.253066062927246] [0.049656935036182404:4.0791497230529785] [-1:1] [0:1] [0:1] [-1:1] [-1:1] [-0.78183150291442871:0.97492790222167969] [-0.90096884965896606:1] [0:1] [0:1] [0.99500000476837158:3]
tree_sizes=1730 1787 1783 1778 1799 1765 1808 1807

Tree=0
num_leaves=15
num_cat=0
split_feature=28 33 27 27 30 2 16 14 0 27 20 14 23 2
split_gain=114.294 129.496 85.7483 48.5599 36.5855 35.4699 43.7194 35.0191 30.3727 29.1936 42.3057 27.6122 38.6564 37.4789
threshold=-0.3317298144102096 1.497500002384186 -0.032717135734856122 -0.91080963611602772 0.81174489855766307 0.52029353380203258 0.26634790003299719 -2.5444455146789546 0.68157419562339794 -0.49049438536167139 0.21611012518405917 -6.3095524311065665 0.74882072210311901 0.52591371536254894
decision_type=2 8 2 2 2 8 10 10 10 2 8 10 10 8
left_child=11 -2 3 -3 5 6 -4 -7 -8 -5 -11 13 -13 -1
right_child=1 2 4 9 -6 7 8 -9 -10 10 -12 12 -14 -15
leaf_value=-1.0375504219106852 -1.0290697833590923 -1.0346397107372232 -1.0274233078387658 -1.0388279768863853 -1.0315360693814757 -1.0354381973400812 -1.0357621155578731 -1.0314614423006006 -1.0308663455272324 -1.0332763250340615 -1.038276703389843 -1.0263063928622407 -1.0317931058325009 -1.0326321474811182
leaf_weight=158.92641441337764 422.66550353169441 1255.7671954948455 142.28989168442786 755.25193687342107 635.41646897420287 1709.570923153311 289.46057498827577 244.77451025694609 221.19459727220237 328.98729310370982 324.58033763244748 144.26616299152374 1562.2819063961506 2561.2928165961057
leaf_count=1875 2252 16686 1972 9862 8499 22780 3798 3397 2739 4597 4136 1402 19970 33119
internal_value=-1.03353 -1.0344 -1.0348 -1.03614 -1.03368 -1.03422 -1.03223 -1.03491 -1.03356 -1.03744 -1.03572 -1.03229 -1.03128 -1.03294
internal_weight=0 6329.96 5907.29 2664.59 3242.71 2607.29 652.945 1954.35 510.655 1408.82 653.568 4426.77 1706.55 2720.22
internal_count=137084 80718 78466 35281 43185 34686 8509 26177 6537 18595 8733 56366 21372 34994
is_linear=0
shrinkage=1


Tree=1
num_leaves=15
num_cat=0
split_feature=0 27 33 22 2 12 14 15 7 22 27 15 27 15
split_gain=94.4594 77.5538 39.9246 40.4946 58.7659 37.3065 47.1518 42.3184 35.3152 30.3005 29.2528 31.6342 24.1868 20.1903
threshold=0.5904124677181245 -0.49049438536167139 1.497500002384186 -0.24800566583871839 0.90233540534973156 0.0019780101720243697 -7.0836362838745108 4.2300677299499521 5.2542169094085702 -0.36139674484729761 0.95688340067863475 8.3247985839843768 0.054511256515979774 21.687680244445804
decision_type=10 2 8 10 8 8 10 10 10 10 2 10 2 10
left_child=1 -1 9 4 10 6 7 12 -7 -2 11 -4 -3 -6
right_child=2 5 3 -5 13 8 -8 -9 -10 -11 -12 -13 -14 -15
leaf_value=-0.0077966673236698047 0.0054517641183633612 -0.0010588328741965285 -0.00014920111699518295 0.00079006561609018381 -0.0021219395779679667 -0.0048511057275501864 0.0045644499915017782 -0.0041025896585651766 0 0.00086443704601095938 -0.0026753209308781759 0.0027531245321112071 0.0055509807042866217 0.00084540371091851925
leaf_weight=222.8777664899826 256.43303383886814 105.65125763602555 729.48830116167665 4854.7810146752745 1821.201023818925 402.86008462309837 186.10637355782092 253.35427743755281 240.28179992549121 399.84997381269932 204.50913917459548 746.0929529350251 93.905389357358217 243.46832765452564
leaf_count=2581 1362 1529 9872 64847 24172 5520 2370 3269 3108 2127 2672 9422 1313 2967
internal_value=0 -0.00235677 0.000367376 0.000177795 -0.000605166 -0.00133921 0.000335231 -0.00136151 -0.00304957 0.00275994 0.000780091 0.0012976 0.00194599 -0.00175066
internal_weight=0 1505.04 9255.82 8599.54 3744.76 1282.16 639.017 452.911 643.142 656.283 1680.09 1475.58 199.557 2064.67
internal_count=137131 19690 117441 113952 49105 17109 8481 6111 8628 3489 21966 19294 2842 27139
is_linear=0
shrinkage=0.0101079


Tree=2
num_leaves=15
num_cat=0
split_feature=28 33 2 29 3 22 14 23 15 2 29 7 14 17
split_gain=109.621 128.892 93.7122 54.1129 49.0576 40.692 36.4533 36.1178 36.0816 35.2956 33.4515 27.4107 24.5647 31.0863
threshold=-0.22706275433301923 1.497500002384186 0.54125031828880321 -0.60785761475563038 0.22681293636560443 -0.69511631131172169 -6.5548269748687735 0.7518688738346101 18.298649787902836 0.54125031828880321 -1.0000000180025095e-35 5.3856530189514169 -15.874293327331541 62.500000000000007
decision_type=2 8 8 2 10 10 10 10 10 10 2 10 10 2
left_child=6 -2 4 -4 -3 8 9 -8 10 -1 -5 -6 13 -11
right_child=1 2 3 5 11 -7 7 -9 -10 12 -12 -13 -14 -15
leaf_value=-0.0035112228262017672 0.0045590507719944617 -0.0022207825951635423 0.0043123332829697611 0 0.0017879181617512238 -0.0013782321226262094 0.0063890406771193557 0.0016960646206835284 0.00051019606418298432 -0.00023277671449099352 -0.0046666049560670064 0.0068405845832722294 4.9147296363258196e-05 0.0036991113624916692
leaf_weight=208.76728814840317 397.80892226099968 220.82549301162362 128.42899363674223 188.19424368999898 474.26147190481424 3043.8743365127593 189.45036397874355 1751.8922430090606 186.95578050985932 310.06143516115844 1152.4061261415482 156.6555607765913 1864.7662710081786 506.47360023856163
leaf_count=2987 2113 2825 1717 2602 6430 39855 1872 22333 2534 4055 15485 2262 23578 6617
internal_value=0 -0.000923047 -0.00132888 -0.0018919 0.00171992 -0.00208194 0.001125 0.00219805 -0.00344399 0.000386334 -0.00402523 0.00317268 0.000713966 0.00216859
internal_weight=0 5949.41 5551.6 4699.86 851.743 4571.43 4831.41 1941.34 1527.56 2890.07 1340.6 630.917 2681.3 816.535
internal_count=137265 75823 73710 62193 11517 60476 61442 24205 20621 37237 18087 8692 34250 10672
is_linear=0
shrinkage=0.0101079


Tree=3
num_leaves=15
num_cat=0
split_feature=0 27 27 23 18 29 30 17 7 0 6 21 11 16
split_gain=94.3401 76.5422 28.0002 40.1376 48.0522 42.0408 38.453 41.3238 38.3944 40.7551 38.5262 34.9108 33.3219 26.6247
threshold=0.5904124677181245 0.054511256515979774 -0.71473535895347584 1.1487535834312441 84.500000000000014 -1.0000000180025095e-35 1.0000000180025095e-35 62.500000000000007 -6.1123704910278311 0.82151082158088695 -10.279909133911131 11.857415199279787 0.056447602808475501 0.19790197908878329
decision_type=10 2 2 10 2 2 2 2 10 10 10 10 10 8
left_child=1 -1 3 4 5 12 -4 11 10 -10 -9 -8 -2 -3
right_child=2 13 6 -5 -6 -7 7 8 9 -11 -12 -13 -14 -15
leaf_value=-0.0045852347170000345 0.0053872426927369568 0.004713455814882756 8.8757797410907586e-05 0.00073927542719873403 0.002548571792765169 -0.0035997987540609547 0.00011438014805258586 0 0.004074746375768031 -0.00084459054332283994 0.0066851797816834674 0.0056309958654581641 -0.0024177767413236283 -0.00078080658234773676
leaf_weight=752.67105283215642 100.82630450837314 96.787156337872148 3893.0191917456686 1309.4937349967659 206.02308791130781 873.90578288398683 1494.1342921294272 102.92175950668752 307.79232884384692 351.41042100638151 391.54654731601477 121.35306318104267 100.93412917479873 649.05271620862186
leaf_count=9726 1384 1351 49189 15951 2887 11444 19495 1317 3566 4394 4952 1350 1447 8585
internal_value=0 -0.00232829 0.000399221 -0.000481883 -0.00175793 -0.00263229 0.000748148 0.00165778 0.00312081 0.00141194 0.00526225 0.000578262 0.00134343 0
internal_weight=0 1498.51 9253.36 2591.18 1281.69 1075.67 6662.18 2769.16 1153.67 659.203 494.468 1615.49 201.76 745.84
internal_count=137038 19662 117376 33113 17162 14275 84263 35074 14229 7960 6269 20845 2831 9936
is_linear=0
shrinkage=0.0101079


Tree=4
num_leaves=15
num_cat=0
split_feature=0 27 15 2 13 0 13 14 29 13 3 2 2 18
split_gain=83.4084 76.2496 37.5294 29.8385 29.0497 28.5018 23.7754 29.848 23.6724 30.8504 30.5137 43.9298 27.331 28.3007
threshold=0.5904124677181245 0.054511256515979774 3.8591940402984624 1.9139180779457095 0.018309410661458973 1.6468513011932375 -0.072279095649719224 -25.4368782043457 1.0000000180025095e-35 0.042520795017480857 0.22351327538490298 0.63062384724617015 1.1976080536842348 84.500000000000014
decision_type=10 2 8 8 10 10 10 10 2 10 10 10 10 2
left_child=1 -1 -3 5 -5 6 7 -2 12 -10 -11 -12 -8 -14
right_child=3 2 -4 4 -6 -7 8 -9 9 10 11 -13 13 -15
leaf_value=-0.0044756250138641264 -0.0005273296561531985 0.0056361727153111342 -0.000837128204840283 -0.0022228666031076714 0.00044249868929644901 0.0026165595650790856 0.0017133807700826316 0.0053794018353511448 -0.00062600860054687075 -0.0029652850774785143 0.0081010184420249529 0.0011184089367967938 -0.0015545151402832427 0.0029180356852266482
leaf_weight=756.47324122861028 127.36782766319811 98.556228609755635 650.43037943355739 829.28567889891565 789.4997910503298 653.70525842905045 1789.8628157936037 203.57858940958977 3343.2108507119119 105.88623307272792 114.84027208946645 468.70986310206354 621.75174113735557 176.6519059818238
leaf_count=9743 1486 1376 8597 11815 9558 8216 23318 2653 41572 1408 1421 5722 7713 2143
internal_value=0 -0.0022287 9.40544e-06 0.000331249 -0.000902061 0.00059971 0.000401578 0.00302589 0.00026096 -0.000215053 0.00170469 0.00264791 0.00101666 -0.00049643
internal_weight=0 1505.46 748.987 9224.35 1618.79 7605.57 6951.86 330.946 6620.91 4032.65 689.436 583.55 2588.27 798.404
internal_count=136741 19716 9973 117025 21373 95652 87436 4139 83297 50123 8551 7143 33174 9856
is_linear=0
shrinkage=0.0101079


Tree=5
num_leaves=15
num_cat=0
split_feature=28 27 29 30 13 27 11 2 5 21 2 21 5 29
split_gain=108.444 84.1455 85.035 51.146 51.0911 50.2818 46.7428 37.0634 35.0455 33.1282 30.9107 44.6565 27.5068 25.9982
threshold=-0.24825246632099149 0.032717135734856136 -1.0000000180025095e-35 0.81174489855766307 0.089353948831558241 -0.91080963611602772 0.036867970600724227 0.60361647605896007 -4.0363335609436026 6.5054380893707284 0.52029353380203258 -1.9591678380966184 0.78832861781120311 0.87837970256805431
decision_type=2 2 2 2 10 2 8 8 8 10 8 10 8 2
left_child=-1 2 6 4 9 13 -2 -7 -9 10 11 -3 -5 -4
right_child=1 3 5 12 -6 7 -8 8 -10 -11 -12 -13 -14 -15
leaf_value=0.001127477406841544 0.0055411003318197784 0.0054895046365330824 -0.0022342720637716692 0.0044055201110297067 -0.0063779344540151111 0.00076202668347804484 -0.00062686323126223036 0 -0.0055316095628569701 0.0031070568020356679 -0.0012685685518556815 -0.00036644200551537762 0 0.0014725004673086482
leaf_weight=4762.9059074837714 174.11213725246489 181.50994564220309 709.00156359747052 388.52926813066006 131.87018504738808 114.83483547903597 373.29172580689192 131.75508362986147 1044.4146216195077 284.64324397221208 1570.365869699046 409.28701186925173 236.89754168689251 245.0387261249125
leaf_count=60523 2327 2503 9066 5032 1621 1714 4710 1803 12981 3663 20137 4833 2990 3114
internal_value=0 -0.000914055 -0.0021952 0.000192791 -0.000424669 -0.00306969 0.00131123 -0.00437838 -0.00491615 -6.83375e-05 -0.000514699 0.00141207 0.00277604 -0.00123597
internal_weight=0 5995.55 2792.45 3203.1 2577.68 2245.04 547.404 1291 1176.17 2445.81 2161.16 590.797 625.427 954.04
internal_count=137017 76494 35715 40779 32757 28678 7037 16498 14784 31136 27473 7336 8022 12180
is_linear=0
shrinkage=0.0101079


Tree=6
num_leaves=15
num_cat=0
split_feature=28 29 3 23 14 23 3 3 14 14 3 17 21 23
split_gain=97.0874 56.2771 54.0763 42.1947 30.9907 34.3463 28.3024 26.7451 51.2155 25.9873 30.4045 25.6698 24.2816 28.6162
threshold=-0.22706275433301923 -0.60785761475563038 0.42822875082492834 0.57200747728347789 -6.5548269748687735 0.70343834161758434 0.29388964176177984 0.20865205675363543 -14.743659973144529 -15.874293327331541 0.68511098623275768 21.500000000000004 6.1584346294403085 0.70343834161758434
decision_type=2 2 8 10 10 10 10 10 10 10 10 2 10 10
left_child=4 -2 7 11 6 -6 -1 8 -3 10 -8 -4 13 -9
right_child=1 2 3 -5 5 -7 9 12 -10 -11 -12 -13 -14 -15
leaf_value=-0.0023711026443527139 0.005208709229577506 0.0026141701766511554 0.00060948215313737133 -0.0011775185943243465 0.0075417983479207657 0.0016623055104063775 0.0038074207777635907 -0.00077415636212274869 -0.0060284666632442977 8.9745267452740634e-05 -0.00063552463847211464 -0.0045100738444151774 0.0037382858911773364 0.0021535079189678851
leaf_weight=328.50713319145143 141.27262936346233 103.88328149169683 98.762218624353409 3026.3569801319391 106.11486621759832 1836.8190957512707 477.69641710072756 925.10046724230051 166.08467044308782 1869.9592153634876 208.83526843599975 700.39071392640471 239.00937821529806 523.86310350894928
leaf_count=3957 1834 1356 1274 37908 986 23178 6294 12056 1982 24198 2756 9106 3286 6816
internal_value=0 -0.000885918 -0.00104845 -0.00174817 0.00104355 0.00203244 0.000359972 0.000299551 -0.00257647 0.00073272 0.00240546 -0.0038274 0.000792942 0.000262255
internal_weight=0 5924.72 5783.45 3825.51 4827.93 1942.93 2885 1957.94 269.968 2556.49 686.532 799.153 1687.97 1448.96
internal_count=136987 75618 73784 48288 61369 24164 37205 25496 3338 33248 9050 10380 22158 18872
is_linear=0
shrinkage=0.0101079


Tree=7
num_leaves=15
num_cat=0
split_feature=0 27 16 16 33 3 3 1 6 2 16 13 13 5
split_gain=80.4256 80.5189 35.8017 34.8307 33.4744 40.0242 49.302 48.9118 35.3085 25.7287 24.1424 31.4137 21.3218 20.8548
threshold=0.63429376482963573 -1.0000000180025095e-35 0.14459753781557086 0.77096164226531994 1.497500002384186 0.36191920936107641 0.22681293636560443 1.035726070404053 -2.4009231328964229 0.53623080253601085 0.63866019248962413 0.002618305967189372 0.065825205296278014 -3.961216807365417
decision_type=10 2 8 10 8 8 10 10 10 8 8 10 10 10
left_child=1 -1 -3 10 8 6 -6 9 -2 -7 11 -4 -5 -8
right_child=4 2 3 12 5 7 13 -9 -10 -11 -12 -13 -14 -15
leaf_value=-0.0041774169978934508 0.0056566999200807549 0.0052966079421581814 -0.0020231707779962546 0.0048287328668618094 -0.0016620481304294664 0.0027545968219198753 -0.001495486027511133 0.00090292775565964259 0.00064348497823657274 -0.0010705379108131854 -0.0044782571495233115 0.0029805051314807551 -0.00089663080731907643 0.0029406550631698248
leaf_weight=838.32371233776212 242.64369010925293 106.30579246208072 433.09550175257027 154.11414831876755 341.96632026322186 176.82164656184614 101.63581966422498 2787.8172909859568 393.06267933547497 3490.4546608440578 224.07574827410281 169.75660480186343 91.843605587258935 1208.6654032673687
leaf_count=10776 1280 1454 5801 2186 4387 2301 1316 37258 2088 46683 2657 2103 1260 15464
internal_value=0 -0.001797 -5.4587e-05 -0.000655954 0.0004381 0.000256205 0.00165748 -9.77377e-05 0.00266435 -0.000869747 -0.00167826 -0.000528204 0.00256847 0.00255916
internal_weight=0 2017.52 1179.19 1072.89 8743.07 8107.36 1652.27 6455.09 635.706 3667.28 826.928 602.852 245.958 1310.3
internal_count=137014 26237 15461 14007 110777 107409 21167 86242 3368 48984 10561 7904 3446 16780
is_linear=0
shrinkage=0.0101079


end of trees

feature_importances:
Column_27=12
Column_2=11
Column_14=9
Column_3=8
Column_0=7
Column_29=7
Column_13=6
Column_23=6
Column_15=5
Column_16=5
Column_21=4
Column_28=4
Column_33=4
Column_5=3
Column_7=3
Column_17=3
Column_22=3
Column_30=3
Column_6=2
Column_11=2
Column_18=2
Column_1=1
Column_12=1
Column_20=1

parameters:
[boosting: gbdt]
[objective: binary]
[metric: auc]
[tree_learner: serial]
[device_type: cpu]
[data_sample_strategy: bagging]
[data: ]
[valid: ]
[num_iterations: 600]
[learning_rate: 0.0101079]
[num_leaves: 15]
[num_threads: 2]
[seed: 42]
[deterministic: 0]
[force_col_wise: 0]
[force_row_wise: 0]
[histogram_pool_size: -1]
[max_depth: -1]
[min_data_in_leaf: 1280]
[min_sum_hessian_in_leaf: 0.001]
[bagging_fraction: 0.829452]
[pos_bagging_fraction: 1]
[neg_bagging_fraction: 1]
[bagging_freq: 1]
[bagging_seed: 42]
[feature_fraction: 0.727545]
[feature_fraction_bynode: 1]
[feature_fraction_seed: 42]
[extra_trees: 0]
[extra_seed: 12879]
[early_stopping_round: 0]
[early_stopping_min_delta: 0]
[first_metric_only: 0]
[max_delta_step: 0]
[lambda_l1: 4.00664]
[lambda_l2: 7.63247]
[linear_lambda: 0]
[min_gain_to_split: 0]
[drop_rate: 0.1]
[max_drop: 50]
[skip_drop: 0.5]
[xgboost_dart_mode: 0]
[uniform_drop: 0]
[drop_seed: 17869]
[top_rate: 0.2]
[other_rate: 0.1]
[min_data_per_group: 100]
[max_cat_threshold: 32]
[cat_l2: 10]
[cat_smooth: 10]
[max_cat_to_onehot: 4]
[top_k: 20]
[monotone_constraints: ]
[monotone_constraints_method: basic]
[monotone_penalty: 0]
[feature_contri: ]
[forcedsplits_filename: ]
[refit_decay_rate: 0.9]
[cegb_tradeoff: 1]
[cegb_penalty_split: 0]
[cegb_penalty_feature_lazy: ]
[cegb_penalty_feature_coupled: ]
[path_smooth: 0]
[interaction_constraints: ]
[verbosity: -1]
[saved_feature_importance_type: 0]
[use_quantized_grad: 0]
[num_grad_quant_bins: 4]
[quant_train_renew_leaf: 0]
[stochastic_rounding: 1]
[linear_tree: 0]
[max_bin: 255]
[max_bin_by_feature: ]
[min_data_in_bin: 3]
[bin_construct_sample_cnt: 200000]
[data_random_seed: 175]
[is_enable_sparse: 1]
[enable_bundle: 1]
[use_missing: 1]
[zero_as_missing: 0]
[feature_pre_filter: 1]
[pre_partition: 0]
[two_round: 0]
[header: 0]
[label_column: ]
[weight_column: ]
[group_column: ]
[ignore_column: ]
[categorical_feature: ]
[forcedbins_filename: ]
[precise_float_parser: 0]
[parser_config_file: ]
[objective_seed: 16083]
[num_class: 1]
[is_unbalance: 0]
[scale_pos_weight: 1]
[sigmoid: 1]
[boost_from_average: 1]
[reg_sqrt: 0]
[alpha: 0.9]
[fair_c: 1]
[poisson_max_delta_step: 0.7]
[tweedie_variance_power: 1.5]
[lambdarank_truncation_level: 30]
[lambdarank_norm: 1]
[label_gain: ]
[lambdarank_position_bias_regularization: 0]
[eval_at: ]
[multi_error_top_k: 1]
[auc_mu_weights: ]
[num_machines: 1]
[local_listen_port: 12400]
[time_out: 120]
[machine_list_filename: ]
[machines: ]
[gpu_platform_id: -1]
[gpu_device_id: -1]
[gpu_use_dp: 0]
[num_gpu: 1]

end of parameters

pandas_categorical:null
