tree
version=v4
num_class=1
num_tree_per_iteration=1
label_index=0
max_feature_idx=33
objective=binary sigmoid:1
feature_names=Column_0 Column_1 Column_2 Column_3 Column_4 Column_5 Column_6 Column_7 Column_8 Column_9 Column_10 Column_11 Column_12 Column_13 Column_14 Column_15 Column_16 Column_17 Column_18 Column_19 Column_20 Column_21 Column_22 Column_23 Column_24 Column_25 Column_26 Column_27 Column_28 Column_29 Column_30 Column_31 Column_32 Column_33
feature_infos=[0.22403052449226379:4.806818962097168] [0.027025075629353523:26.170040130615234] [0.17134076356887817:8.6935958862304688] [0.087584272027015686:1] [-28.67047119140625:41.262332916259766] [-36.190670013427734:42.326030731201172] [-36.841156005859375:62.500308990478516] [-45.158794403076172:63.120437622070312] [-22.455821990966797:30.680826187133789] [0:0.95389312505722046] [0:0.64536702632904053] [0:0.40022626519203186] [-0.51016271114349365:0.5480339527130127] [-0.15783818066120148:0.22172828018665314] [-46.22015380859375:17.161741256713867] [-8.3726015090942383:64.2962646484375] [0:1] [0:95] [0:95] [-1:1] [-29.775985717773438:44.984848022460938] [-30.712318420410156:55.0223388671875] [-2.5033562183380127:15.253066062927246] [0.049656935036182404:4.0791497230529785] [-1:1] [0:1] [0:1] [-1:1] [-1:1] [-0.78183150291442871:0.97492790222167969] [-0.90096884965896606:1] [0:1] [0:1] [0.99500000476837158:3]
tree_sizes=1725 1795 1794 1812 1814 1806 1816 1813 1819 1816 1819 1794 1788 1802 1813 1809

Tree=0
num_leaves=15
num_cat=0
split_feature=28 33 27 29 27 13 3 2 5 11 28 2 18 11
split_gain=102.756 127.123 93.79 71.0732 65.8306 38.9536 59.6846 68.5861 38.3719 32.134 27.5086 22.4377 21.7673 21.3856
threshold=-0.35222910344600672 1.497500002384186 -0.076279435306787477 -1.0000000180025095e-35 -0.91959547996520985 -0.075761299580335603 0.20865205675363543 0.52029353380203258 -4.4511368274688712 0.12833435833454135 0.33172981441020971 1.6612205505371096 80.500000000000014 0.058026932179927833
decision_type=2 8 2 2 2 8 10 8 8 10 2 10 2 8
left_child=-1 -2 3 11 12 -4 -7 10 -6 -9 -8 13 -5 -3
right_child=1 2 5 4 8 6 7 9 -10 -11 -12 -13 -14 -15
leaf_value=-1.0323550594220037 -1.0291570447084741 -1.0281863067327344 -1.0296113264761153 -1.0356930892750951 -1.0331280908541924 -1.0389592788238136 -1.0335335744902718 -1.0346736353719013 -1.0393004333628435 -1.0305598148225568 -1.028877018871148 -1.0347213891748881 -1.0316752723112641 -1.0339391538281604
leaf_weight=4331.41493553482 434.8033522516489 141.43846447020769 220.80428087711334 851.48073255829513 99.892197968438268 216.29897251911461 176.87083797156811 2165.0093944128603 1011.9171949457377 201.26023032143712 381.13310656882823 281.0909869838506 147.20054407045245 95.017750399187207
leaf_count=55224 2317 2257 3017 11236 1490 2748 2222 29159 13135 2406 5219 3120 2080 1471
internal_value=-1.03353 -1.03437 -1.03476 -1.03619 -1.03701 -1.03363 -1.03393 -1.03353 -1.03871 -1.0343 -1.03038 -1.0329 -1.03505 -1.0306
internal_weight=0 6424.22 5989.41 2628.04 2110.49 3361.38 3140.57 2924.27 1111.81 2366.27 558.004 517.547 998.681 236.456
internal_count=137101 81877 79560 34789 27941 44771 41754 39006 14625 31565 7441 6848 13316 3728
is_linear=0
shrinkage=1


Tree=1
num_leaves=15
num_cat=0
split_feature=28 33 2 22 3 28 7 21 23 28 30 17 7 28
split_gain=99.8949 133.334 75.4778 50.7355 43.7809 29.7461 28.0899 25.887 22.6985 19.6038 19.5475 27.157 25.8437 19.9153
threshold=-0.35222910344600672 1.497500002384186 0.54125031828880321 -0.7772650122642516 0.22681293636560443 0.33172981441020971 5.3856530189514169 8.16693162918091 0.70012906193733226 0.9015902876853944 1.0000000180025095e-35 20.500000000000004 -12.145382881164549 0.45201864838600164
decision_type=2 8 8 10 10 2 10 10 8 2 2 2 8 2
left_child=8 -2 4 7 -3 -6 9 -4 -1 -7 11 -5 -12 -13
right_child=1 2 3 10 5 6 -8 -9 -10 -11 12 13 -14 -15
leaf_value=0.0044103711333974187 0.0045315917799460623 -0.0022182051858804191 -0.0040080711377777365 7.6950971613252213e-06 -0.00016689019778906962 0.0044246000391085713 0.0086406675491000201 0.00032682390627709673 0.00095463517639811813 -0.00024505130684773297 0.0025167090331250151 -0.001331565417334226 -0.00084970644173505824 -0.0036981277829425956
leaf_weight=205.4519051425159 428.07809150218964 230.20519258081913 1119.997965388 617.96550333127379 212.4159213155508 204.65384681336582 111.42176769673824 140.12170367129147 4137.7281739767641 133.27454168908298 273.11602454818785 909.04548790119588 1305.0571126136929 720.50419866479933
leaf_count=1899 2276 2949 15336 7855 2689 2716 1678 1862 53422 1969 3720 12265 16919 9349
internal_value=0 -0.000849006 -0.00124637 -0.0017255 0.00143193 0.00277299 0.00423093 -0.00349503 0.00113487 0.00250102 -0.00112628 -0.00173317 -0.000232273 -0.00241504
internal_weight=0 6405.86 5977.78 5085.81 891.971 661.766 449.35 1260.12 4343.18 337.928 3825.69 2247.52 1578.17 1629.55
internal_count=136904 81583 79307 67306 12001 9052 6363 17198 55321 4685 50108 29469 20639 21614
is_linear=0
shrinkage=0.0101079


Tree=2
num_leaves=15
num_cat=0
split_feature=28 2 0 17 3 14 2 23 14 5 3 3 3 20
split_gain=107.453 67.2527 65.3202 51.1017 32.446 31.6684 36.1861 35.2689 31.5613 31.4273 26.0188 24.8499 24.0986 24.4094
threshold=-0.22706275433301923 0.54125031828880321 0.57845059037208568 11.500000000000002 0.34301775693893438 -6.5548269748687735 0.54125031828880321 0.70343834161758434 -16.020523071289059 -2.0787039995193477 0.23819272220134738 0.79051619768142711 0.22681293636560443 -0.061573132872581475
decision_type=2 8 10 2 10 10 10 10 10 10 10 10 10 10
left_child=5 12 3 -3 10 6 -1 -7 9 -8 -4 -10 13 -2
right_child=1 2 4 -5 -6 7 8 -9 11 -11 -12 -13 -14 -15
leaf_value=-0.0035298051717761211 -0.0046175758813816132 0.0027690821178594678 -0.0025950901974718713 -0.0043984789193803608 -0.0011493135286754807 0.0077425527849220351 0.00091584109301470025 0.0017153118012068927 -0.00058020890961491683 0.0053309810529998339 0.0028394283266597168 0.0022762890561071041 0.0025167691208817611 0.0016853734415397989
leaf_weight=211.08769856952131 106.63916280120611 101.36479644104838 102.89800852537155 948.88808475248516 3489.203410750255 103.44788534194231 543.51820092834532 1821.808061607182 1495.6339416839182 252.56014438346028 384.97052543982863 384.6907316762954 680.91551940701902 121.33613331057131
leaf_count=3015 1376 1324 1352 12375 43852 973 7049 23163 18910 3358 5019 4949 8962 1496
internal_value=0 -0.000947757 -0.00140943 -0.00365343 -0.00080082 0.00108285 0.000393987 0.00208941 0.000727702 0.00240428 0.00158917 0 0.00155219 -0.00114512
internal_weight=0 5936.22 5027.32 1050.25 3977.07 4812.75 2887.49 1925.26 2676.4 796.078 487.869 1880.32 908.891 227.975
internal_count=137173 75756 63922 13699 50223 61417 37281 24136 34266 10407 6371 23859 11834 2872
is_linear=0
shrinkage=0.0101079


Tree=3
num_leaves=15
num_cat=0
split_feature=28 33 27 29 27 13 3 2 5 2 7 21 13 13
split_gain=89.4132 131.963 104.78 77.2001 44.6931 40.3609 59.6718 66.5444 32.1705 28.9995 25.6528 24.7326 24.2923 24.1045
threshold=-0.22706275433301923 1.497500002384186 -0.032717135734856122 -1.0000000180025095e-35 -0.91080963611602772 -0.075761299580335603 0.20865205675363543 0.52029353380203258 -4.4511368274688712 1.0622845292091372 9.1031589508056658 8.6400213241577166 0.035555833950638778 0.018309410661458973
decision_type=2 8 2 2 2 8 10 8 8 10 10 10 10 10
left_child=10 -2 3 9 -5 -4 -7 13 -6 -3 -1 -9 -10 -8
right_child=1 2 5 4 8 6 7 11 12 -11 -12 -13 -14 -15
leaf_value=0.00051863141940257894 0.0046655534644871226 0.0048630831921580861 0.0042239475248116642 -0.0018753327767431576 6.2186645710429072e-05 -0.0055983447616284217 0.0015744725419514194 -0.0011942700296417048 -0.0064670541308450595 -0.00065262828164449227 0.0022581271178923343 0.001977918369647628 -0.0024417637137619172 0.0064601477582994461
leaf_weight=3654.0775749441236 395.79280017316341 120.85992682352662 202.307795856148 857.09025421366096 99.152162248268723 199.03643660247326 367.51042550988495 1851.1457404382527 795.64650333300233 365.67641337588429 1174.8340689465404 275.07104036211967 250.23600210435688 162.56967282481492
leaf_count=46934 2101 2008 2743 11429 1463 2571 4684 25104 10252 4465 14523 3282 3346 2365
internal_value=0 -0.000896819 -0.00130692 -0.00284372 -0.00372184 -3.89091e-05 -0.000365545 2.62631e-05 -0.0050473 0.000689519 0.000953105 -0.000759295 -0.00556708 0.0032186
internal_weight=0 5942.1 5546.3 2488.66 2002.12 3057.64 2855.33 2656.3 1145.03 486.536 4828.91 2126.22 1045.88 530.08
internal_count=137270 75813 73712 32963 26490 40749 38006 35435 15061 6473 61457 28386 13598 7049
is_linear=0
shrinkage=0.0101079


Tree=4
num_leaves=15
num_cat=0
split_feature=0 27 33 3 23 3 27 12 14 15 20 6 29 12
split_gain=89.146 74.8043 51.7006 38.9083 66.1488 52.967 46.6393 34.7664 43.2328 33.7698 31.8841 30.2837 29.5237 29.0731
threshold=0.5904124677181245 -0.49049438536167139 1.497500002384186 0.36191920936107641 1.0865490436553957 0.22681293636560443 -0.50938662886619557 0.0019780101720243697 -7.0836362838745108 4.2300677299499521 1.7934994697570803 -2.5300322771072383 1.0000000180025095e-35 0.0059456347953528174
decision_type=10 2 8 10 10 10 2 8 10 10 10 10 2 10
left_child=1 -1 11 5 6 -4 12 8 9 -3 -9 -2 -5 -14
right_child=2 7 3 4 -6 -7 -8 10 -10 -11 -12 -13 13 -15
leaf_value=-0.0075953244687522372 0.0058991611599474398 0.0015934447943809814 -0.0017171647959211202 -0.00073159448491281814 0.00098218180003889098 0.002363915919672267 -0.00031349093116568344 -0.0044932656448783128 0.0043679568923400526 -0.0038012420084245053 0.00015622594608058105 0.0012426250500988522 -0.0060110307292564101 -0.0015233208502489892
leaf_weight=224.84461695887148 245.08430297672749 202.90239538997412 400.49919343553483 489.75416306965053 2810.5299929231405 1448.552551785484 2789.4397967923433 428.13301499560475 187.46403723582625 247.34941008687019 204.54489369317889 409.31000931560993 374.13913922570646 299.13003695942461
leaf_count=2623 1294 2877 5098 6894 38000 18567 36004 5828 2358 3201 2733 2175 5152 4344
internal_value=0 -0.00228343 0.000370329 0.000155985 -0.000194359 0.00145473 -0.00104148 -0.00127186 0.000338423 -0.00129568 -0.00294289 0.00309567 -0.00273951 -0.00411607
internal_weight=0 1495.24 9266.44 8612.04 6762.99 1849.05 3952.46 1270.39 637.716 450.252 632.678 654.394 1163.02 673.269
internal_count=137148 19620 117528 114059 90394 23665 52394 16997 8436 6078 8561 3469 16390 9496
is_linear=0
shrinkage=0.0101079


Tree=5
num_leaves=15
num_cat=0
split_feature=33 23 27 6 2 23 27 14 15 2 12 16 17 23
split_gain=78.9169 77.2491 71.5766 47.7828 32.176 51.4886 32.1553 31.7307 33.0586 26.4772 26.3663 38.8253 33.8404 29.51
threshold=1.497500002384186 0.64493340253829967 -0.49049438536167139 -2.925504088401794 0.91262024641036998 1.0865490436553957 -0.50938662886619557 -16.505522727966305 23.41594219207764 4.2894840240478525 0.0039334234315902003 0.77096164226531994 11.500000000000002 0.499035194516182
decision_type=8 10 2 10 8 10 2 10 10 8 8 10 2 10
left_child=3 2 -2 -1 -3 6 -6 -8 -9 -7 11 -4 -12 -14
right_child=1 4 10 -5 5 9 7 8 -10 -11 12 -13 13 -15
leaf_value=0.0067649575539937045 -0.0059905669095236752 0.0010316173011678891 -0.00063032773494822107 0.0011850490261351367 -0.0029100792845968356 0.0010636181948905186 0.0023300113414792315 -0.0018336510654470351 0.0028054745654939846 -0.0030789836871502416 0.00099321310685830991 0.0057434963166928567 -0.0059128105197907427 -0.0014509246763984346
leaf_weight=245.08385162055492 365.88857251033187 2987.632098114118 845.29587855003774 487.1451700925827 854.18351009488106 2191.8084400258958 318.77991258539259 1115.5189611371607 169.44692801311612 158.28418548963964 216.88777836225927 102.43606101348996 285.69520636834204 394.34517369419336
leaf_count=1290 4589 39230 11690 2589 12042 29153 4319 14107 1970 2264 3069 1475 4197 5019
internal_value=0 -0.000262566 -0.00192869 0.00315796 0.000206117 -0.000299248 -0.0013261 -0.000447526 -0.00117761 0.000758363 -0.00107979 5.65808e-05 -0.00231564 -0.00342914
internal_weight=0 10006.2 2210.55 732.229 7795.65 4808.02 2457.93 1603.75 1284.97 2350.09 1844.66 947.732 896.928 680.04
internal_count=137003 133124 30039 3879 103085 63855 32438 20396 16077 31417 25450 13165 12285 9216
is_linear=0
shrinkage=0.0101079


Tree=6
num_leaves=15
num_cat=0
split_feature=28 33 27 29 27 30 13 2 11 11 20 14 23 2
split_gain=96.7174 120.641 85.4036 86.786 52.0799 40.0846 35.162 45.2074 30.877 29.776 30.8557 29.2733 42.0826 37.0445
threshold=-0.24825246632099149 1.497500002384186 -0.032717135734856122 -1.0000000180025095e-35 -0.91959547996520985 0.81174489855766307 0.089353948831558241 0.52029353380203258 0.058026932179927833 0.050793839618563659 3.0451871156692509 -6.9678828716278067 0.70012906193733226 0.52591371536254894
decision_type=2 8 2 2 2 2 8 8 8 10 10 10 10 10
left_child=11 -2 3 8 -5 6 7 -4 -3 -9 -11 13 -13 -1
right_child=1 2 5 4 -6 -7 -8 9 -10 10 -12 12 -14 -15
leaf_value=-0.0041476114069040823 0.0044551607345102223 0.0040709206568479046 0.0020304113868756385 -0.0015445691918351372 -0.004937764008548424 0.0022243429250924534 -0.0055966824555048504 -0.002513293141614486 -0.00088550970659105469 -0.00082543324197301008 0.0037493902444055102 0.0081827390424865244 0.0016525331895257205 0.00072220490793777124
leaf_weight=161.04427129216492 403.42078517377377 205.95494651608169 594.87966320104897 854.12818428128958 1155.4388170149177 610.10733624733984 132.05185145512223 854.00442640669644 294.12988836690784 726.07568234205246 181.36047671362758 103.80598902702332 1935.0450252853334 2548.6189852077514
leaf_count=2368 2131 3003 7725 11467 15306 8136 1665 11215 3615 10132 2381 964 24405 32572
internal_value=0 -0.000811962 -0.0012036 -0.00258701 -0.00352693 -6.64569e-05 -0.000649432 -0.000337874 0.00110649 -0.0011659 6.8282e-05 0.00111629 0.00203408 0.000407035
internal_weight=0 6011.55 5608.13 2509.65 2009.57 3098.48 2488.37 2356.32 500.085 1761.44 907.436 4748.51 2038.85 2709.66
internal_count=137085 76776 74645 33391 26773 41254 33118 31453 6618 23728 12513 60309 25369 34940
is_linear=0
shrinkage=0.0101079


Tree=7
num_leaves=15
num_cat=0
split_feature=0 27 33 27 23 18 29 6 12 20 11 22 2 15
split_gain=84.4654 68.2289 48.6548 35.8838 40.0863 48.6823 37.9401 27.8271 27.6516 32.979 23.6202 22.7314 24.6336 29.5395
threshold=0.57845059037208568 -0.49049438536167139 0.9962500035762788 -0.71473535895347584 1.1416357755661013 84.500000000000014 -1.0000000180025095e-35 -2.4009231328964229 0.0019780101720243697 1.7934994697570803 0.058026932179927833 0.50406989455223095 0.92891258001327526 23.722790718078617
decision_type=10 2 10 2 10 2 2 10 8 10 10 10 8 10
left_child=1 -1 3 4 5 6 10 -4 -3 -10 -2 12 -5 -14
right_child=2 8 7 11 -6 -7 -8 -9 9 -11 -12 -13 13 -15
leaf_value=-0.0078417860924563081 0.0043903084394168049 0.00010086323560603238 0.005644321508222196 0.00081392704898246673 0.00031765311744744759 0.0021684578205934326 -0.0041561656158632561 0.0011805524705433743 -0.0045583846093433401 0.00037481736471615739 -0.0024039396589081025 0.0016061198864576653 -0.0010531318419203341 0.0027386572817680475
leaf_weight=194.55107235908508 90.315470611676574 589.19189411401749 244.95573446154594 2696.4416975155473 1222.5092449896038 194.85857558622956 796.73116245679557 412.30343958735466 397.48779227212071 186.7851679828018 98.912055261433125 1481.2990167420357 1922.93892179057 223.63262585178018
leaf_count=2267 1350 7876 1284 35096 15453 2859 11046 2186 5449 2464 1402 20350 25308 2633
internal_value=0 -0.00236878 0.000312658 0.000106946 -0.000936691 -0.0022631 -0.00318962 0.00295077 -0.0013823 -0.00292838 0.000677621 0.00051059 0.000165159 -0.000630995
internal_weight=0 1368.02 9384.9 8727.64 2403.33 1180.82 985.959 657.259 1173.46 584.273 189.228 6324.31 4843.01 2146.57
internal_count=137023 18056 118967 115497 32110 16657 13798 3470 15789 7913 2752 83387 63037 27941
is_linear=0
shrinkage=0.0101079


Tree=8
num_leaves=15
num_cat=0
split_feature=28 33 22 14 14 13 14 23 14 0 29 0 15 16
split_gain=102.913 107.268 40.7973 35.6131 31.4105 31.003 28.7075 34.6113 23.4867 23.6726 22.956 26.8072 19.8198 23.878
threshold=-0.24825246632099149 1.497500002384186 -1.0327818989753721 -29.344094276428219 -22.970543861389157 -0.074059594422578798 -6.5548269748687735 0.7518688738346101 -15.874293327331541 2.0858482122421269 -0.60785761475563038 0.64801299571990978 3.2407195568084721 0.76713833212852489
decision_type=2 8 10 10 10 10 10 10 8 10 2 10 10 10
left_child=6 -2 -3 -4 -5 -6 8 -8 -1 -10 -7 12 -12 -14
right_child=1 2 3 4 5 10 7 -9 9 -11 11 -13 13 -15
leaf_value=0.0018231314446270973 0.0040436805795862644 -0.0037748940211622421 0.0047626099440756442 -0.0051155487658385524 0.0035625361136168649 0.0032322432288684378 0.0062449445006312965 0.0015565602105692244 -0.00048092128771117914 0.0037716205993330279 0.00099729272016153771 -0.00064961554927019842 -0.0036337882332805006 -0.00027618943174715564
leaf_weight=850.52662885934114 405.39046213030815 600.44088114611804 98.601446438580751 187.77160162851214 141.43760338239372 111.21977765858173 180.48019064217806 1734.1485157925636 1869.3829843495041 135.50192439556122 138.00982557609677 3080.9731468893588 906.52828009054065 320.59797406755388
leaf_count=11064 2135 8596 1206 2755 1876 1456 1782 22050 24007 1595 1997 40420 11546 4673
internal_value=0 -0.000906358 -0.00127789 -0.000963713 -0.00109478 -0.000917464 0.00108183 0.00204261 0.000419724 -0.000160172 -0.0010711 -0.00119319 -0.00238006 -0.00279651
internal_weight=0 5990.97 5585.58 4985.14 4886.54 4698.77 4770.04 1914.63 2855.41 2004.88 4557.33 4446.11 1365.14 1227.13
internal_count=137158 76660 74525 65929 64723 61968 60498 23832 36666 25602 60092 58636 18216 16219
is_linear=0
shrinkage=0.0101079


Tree=9
num_leaves=15
num_cat=0
split_feature=22 33 22 3 3 13 30 2 0 0 2 2 31 5
split_gain=88.0634 47.1889 42.3214 50.4271 40.7514 43.2987 33.0529 31.4354 30.8192 28.2644 23.6357 22.4105 20.8795 20.5001
threshold=-0.97724848985671986 1.497500002384186 0.50406989455223095 0.42822875082492834 0.21224471181631091 -0.059091463685035699 -0.56174489110708226 0.60361647605896007 0.78112438321113598 0.5904124677181245 0.91806316375732433 0.53623080253601085 1.0000000180025095e-35 -3.961216807365417
decision_type=10 8 10 10 10 10 2 8 10 10 10 10 2 10
left_child=7 6 3 4 5 -3 -2 -1 -5 11 -10 -6 -7 -11
right_child=1 2 -4 8 9 12 -8 -9 10 13 -12 -13 -14 -15
leaf_value=0.00055624017184124257 -4.3660522933651417e-05 0.0029305657284144008 0.0013440569404679855 -0.0022127867591917672 0.0019287919907468489 -0.0061183220241990462 0.0042714260450423727 -0.0042832348060026573 0.0012130561960330159 -0.0015096640317338662 -0.00089488694141686559 -0.0028177885846353513 -0.00036724960044861357 0.0020714970166430761
leaf_weight=154.88262171857059 262.07715421915054 112.53265630826354 1984.9523492623121 1438.5928169842809 143.48469652608037 190.44313762150705 471.71486228704453 624.76291782781482 691.96029542014003 160.52701661735773 2293.5545497406274 271.53142700344324 120.61261950619519 1825.0656580906361
leaf_count=2299 1384 1483 26715 18938 2064 2392 2484 8750 10290 2131 29943 3591 1307 23231
internal_value=0 0.00023686 3.53734e-05 -0.000318466 0.000727296 -0.00210295 0.00269107 -0.00327432 -0.000995285 0.00124859 -0.000390946 -0.00107572 -0.00407761 0.00175698
internal_weight=0 9967.05 9233.26 7248.3 2824.2 423.588 733.792 779.646 4424.11 2400.61 2985.51 415.016 311.056 1985.59
internal_count=137002 125953 122085 95370 36199 5182 3868 11049 59171 31017 40233 5655 3699 25362
is_linear=0
shrinkage=0.0101079


Tree=10
num_leaves=15
num_cat=0
split_feature=28 33 27 29 27 14 30 5 13 14 14 3 3 12
split_gain=93.6659 107.641 93.9193 66.9913 44.368 36.4626 34.8337 34.0382 31.1096 29.4138 28.2885 30.5045 27.8435 27.3556
threshold=-0.22706275433301923 1.497500002384186 -0.032717135734856122 -1.0000000180025095e-35 -0.91080963611602772 -14.218025684356688 0.81174489855766307 -4.4511368274688712 0.089353948831558241 -6.5548269748687735 -2.5444455146789546 0.36942084133625036 0.29388964176177984 -0.025724658742547032
decision_type=2 8 2 2 2 10 2 8 8 10 10 10 10 10
left_child=9 -2 3 5 -5 -3 8 -6 10 12 11 13 -1 -4
right_child=1 2 6 4 7 -7 -8 -9 -10 -11 -12 -13 -14 -15
leaf_value=-0.0023075504930929686 0.0041470064039745534 -0.0038856144550186147 -0.0030205224607554276 -0.0016551393998761972 0.00047049922940322253 0.0022913698540551744 0.0021528928588867521 -0.0053736072879571493 -0.005260240111879865 0.0020338035206956049 0.0029081822352911876 -0.001783908143831511 0.00077162980506567918 0.0014567482351091794
leaf_weight=327.6799642983824 402.96133296191692 122.53188625350595 157.7785763964057 846.13673271052539 97.679526634514332 363.10707358643413 598.94019638746977 1026.897231169045 128.71020928025246 1944.1566203814 245.18132991716266 1130.5935473311692 2566.3108417596668 786.60562921874225
leaf_count=3956 2115 1541 2508 11379 1463 4919 8027 13566 1648 24124 3511 14920 33354 10029
internal_value=0 -0.000825891 -0.00120254 -0.00267006 -0.00349924 0.000614741 -2.84595e-06 -0.00483048 -0.00055163 0.00106937 -0.000256632 -0.000659323 0.000403871 0.00064797
internal_weight=0 5907.12 5504.16 2456.35 1970.71 485.639 3047.81 1124.58 2448.87 4838.15 2320.16 2074.98 2893.99 944.384
internal_count=137060 75626 73511 32868 26408 6460 40643 15029 32616 61434 30968 27457 37310 12537
is_linear=0
shrinkage=0.0101079


Tree=11
num_leaves=15
num_cat=0
split_feature=28 2 22 0 30 15 5 15 13 14 23 2 28 14
split_gain=97.3617 64.2327 55.1005 49.1335 27.5696 24.6579 23.6637 23.1719 22.8952 21.8258 35.2687 31.4796 21.2082 20.0162
threshold=-0.24825246632099149 0.94460314512252819 -0.5842909812927245 0.58643564581871044 0.81174489855766307 18.858356475830082 -2.8410652875900264 3.7359132766723637 0.0017970562912523749 -6.5548269748687735 0.7518688738346101 0.56683930754661571 0.26932403445243841 -15.874293327331541
decision_type=2 8 10 10 2 10 8 10 10 10 10 10 2 10
left_child=9 3 5 7 12 6 -3 -2 -6 11 -11 -1 -5 -13
right_child=1 2 -4 4 8 -7 -8 -9 -10 10 -12 13 -14 -15
leaf_value=-0.0028053387006863207 0.0020215002566400073 -0.0010626272525198009 -0.00075738597476506279 -0.0012108843605500778 0.00094808089867106531 0 -0.0050337191600233044 -0.0023885163542209714 0.0066270196884305153 0.0061928875594628521 0.0014524483252465142 0.0021926281309601753 0.0013097906758641668 0.00024319761012801374
leaf_weight=252.15573899447918 128.64124782010913 231.29844083823264 1948.5243146494031 456.45523681119084 173.43963409028947 180.77167176827788 771.32491895742714 761.27634096704423 153.10233815945685 178.87883189320564 1741.5279986038804 797.96979301050305 1182.6843897569925 1805.1603865046054
leaf_count=3539 1762 3118 24161 5865 2358 2282 10142 10074 2004 1746 22049 10376 14855 22764
internal_value=0 -0.00083481 -0.00183425 0.000249158 0.00115262 -0.00355714 -0.00417265 -0.00169414 0.00382244 0.00109862 0.00193778 0.000516417 0.000580901 0.000860956
internal_weight=0 5987.52 3131.92 2855.6 1965.68 1183.4 1002.62 889.918 326.542 4775.69 1920.41 2855.29 1639.14 2603.13
internal_count=137095 76621 39703 36918 25082 15542 13260 11836 4362 60474 23795 36679 20720 33140
is_linear=0
shrinkage=0.0101079


Tree=12
num_leaves=15
num_cat=0
split_feature=0 27 15 33 20 3 3 23 2 29 27 12 7 27
split_gain=74.7319 69.1097 41.8389 39.0531 44.5326 35.8774 53.1298 49.5296 39.0657 37.4701 26.874 28.7926 25.7633 25.5567
threshold=0.5904124677181245 0.054511256515979774 3.8591940402984624 1.497500002384186 -0.41470012068748469 0.36191920936107641 0.22681293636560443 1.0865490436553957 0.53623080253601085 1.0000000180025095e-35 -0.41268247365951533 0.007314543006941677 -5.1154885292053214 -0.49049438536167139
decision_type=10 2 8 8 10 10 10 10 10 2 2 10 10 2
left_child=1 13 -3 4 -2 6 -5 8 -7 -10 11 -11 -12 -1
right_child=3 2 -4 5 -6 7 -8 -9 9 10 12 -13 -14 -15
leaf_value=-0.0072441778397163313 0.0054411420432239014 0.0059959679782363154 -0.00086140894066812567 -0.0017938171192959187 0.00010616512556947578 0.0027038139156422497 0.0023155220594460748 0.00083281349466249592 0 -0.0056492801399764311 0.0010692103937174568 -0.0011926627964449809 -0.002004802590341229 -0.0028402602406189057
leaf_weight=219.58531781286001 310.67960000038147 97.773475596681237 647.45922485925257 395.61344272457063 353.90978135168552 269.18178344331682 1443.7652384079993 2819.3727512601763 1537.9869099780917 371.47115449979901 346.53058734536171 295.96020544692874 1112.1475761085749 523.81951108947396
leaf_count=2603 1624 1362 8582 5068 1866 3992 18500 38001 20488 5167 4845 4245 13506 7109
internal_value=0 -0.0020907 3.61423e-05 0.0003438 0.00269385 0.000155086 0.001406 -0.000180867 -0.000917954 -0.00120012 -0.00206703 -0.0037689 -0.00124514 -0.0042554
internal_weight=0 1488.64 745.233 9256.62 664.589 8592.03 1839.38 6752.65 3933.28 3664.1 2126.11 667.431 1458.68 743.405
internal_count=136958 19656 9944 117302 3490 113812 23568 90244 52243 48251 27763 9412 18351 9712
is_linear=0
shrinkage=0.0101079


Tree=13
num_leaves=15
num_cat=0
split_feature=28 33 27 29 27 13 3 2 14 14 23 2 28 14
split_gain=84.3649 116.816 80.9979 64.4398 58.6168 37.8477 55.3209 56.6982 30.7486 29.2728 46.4032 31.4837 26.3945 26.2669
threshold=-0.3317298144102096 1.497500002384186 -0.032717135734856122 -1.0000000180025095e-35 -0.91959547996520985 -0.075761299580335603 0.20865205675363543 0.52029353380203258 -13.851647377014158 -6.5548269748687735 0.71693548560142528 0.54125031828880321 0.31107263267040258 -15.874293327331541
decision_type=2 8 2 2 2 8 10 8 10 10 10 8 2 8
left_child=9 -2 3 8 -5 -4 -7 12 -3 11 -11 -1 -8 -13
right_child=1 2 5 4 -6 6 7 -9 -10 10 -12 13 -14 -15
leaf_value=-0.0036324133281810185 0.0042791251055609748 -0.0032108523878355689 0.003993937923920738 -0.0012831234059410435 -0.0047459727745451366 -0.0052099319657128709 -0.0001628404644369203 -0.00062828535806951069 0.0022121105275139195 0.008537613713125506 0.0016678569160551479 0.0022971742064518152 0.0044285508835316461 2.0097654814549965e-05
leaf_weight=171.32873324677348 438.03139854967594 135.07710666023195 217.39459789358079 969.73301479965448 1136.9649973101914 210.39521683007479 165.49523287266493 2264.8337596636266 388.58468088135123 104.06067294813693 1688.9119242541492 754.84458717890084 379.84443174488842 1727.0499011799693
leaf_count=2070 2295 1723 2921 12988 15277 2708 2069 30289 5252 948 21266 9946 5128 22095
internal_value=0 -0.000693485 -0.00107663 -0.00239142 -0.00318153 0 -0.000302621 6.35298e-05 0.000711015 0.00112275 0.00212356 0.00042706 0.00297894 0.000733836
internal_weight=0 6306.35 5868.32 2630.36 2106.7 3237.96 3020.57 2810.17 523.662 4446.2 1792.97 2653.22 545.34 2481.89
internal_count=136975 80650 78355 35240 28265 43115 40194 37486 6975 56325 22214 34111 7197 32041
is_linear=0
shrinkage=0.0101079


Tree=14
num_leaves=15
num_cat=0
split_feature=0 27 15 28 2 30 15 15 7 28 14 14 13 7
split_gain=80.7926 60.2785 30.6421 27.1381 49.2744 30.1228 26.6657 30.1141 25.7086 24.5083 29.6238 24.3475 24.2956 33.3017
threshold=0.5904124677181245 0.032717135734856136 3.7996246814727788 -0.3317298144102096 0.94460314512252819 1.0000000180025095e-35 18.858356475830082 10.205822944641115 5.2542169094085702 0.89194178581237804 -12.655672550201414 -4.1268696784973136 -0.0027484220918267961 -5.6757428646087638
decision_type=10 2 8 2 8 2 10 10 10 2 10 10 10 10
left_child=1 -1 -3 -2 5 -5 7 9 -4 10 -6 -10 13 -7
right_child=3 2 8 4 6 12 -8 -9 11 -11 -12 -13 -14 -15
leaf_value=-0.0042166609914342087 0.0009760068340026435 0.0048954819922110183 -0.0026510435047612801 1.6061320258643384e-05 -0.002391389153421805 0.0032257985909893362 0.00086918201162721376 -0.0031241192265003526 -0.00083766509097978666 0.0027549021299064168 0.00074141843428104513 0.0049777331645414237 0.0041971794130316979 -0.0024258405614246727
leaf_weight=719.3989371471107 4415.3459127433598 98.258976437151432 387.08229366131127 1239.6974448487163 753.55508077703416 227.72612412273884 583.48874812573195 773.13258462585509 181.17748607881367 179.42694443836808 487.40421452559531 105.73498675972223 430.22138382308185 181.75569377094507
leaf_count=9439 55985 1383 5385 15711 9809 3215 6942 9786 2040 2257 6119 1497 5285 2314
internal_value=0 -0.00212602 -0.000104329 0.000402245 -0.000111795 0.00105321 -0.000999178 -0.00151586 -0.0009393 -0.000600089 -0.00113149 0.00124142 0.00252267 0.000621641
internal_weight=0 1491.65 772.254 9271.75 4856.41 2079.4 2777.01 2193.52 673.995 1420.39 1240.96 286.912 839.703 409.482
internal_count=137167 19744 10305 117423 61438 26525 34913 27971 8922 18185 15928 3537 10814 5529
is_linear=0
shrinkage=0.0101079


Tree=15
num_leaves=15
num_cat=0
split_feature=28 27 30 0 2 23 16 5 5 2 5 16 16 11
split_gain=86.2239 71.0107 57.9806 47.8986 35.4922 28.0193 27.0131 25.1138 23.3957 21.5395 20.9506 19.6759 21.0315 19.1955
threshold=-0.24825246632099149 -0.032717135734856122 0.81174489855766307 0.69160878658294689 0.86208581924438488 0.98118141293525707 0.16431635618209842 0.99323478341102611 0.78832861781120311 1.1225841045379641 -2.8410652875900264 0.58153966069221508 0.25822250545024877 0.068972010165452971
decision_type=2 2 2 10 8 8 10 10 10 8 10 10 8 10
left_child=11 3 6 9 -5 8 10 -8 13 -2 -3 12 -1 -4
right_child=1 2 5 4 -6 -7 7 -9 -10 -11 -12 -13 -14 -15
leaf_value=0.001446510397914773 -0.0022327854423480611 -0.00050728465815841404 0.0074717874242030725 0.0030368354336075916 -0.0015000196579978381 -0.0016718145798252939 -0.0018663937982434432 0.00020051405795208847 0.000516670044324044 -0.0054831725240325757 0.0042303432849124592 0.0017288765786467614 -0.00037457946200887549 0.0022922380828564529
leaf_weight=1118.9367885906249 524.51635170914233 150.97692809067667 194.97599635273218 187.90610026195645 1473.505185585469 100.72129389643669 1238.5059050098062 1095.5875132493675 181.7230920586735 455.41532204300165 196.37830445915461 2191.590095795691 1465.4068158380687 174.90002258867025
leaf_count=14809 6901 2130 2615 2524 18846 1108 15928 13319 2440 5819 2814 26763 18919 2175
internal_value=0 -0.000800238 0.000169822 -0.00203685 -0.000951095 0.00286299 -0.000476557 -0.000881433 0.00377498 -0.00381509 0.00209043 0.00102016 0.000400206 0.00522572
internal_weight=0 5975.11 3333.77 2641.34 1661.41 652.32 2681.45 2334.09 551.599 979.932 347.355 4775.93 2584.34 369.876
internal_count=137110 76619 42529 34090 21370 8338 34191 29247 7230 12720 4944 60491 33728 4790
is_linear=0
shrinkage=0.0101079


end of trees

feature_importances:
Column_2=23
Column_27=21
Column_14=19
Column_28=18
Column_3=16
Column_23=13
Column_33=12
Column_0=11
Column_13=11
Column_15=10
Column_5=9
Column_29=9
Column_30=7
Column_7=6
Column_11=6
Column_12=6
Column_22=6
Column_16=5
Column_20=5
Column_6=3
Column_17=3
Column_18=2
Column_21=2
Column_31=1

parameters:
[boosting: gbdt]
[objective: binary]
[metric: auc]
[tree_learner: serial]
[device_type: cpu]
[data_sample_strategy: bagging]
[data: ]
[valid: ]
[num_iterations: 600]
[learning_rate: 0.0101079]
[num_leaves: 15]
[num_threads: 2]
[seed: 1337]
[deterministic: 0]
[force_col_wise: 0]
[force_row_wise: 0]
[histogram_pool_size: -1]
[max_depth: -1]
[min_data_in_leaf: 1280]
[min_sum_hessian_in_leaf: 0.001]
[bagging_fraction: 0.829452]
[pos_bagging_fraction: 1]
[neg_bagging_fraction: 1]
[bagging_freq: 1]
[bagging_seed: 1337]
[feature_fraction: 0.727545]
[feature_fraction_bynode: 1]
[feature_fraction_seed: 1337]
[extra_trees: 0]
[extra_seed: 18955]
[early_stopping_round: 0]
[early_stopping_min_delta: 0]
[first_metric_only: 0]
[max_delta_step: 0]
[lambda_l1: 4.00664]
[lambda_l2: 7.63247]
[linear_lambda: 0]
[min_gain_to_split: 0]
[drop_rate: 0.1]
[max_drop: 50]
[skip_drop: 0.5]
[xgboost_dart_mode: 0]
[uniform_drop: 0]
[drop_seed: 17763]
[top_rate: 0.2]
[other_rate: 0.1]
[min_data_per_group: 100]
[max_cat_threshold: 32]
[cat_l2: 10]
[cat_smooth: 10]
[max_cat_to_onehot: 4]
[top_k: 20]
[monotone_constraints: ]
[monotone_constraints_method: basic]
[monotone_penalty: 0]
[feature_contri: ]
[forcedsplits_filename: ]
[refit_decay_rate: 0.9]
[cegb_tradeoff: 1]
[cegb_penalty_split: 0]
[cegb_penalty_feature_lazy: ]
[cegb_penalty_feature_coupled: ]
[path_smooth: 0]
[interaction_constraints: ]
[verbosity: -1]
[saved_feature_importance_type: 0]
[use_quantized_grad: 0]
[num_grad_quant_bins: 4]
[quant_train_renew_leaf: 0]
[stochastic_rounding: 1]
[linear_tree: 0]
[max_bin: 255]
[max_bin_by_feature: ]
[min_data_in_bin: 3]
[bin_construct_sample_cnt: 200000]
[data_random_seed: 4404]
[is_enable_sparse: 1]
[enable_bundle: 1]
[use_missing: 1]
[zero_as_missing: 0]
[feature_pre_filter: 1]
[pre_partition: 0]
[two_round: 0]
[header: 0]
[label_column: ]
[weight_column: ]
[group_column: ]
[ignore_column: ]
[categorical_feature: ]
[forcedbins_filename: ]
[precise_float_parser: 0]
[parser_config_file: ]
[objective_seed: 4113]
[num_class: 1]
[is_unbalance: 0]
[scale_pos_weight: 1]
[sigmoid: 1]
[boost_from_average: 1]
[reg_sqrt: 0]
[alpha: 0.9]
[fair_c: 1]
[poisson_max_delta_step: 0.7]
[tweedie_variance_power: 1.5]
[lambdarank_truncation_level: 30]
[lambdarank_norm: 1]
[label_gain: ]
[lambdarank_position_bias_regularization: 0]
[eval_at: ]
[multi_error_top_k: 1]
[auc_mu_weights: ]
[num_machines: 1]
[local_listen_port: 12400]
[time_out: 120]
[machine_list_filename: ]
[machines: ]
[gpu_platform_id: -1]
[gpu_device_id: -1]
[gpu_use_dp: 0]
[num_gpu: 1]

end of parameters

pandas_categorical:null
