tree
version=v4
num_class=1
num_tree_per_iteration=1
label_index=0
max_feature_idx=33
objective=binary sigmoid:1
feature_names=Column_0 Column_1 Column_2 Column_3 Column_4 Column_5 Column_6 Column_7 Column_8 Column_9 Column_10 Column_11 Column_12 Column_13 Column_14 Column_15 Column_16 Column_17 Column_18 Column_19 Column_20 Column_21 Column_22 Column_23 Column_24 Column_25 Column_26 Column_27 Column_28 Column_29 Column_30 Column_31 Column_32 Column_33
feature_infos=[0.22403052449226379:4.806818962097168] [0.027025075629353523:26.170040130615234] [0.17134076356887817:8.6935958862304688] [0.087584272027015686:1] [-28.67047119140625:41.262332916259766] [-36.190670013427734:42.326030731201172] [-36.841156005859375:62.500308990478516] [-45.158794403076172:63.120437622070312] [-22.455821990966797:30.680826187133789] [0:0.95389312505722046] [0:0.64536702632904053] [0:0.40022626519203186] [-0.51016271114349365:0.51874518394470215] [-0.15599349141120911:0.22172828018665314] [-46.22015380859375:17.161741256713867] [-8.3726015090942383:64.2962646484375] [0:1] [0:95] [0:95] [-1:1] [-29.775985717773438:44.984848022460938] [-30.525325775146484:55.0223388671875] [-2.8409864902496338:15.253066062927246] [0.049656935036182404:5.4310722351074219] [-1:1] [0:1] [0:1] [-1:1] [-1:1] [-0.78183150291442871:0.97492790222167969] [-0.90096884965896606:1] [0:1] [0:1] [0.8888888955116272:4.5999999046325684]
tree_sizes=8582 8716 8647

Tree=0
num_leaves=79
num_cat=0
split_feature=29 13 22 16 15 15 13 15 20 20 33 11 11 11 18 22 22 29 33 15 15 29 7 18 11 5 16 18 5 18 13 15 13 13 17 13 6 29 9 11 9 33 15 7 9 4 16 6 6 18 29 22 13 17 13 7 6 20 33 7 13 16 22 6 29 16 15 7 13 13 22 17 20 15 15 13 17 18
split_gain=42.9565 44.7473 77.6305 36.9284 35.1857 35.9614 40.4431 35.006 31.8912 27.801 24.2427 24.0812 18.4016 17.3574 20.9014 25.1007 17.2718 16.3072 15.8531 19.2034 16.4987 19.4439 24.2449 22.4724 17.0682 19.0509 17.4375 15.7887 15.5644 15.1953 16.7836 18.2876 17.577 13.3508 12.4949 12.4575 12.2169 16.6648 20.8135 21.0898 19.3583 19.4789 21.4447 23.8875 18.3517 14.6957 27.5822 15.685 12.8642 12.6299 12.0507 31.8829 13.5338 14.8141 11.6115 11.8432 11.3963 11.3641 10.8919 10.8809 23.3126 16.4735 12.4647 10.6894 10.1489 14.4664 10.0369 16.543 10.8335 13.0761 9.92696 12.9028 9.46614 8.83907 8.71819 8.54663 23.6011 12.112
threshold=-0.60785761475563038 -0.025848273187875744 -0.33984407782554621 0.80448037385940563 2.6437041759490971 12.277359485626222 -0.086213365197181688 13.392527103424074 2.1780241727828984 -0.94419777393341053 1.6250000000000002 0.11435291543602945 0.042527653276920326 0.079198878258466734 58.500000000000007 -0.63693603873252858 0.25903423130512243 1.0000000180025095e-35 0.94700106978416454 16.967271804809574 12.366096019744875 0.87837970256805431 5.8718070983886728 27.500000000000004 0.019116247072815899 1.8937562108039858 0.74167564511299144 60.500000000000007 2.4303733110427861 32.500000000000007 0.016342053189873699 6.2966020107269296 -0.01232789736241102 -0.0094572077505290491 37.500000000000007 -0.036129990592598908 0.53593727946281444 1.0000000180025095e-35 0.25052060186862951 0.14954157173633578 0.38016758859157568 0.9590476155281068 17.55391883850098 14.507936954498293 0.21614047139883044 1.6756929755210879 0.95005548000335704 7.6682643890380868 5.437242031097413 84.500000000000014 0.87837970256805431 -0.81015247106552113 -0.0080971769057214243 65.500000000000014 0.00040184031240642076 8.4822993278503436 -2.6896473169326778 1.6605959534645083 0.99736112356185924 12.611235141754152 0.04675747640430928 0.67451339960098278 0.14171276241540912 1.9977994561195376 0.6078576147556306 0.86016640067100536 20.349747657775882 12.267863273620607 0.078256513923406615 0.044195286929607398 -0.37737703323364252 54.500000000000007 2.1400506496429448 10.142063617706301 8.5885610580444354 0.0032804155489429836 41.500000000000007 79.500000000000014
decision_type=2 2 2 2 2 2 2 2 2 2 8 2 2 2 2 2 2 2 10 2 2 2 2 2 2 2 2 2 2 2 2 2 2 2 2 2 2 2 2 2 2 10 2 2 2 2 2 2 2 2 2 2 2 2 2 2 2 2 10 2 2 2 2 2 2 2 2 2 2 2 2 2 2 2 2 2 2 2
left_child=-1 2 4 9 58 6 -6 8 12 50 11 13 -5 14 28 63 35 -12 56 20 21 22 29 -23 -22 34 -27 -24 -8 74 31 33 -33 -31 -26 -4 64 38 39 -38 41 -39 44 -44 48 46 47 57 -43 -41 59 -52 -53 -54 -10 -56 -11 -45 -2 60 61 -3 -61 -16 65 -9 67 -40 69 -68 -62 -72 -37 -25 -20 76 77 -34
right_child=1 3 16 7 5 -7 10 36 54 18 17 -13 -14 -15 15 -17 -18 -19 19 -21 24 23 27 73 25 26 -28 -29 -30 30 -32 32 75 -35 -36 72 37 40 66 49 -42 42 43 45 -46 -47 -48 -49 -50 -51 51 52 53 -55 55 -57 -58 -59 -60 62 70 -63 -64 -65 -66 -67 68 -69 -70 -71 71 -73 -74 -75 -76 -77 -78 -79
leaf_value=-0.89201397525656145 -0.85883169246875224 -0.86927497639255191 -0.86995575932256464 -0.85525050596548735 -0.87575141781745636 -0.88538752179236868 -0.84331445327127652 -0.8354663489598172 -0.87926607536537837 -0.85381894695310345 -0.84455184348311907 -0.81907221201740965 -0.81907876410615221 -0.86026597227195156 -0.80825671898115725 -0.85329276173349089 -0.87698006302896925 -0.86963389829550086 -0.89479960605681086 -0.85892542393113025 -0.90579602271319215 -0.86243397061494165 -0.84581477240318625 -0.88456911096817592 -0.8735900388062986 -0.85138460613380906 -0.88300266819239048 -0.86980237597236332 -0.86964026807022088 -0.86855489839335254 -0.89138299539641586 -0.87740853873794433 -0.87898725354622576 -0.89609707291890917 -0.89713725233540564 -0.85185435943341048 -0.88264759443489027 -0.87354354289561764 -0.86948388279307043 -0.87825585746921342 -0.87559118894788623 -0.86563115678991231 -0.83823230245472735 -0.86044719691931204 -0.85431619808974735 -0.87138139939911552 -0.83194400585125472 -0.85013248888733295 -0.88880377459294835 -0.84935070793774958 -0.82638058549009896 -0.87930184607155093 -0.86845890941190296 -0.84991962663662235 -0.84783299332727624 -0.87172401790111553 -0.87112679997225717 -0.883750614130967 -0.87978331134846643 -0.89027820481326336 -0.83973839826873364 -0.89152603762141169 -0.86240062015722752 -0.83728306617720094 -0.86983134324301736 -0.86743338309079954 -0.86062428209492059 -0.84125246910872031 -0.85509316553623449 -0.88896479287650298 -0.84575713272814068 -0.87668874029158583 -0.87386459938789141 -0.90424609900221331 -0.87283042260841304 -0.86977880757616399 -0.83406677794241446 -0.85321797147128442
leaf_weight=148.26428962312639 80.150279806926847 1537.352866249159 473.42097685113549 60.971845626831055 98.339002318680286 54.252273788675666 116.32782682031393 69.645079433917999 58.57768296636641 82.23257222212851 84.252889780327678 90.034801505506039 71.202493418008089 135.20663283020258 80.518107362091541 87.755631387233734 494.81636113114655 126.73668382689357 116.06984972208738 111.98674712330103 72.235641159117222 71.069446370005608 98.044536970555782 219.2976151034236 79.559262290596962 65.588984049856663 70.570742778480053 118.74043593555689 69.387455321848392 72.074778892099857 82.685140877962112 164.61568495631218 67.244800634682178 78.247076831758022 144.03517674654722 167.53023814223707 449.60001690126956 250.45714604854584 83.645233102142811 48.356586830690503 280.79276593960822 85.290903836488724 137.60132885724306 89.751011528074741 97.810326039791107 149.84873875230551 81.161015421152115 129.22062967717648 101.7779106348753 69.888206260278821 43.890876520425081 106.5512396954 218.57095151953399 140.61251352913678 109.3322878908366 62.291085921227932 828.24603959545493 74.604727759957314 123.0164740011096 98.687482574954629 68.296887373551726 68.428075416013598 43.265090154483914 78.918124035000801 65.870522385463119 54.087535278871655 48.649906937032938 77.132360532879829 54.879025226458907 83.68529112264514 46.515394758433104 55.910502806305885 46.707856345921755 73.718089699745178 65.892496109008789 101.14643277972937 73.60919413715601 74.444657444953918
leaf_count=1791 2000 19249 6290 671 1360 607 904 830 601 1970 2006 681 570 1065 596 761 6225 2916 951 914 532 534 782 1704 605 532 571 977 518 556 647 1295 559 646 1181 2088 4730 5939 897 511 3088 715 1041 646 761 1077 570 1012 777 775 604 1363 2639 1816 1245 626 19035 529 1037 1199 866 710 517 542 925 620 626 777 689 903 490 768 584 602 524 857 605 590
internal_value=-0.868071 -0.867701 -0.862246 -0.869279 -0.854237 -0.850805 -0.848751 -0.865202 -0.852042 -0.87153 -0.845618 -0.841293 -0.834522 -0.845225 -0.840756 -0.831972 -0.870519 -0.859588 -0.874507 -0.876753 -0.877841 -0.875462 -0.872387 -0.884575 -0.885719 -0.881175 -0.868071 -0.858963 -0.853229 -0.875715 -0.872581 -0.869908 -0.865645 -0.88357 -0.889222 -0.865915 -0.867088 -0.867998 -0.872784 -0.878147 -0.864995 -0.862452 -0.859457 -0.854984 -0.869724 -0.859667 -0.854869 -0.861779 -0.878157 -0.861516 -0.867951 -0.861747 -0.865517 -0.861213 -0.862719 -0.856665 -0.869454 -0.870859 -0.871263 -0.869583 -0.868573 -0.870311 -0.881527 -0.821198 -0.856104 -0.848592 -0.864156 -0.855907 -0.871094 -0.878278 -0.852838 -0.862782 -0.856895 -0.890113 -0.887385 -0.859332 -0.854261 -0.865746
internal_weight=0 10712.9 2407.37 8305.57 1224.9 1021.73 967.477 2946.13 362.375 5359.44 869.138 658.149 132.174 568.114 432.907 247.192 1182.48 210.99 2931.36 2020.88 1908.89 1476.9 1112.82 364.085 431.99 359.754 136.16 216.785 185.715 896.03 714.068 631.383 481.061 150.322 223.594 687.659 2583.76 2394.15 915.837 567.845 1478.32 1197.52 947.067 662.187 284.879 524.586 374.737 293.576 187.069 118.245 2428.08 509.626 465.735 359.183 230.201 171.623 910.479 164.356 203.167 1918.46 1776.5 1605.78 141.953 159.436 189.603 123.733 347.992 160.778 187.214 132.335 170.723 102.426 214.238 293.016 181.962 316.445 215.299 141.689
internal_count=131512 129721 30180 99541 14993 11956 11349 32151 3713 67390 9989 5067 1241 4386 3321 1899 15187 4922 37169 16164 15250 11829 8989 2840 3421 2889 1103 1759 1422 7230 5755 5108 3906 1202 1786 8962 28438 26063 9908 6016 16155 13067 7128 4875 2253 3834 2757 2187 1492 1286 30221 6422 5818 4455 2472 1871 21005 1175 3037 23799 22083 19959 1716 1138 2375 1450 3892 1674 2218 1529 2124 1258 2672 2306 1475 2611 1754 1149
is_linear=0
shrinkage=1


Tree=1
num_leaves=79
num_cat=0
split_feature=28 16 16 16 21 22 12 7 17 28 20 21 22 20 28 17 6 4 12 10 20 18 12 2 16 7 12 12 28 21 21 16 2 1 18 16 4 21 20 2 28 22 21 2 2 10 2 7 22 21 20 20 20 12 21 17 28 20 28 22 28 10 28 2 16 10 28 7 7 7 21 17 10 16 16 17 20 21
split_gain=39.9718 21.9737 28.3167 20.8394 46.7199 59.9805 25.6916 23.8788 19.5441 18.9937 19.66 27.4756 18.3324 30.5222 17.4301 17.258 16.8949 16.478 15.2215 14.7653 14.4866 13.8983 13.5841 13.0231 13.0874 12.8962 12.084 22.5946 26.2037 21.3419 14.6039 16.7227 12.0874 11.8383 11.8357 15.5308 11.4255 11.1133 22.3766 10.9186 10.7859 11.9265 10.7051 19.0238 13.5369 13.8484 17.0101 20.0638 12.9345 10.6017 10.4609 10.3405 15.1162 18.1173 16.7757 12.0215 10.0106 12.4241 9.72479 9.64161 9.57359 10.9649 9.37044 12.0486 9.35384 9.33581 8.7106 18.4362 14.1233 14.1144 13.9731 19.3412 10.3632 8.70238 12.3227 8.60204 8.51946 12.5716
threshold=-0.92794367671012867 0.34663207828998571 0.15454717725515368 0.82189884781837474 -0.6283910572528838 -0.29484708607196802 0.060717733576893813 0.1236131899058819 89.500000000000014 -0.05451125651597976 0.72827216982841503 10.669281482696535 -0.81015247106552113 1.1904687881469729 -0.35222910344600672 56.500000000000007 15.729030132293703 0.85240367054939281 0.13220555335283282 0.031875453889369972 2.0985360145568852 74.500000000000014 0.036890441551804549 0.76405534148216259 0.33831833302974706 -15.372850894927977 -0.015817716717720028 -0.040712470188736909 0.098011311143636717 1.3328645229339602 2.114995121955872 0.68881821632385265 0.40533997118473059 0.65878525376319896 9.5000000000000018 0.67085614800453197 -1.6959453821182249 1.1580931544303896 0.42328166961669927 1.0438235998153689 0.6835516393184663 -0.93200686573982228 12.674641609191896 1.2284935712814333 2.5290697813034062 0.15184250473976138 1.6135540008544924 14.102659702301027 -0.40332627296447748 3.8855909109115605 1.6228762269020083 2.6943783760070805 0.78941315412521373 0.034699304029345519 0.86654078960418712 2.5000000000000004 -0.81279832124710072 2.9324306249618535 0.79989895224571239 -0.065710164606571184 0.56457334756851207 0.10288481414318086 0.35222910344600683 2.6968964338302617 0.061582561582326896 0.20967397838830951 0.20576497167348864 -2.2559832334518428 -21.465914726257321 -15.372850894927977 -3.6822972297668453 64.500000000000014 0.1470175236463547 0.29116222262382513 0.17292100936174395 52.500000000000007 0.36547625064849859 10.475625038146974
decision_type=2 2 2 2 2 2 2 2 2 2 2 2 2 2 2 2 2 2 2 2 2 2 2 2 2 2 2 2 2 2 2 2 2 2 2 2 2 2 2 2 2 2 2 2 2 2 2 2 2 2 2 2 2 2 2 2 2 2 2 2 2 2 2 2 2 2 2 2 2 2 2 2 2 2 2 2 2 2
left_child=1 2 -1 4 5 12 9 14 15 76 21 22 13 23 37 -4 20 -18 19 49 -8 -11 -12 24 58 65 27 28 -9 -29 31 50 -32 39 -31 -36 -21 38 -6 -25 41 -34 43 48 45 -45 -47 -48 -22 -3 -28 52 -16 54 -54 -53 -14 64 -2 -40 -30 -62 63 -19 -58 -7 67 72 -68 -70 71 -71 -66 74 -41 -23 -5 -78
right_child=3 18 8 6 7 25 16 26 -10 10 11 -13 56 -15 51 -17 17 62 -20 36 42 75 -24 33 -26 -27 30 29 60 34 32 -33 40 -35 35 -37 -38 -39 59 73 -42 -43 -44 44 -46 46 47 -49 -50 -51 -52 55 53 -55 -56 -57 57 -59 -60 -61 61 -63 -64 -65 66 -67 68 -69 69 70 -72 -73 -74 -75 -76 -77 77 -79
leaf_value=-0.012396124128361845 0.0044580310211881783 -0.0064943642987968352 0.020915780796470974 0.020162119698502654 -0.012503507585676362 -0.014816315029250621 0.014845665907389673 -0.019140252767030595 0.040364565560136699 0.01580390318600396 0.016613188767468569 -0.0042458588854540694 0.02160624380198322 0.038521761129190889 -0.018866570904028684 -0.008852178598681126 0.030876258096827525 0.030040914068975657 0.013375277648919104 -0.00042080823922052344 -0.024024272530232836 -0.024012960643248888 0.03485070609034234 0.032689464257980042 0.019181761447393544 -0.00016075846824732849 -0.0091303253242824671 0.024038445286606053 0.020575037858138363 0.021159992298925023 0.020398069645513002 -0.025301431661107276 0.021809465516823872 -0.0044889492939864445 0.013999267116995119 -0.012220441659682689 -0.016450153312715484 -0.0097049701435300371 0.034155968369049168 0.0047613911919695221 -0.0094466590153312411 -0.00045141617731203105 -0.012218621830295085 -0.0072436606666793531 -0.016751760307985916 -0.0011371142736886306 0.031091500872799754 0.0042409798068659904 -0.0016642819779732801 0.016443549532266278 0.0068800335917078683 -0.0086646692695239152 0.034105526577562627 -0.012772742898449312 -0.0053911075381078075 -0.034432700938645575 -0.0084968156707697379 -0.018227044031439019 -0.021143874149733375 0.0036201813627915504 -0.014317312375208528 0.014958559987385029 -0.01267942369898422 -0.0043478861038391643 0.011900646004006241 0 -0.010966344551524652 -0.014093918292957364 0.031922544180461802 -0.016748374768180561 0.016539180713079318 0.0099563825271066393 -0.0087420184189268522 -0.0039575894019845629 0.034324765780246159 0.0026004615178051816 0.004041343788570506 -0.01760213962225211
leaf_weight=135.04369856975973 55.891262140125036 159.82356926612556 75.242965502664447 48.841246830299497 66.666553270071745 243.35123167932034 96.166442049667239 148.53739015385509 42.321641346439719 70.747338773682714 234.47105598635972 77.928827652707696 80.55582157894969 102.09319678135216 207.4631530046463 75.658719219267368 65.111290203407407 36.049955200403929 48.879611512646079 113.67539324052632 97.433474471792579 43.852486429736018 164.70641267113388 92.8416454102844 48.558362916111946 1493.4301399830729 359.64465972781181 149.63886140845716 60.776353674009442 49.568590147420764 49.875123541802168 108.60475436411798 48.696559473872185 42.817756183445454 67.434437051415443 127.5099749583751 680.96021499857306 170.3941225297749 48.978723149746656 72.59001805819571 271.45596276596189 814.2452426161617 211.98849719204009 118.02967352047563 55.437461948022246 159.04930056072772 115.03079346567392 123.5407243128866 125.27582381293178 51.569176936522126 103.04297932609916 73.007924672216177 40.760474158450961 111.67873376235366 38.63489200733602 100.97157640196383 78.48686657845974 40.46601478010416 55.403633467853069 44.238568995147943 57.536019247025251 41.710053455084562 45.470281084999442 38.103947885334492 238.19592908024788 140.58229104243219 53.193931685760617 105.36699987016618 66.796258725225925 75.987888477742672 286.83142451383173 180.36451878398657 57.45892739482224 44.397490341216326 52.659039387479424 45.172920618206263 360.46921164914966 61.148339366540313
leaf_count=1899 791 1969 1064 635 900 3282 963 1795 469 880 2341 891 961 1035 2587 894 1035 406 541 1362 853 504 1525 1212 625 18861 4370 1806 736 645 749 1264 646 428 833 1511 8120 2134 574 1018 3510 10107 2088 1336 647 1615 1232 1122 1261 508 1339 817 589 1271 522 1058 1181 487 677 544 742 513 551 696 2932 1714 754 1251 845 1010 3673 2521 684 564 556 562 4092 678
internal_value=0 -0.00696173 0.0031685 0.00130069 5.13274e-05 0.00357501 0.00496327 -0.00382153 0.0143253 0.0100293 0.0151426 0.0197374 0.00942565 0.016253 -0.0101369 0.00583613 0.000547652 0.013143 -0.0101602 -0.0114015 -0.00156053 0.000974098 0.024536 0.0109687 0.000118026 -0.00211315 -0.00146946 0.00352086 -0.00554989 0.0107284 -0.00349823 -0.00944622 -0.000565267 0.0164157 0.00212547 -0.00280434 -0.0142321 -0.00162036 0.00672534 0.0200253 -0.00159968 0.000845366 -0.00323119 -0.000719636 0.00361634 0.00601443 0.010105 0.0176939 -0.0119182 -0.00046662 -0.00543122 -0.0149191 -0.0104798 -0.000919479 0.0149783 -0.0243404 0.00627999 0.00512464 -0.00816144 0.0209262 0.00693027 -0.00143653 0.00239568 0.0124424 0.00605612 -0.0095002 0.00720348 0.00174055 0.0104029 0.0124065 0.00969702 0.00171472 0.00766164 0.0122081 0.0182596 -0.0104634 0.00293366 0.000648946
internal_weight=0 1383.17 328.267 9463.42 7069.39 3708.32 2394.03 3361.07 193.223 1107.34 636.879 477.106 1830.96 567.252 902.795 150.902 1286.69 184.735 1054.91 1006.03 1101.95 159.773 399.177 465.159 159.853 1877.36 2458.28 702.712 308.56 394.152 1755.57 571.292 1184.27 305.306 244.513 194.944 794.636 330.278 159.884 262.488 1134.4 862.942 1005.79 793.797 571.088 515.65 397.621 238.572 222.709 211.393 462.688 572.517 398.537 191.074 79.3954 173.98 1263.7 1183.15 111.295 93.2173 160.022 99.2461 119.624 74.1539 1142.68 383.934 1064.2 401.022 663.174 609.98 543.184 256.352 295.655 169.647 125.249 89.0254 470.459 421.618
internal_count=131363 16826 4326 114537 88624 47062 25913 41562 2427 12108 6703 4757 23205 6906 10996 1958 13805 2688 12500 11959 11117 1946 3866 5871 2093 23857 30566 8581 3786 4795 21985 6973 15012 3778 2989 2344 9482 4152 2018 3350 14263 10753 10154 8066 5952 5305 3969 2354 2114 2477 5709 6844 4969 2382 1111 1875 16299 15338 1468 1118 1991 1255 1653 1102 14851 4996 13670 4867 8803 8049 7204 3531 3616 2138 1574 1066 5405 4770
is_linear=0
shrinkage=0.0454652


Tree=2
num_leaves=79
num_cat=0
split_feature=29 23 14 16 3 4 16 3 3 23 29 3 3 0 18 3 3 0 10 20 14 29 8 11 29 23 3 23 16 11 4 3 10 14 11 0 29 10 3 3 18 23 3 11 16 17 16 29 29 5 0 8 11 3 18 29 5 29 0 17 0 29 11 14 11 10 29 29 16 3 18 8 20 4 1 11 0 17
split_gain=43.2455 40.2579 40.785 54.4689 38.6001 35.4668 33.4066 26.8633 23.9943 25.7088 23.1956 23.0885 22.3309 22.2473 21.2236 17.6005 29.8674 20.425 16.4526 24.0015 25.7118 20.967 15.82 15.2035 26.4536 17.401 17.117 25.5498 15.6897 14.2497 16.3179 14.1401 14.774 15.4138 26.6615 18.4217 14.1089 17.1433 26.6282 22.397 13.4597 13.8575 13.2262 12.8936 17.3769 12.7926 12.4084 12.154 23.2683 11.925 13.0515 11.8481 11.1653 11.7971 13.8173 19.6027 16.3518 14.4954 12.1681 11.1342 15.277 10.9442 10.8904 10.8765 10.699 16.299 10.7749 11.0533 10.8409 10.4144 10.3946 10.2705 10.1968 10.1377 9.51163 9.34273 8.89666 8.49539
threshold=-0.60785761475563038 1.1180646419525149 -9.6626081466674787 0.78379809856414806 0.32421801984310156 -1.4063084721565244 0.66003319621086132 0.32421801984310156 0.28823554515838629 0.51552650332450878 0.6078576147556306 0.83228108286857616 0.18053010851144793 0.43721768260002142 45.500000000000007 0.47620494663715368 0.5245778262615205 0.80300819873809826 0.13659047335386279 2.0985360145568852 -2.0739277601242061 -1.0000000180025095e-35 0.16108427941799167 0.13701515644788745 0.87837970256805431 0.65054339170455944 0.40452721714973455 0.8602525293827058 0.85381147265434276 0.1213328279554844 1.1972478032112124 0.36752440035343176 0.045950995758175857 -7.034282684326171 0.025086744688451294 0.8969160020351411 1.0000000180025095e-35 0.08487617596983911 0.84937870502471935 0.65681925415992748 60.500000000000007 0.75411635637283336 0.28395116329193121 0.034718086943030364 0.39756391942501074 21.500000000000004 0.60000747442245495 1.0000000180025095e-35 0.87837970256805431 2.6665998697280888 0.71959277987480175 0.12758833169937137 0.017397551797330383 0.82109683752059948 63.500000000000007 0.6078576147556306 -2.4859623908996578 0.87837970256805431 0.63164073228836071 20.500000000000004 0.75260102748870861 1.0000000180025095e-35 0.049810435622930534 -18.489057540893551 0.11435291543602945 0.08487617596983911 1.0000000180025095e-35 -1.0000000180025095e-35 0.24483192712068561 0.6414182484149934 67.500000000000014 1.3751546740531924 -0.092877749353647218 -0.017517155967652794 1.0845919847488406 0.042031038552522666 0.80892905592918407 60.500000000000007
decision_type=2 2 2 2 2 2 2 2 2 2 2 2 2 2 2 2 2 2 2 2 2 2 2 2 2 2 2 2 2 2 2 2 2 2 2 2 2 2 2 2 2 2 2 2 2 2 2 2 2 2 2 2 2 2 2 2 2 2 2 2 2 2 2 2 2 2 2 2 2 2 2 2 2 2 2 2 2 2
left_child=-1 2 4 6 8 -6 31 10 9 -2 75 69 -11 -7 -5 23 17 -17 19 -18 -21 51 -10 24 28 -25 27 -27 76 59 -31 47 46 35 -35 43 37 39 49 -15 -36 -42 -12 44 -34 -46 -33 72 -49 50 -39 -20 -38 54 56 -56 57 -54 -58 60 -23 -30 -62 -52 66 -66 67 -14 -68 74 -45 -55 -4 -57 -9 -8 -16 -60
right_child=1 -3 3 14 5 13 7 11 22 12 42 -13 64 36 15 16 18 -19 21 20 -22 29 -24 25 -26 26 -28 -29 61 30 -32 32 33 34 40 -37 52 38 -40 -41 41 -43 -44 70 45 -47 -48 48 -50 -51 63 -53 53 71 55 73 58 -59 77 -61 62 -63 -64 -65 65 -67 68 -69 -70 -71 -72 -73 -74 -75 -76 -77 -78 -79
leaf_value=-0.024328799201398785 -0.020920061208982547 -0.0041979424379614419 -0.036053102625192242 0.015404590128278823 -0.00086788954652246536 0.039405431944182251 -0.02532131454885754 -0.015911749007302082 -0.025937701810835434 -0.020362469206352922 0.038667773115608838 0.0072570570605295301 0.0099802594436225554 0.032890547996161326 -0.0093506273433243657 0.04266331473208694 0.03332781182505018 0.0081782758338775473 -0.026353918777104589 -0.016992905690818318 0.017819962425057168 -0.014697540735239649 -0.00040884418308968675 0.023332001161349047 0.014898831613011088 -0.023094736230346722 0.019895323725714814 0.011657009862422567 -0.027493010274770732 0.029470022975913685 -0.0015865277713807576 0.0028494767573870373 -0.0014652503316305513 -0.019819145077817291 0.016919333455377137 -0.0089571325638294775 -0.0049646282132865963 0.023681945576702366 0.036081904921288592 0 -0.024333178946303397 0.0084766382271522153 0.00064748081560801404 0.008463925356489068 0.0043091986712223687 0.035162971313228812 0.018786039107202789 0.012789573281074784 -0.025732664295437649 -0.012007905606628309 0.020463986003854132 0 0.002105271277980352 0.034662079580035886 0.034908542916897406 0.020632974432020501 0.014281240927247139 0.032616719376954505 0.0064168793567986968 -0.012083000371185071 0.027170798837411629 -0.0087245044961232997 0.0037704941717315262 -0.0033341830080430789 0.039323982578287488 0 -0.0039779586719812634 -0.023551767988170078 0.024549885725746005 -0.025597314937536749 -0.014263392440920933 0.0030833745261411687 -0.0034600787267932073 -0.0047222257110838784 -0.0016284450749221844 0.00019084423262467236 0.011319620263156794 -0.015037520524178033
leaf_weight=145.33646155893803 69.621506508439779 2962.4824844114482 52.263051826506853 337.04472145810723 496.13445935025811 61.475463202223182 38.314653180539608 505.28866646066308 122.73729564249516 42.13254876807332 43.314269065856934 90.809320464730263 35.41246634349227 201.90531956590712 89.590985182672739 71.110579973086715 80.856603356078267 79.950485177338123 80.775181017816067 69.989898059517145 102.00302102230489 60.34681173786521 89.792081445455551 83.522145358845592 93.917572489008307 95.635800737887621 58.143865028396249 72.453131267800927 125.4698591530323 78.719301860779524 54.938405856490135 403.78937676548958 73.147744765505195 215.22817555628717 81.794799702242017 184.80302032455802 118.12051124311984 85.94646461494267 67.248146926984191 54.424554040655494 47.27044883184135 49.159646885469556 36.167123524472117 92.766363130882382 47.079201072454453 88.265869414433837 136.35576356574893 80.315747275948524 48.24425145983696 61.925493644550443 48.383855774998665 57.97488210350275 88.244323736056685 63.979200251400471 73.073308547958732 48.59856241196394 48.51879508793354 50.948955088853836 43.893432790413499 113.29024425148964 55.105981606990099 160.12756649963558 162.50308630242944 152.58329404890537 60.426032278686762 35.323120439425111 36.193624516949058 36.017953723669052 76.624523844569921 200.14933277107775 68.212475037202239 37.48462737351656 37.622554507106543 77.319685406982899 129.75826368294656 86.483667394146323 75.515912745147943 156.03165025450289
leaf_count=1791 964 35647 746 3949 6252 980 534 5753 1618 761 689 1180 558 2427 1156 737 779 818 909 886 986 686 1204 871 1159 980 470 813 1353 919 573 5099 891 2671 953 2123 1486 1224 806 762 549 535 466 1064 619 1233 1523 1033 656 743 568 589 1276 902 842 561 787 612 603 1395 627 1816 1497 1682 896 639 724 560 1008 2296 819 526 503 851 1445 1278 822 1888
internal_value=0 0.000300057 0.00203014 -0.000338083 0.00661216 0.00960862 -0.00453899 -0.0105881 -0.00340153 0.00317932 0.00408582 -0.0138814 0.00873417 0.0130085 0.0049141 0.00302032 0.00691122 0.0254221 0.00370793 0.0134768 0.00331078 -6.07424e-07 -0.0155883 -0.0017944 -0.00639555 0.00611803 -0.000326474 -0.00791084 -0.0110341 0.00410024 0.016682 -0.000487734 0.00107828 -0.00230278 -0.00916415 0.00251184 0.0117726 0.0166945 0.0106258 0.026037 0.00359126 -0.00745686 0.0228282 0.00841421 0.0157808 0.0252212 0.007073 -0.0111973 -0.00164608 0.00521942 0.00922166 -0.0155295 0.00754381 0.00977815 0.00708164 0.0167233 0.00188486 0.0142254 -0.00495418 -0.000202531 0.00457168 -0.0174098 0.0103078 0.00245101 0.0135141 0.0257249 0.00648903 -0.00664132 0.0151613 -0.016262 -0.00098559 0.0240287 -0.0236736 0.00502933 -0.0130986 -0.00781757 0 -0.0100539
internal_weight=0 10698.6 7736.11 5095.59 2640.52 2036.24 2836.6 1130.29 604.281 391.752 204.28 926.006 322.13 1540.11 2258.99 1921.94 1067.56 151.061 916.503 252.85 171.993 663.654 212.529 854.377 544.622 309.755 226.233 168.089 450.704 524.904 133.658 1706.32 1487.87 947.728 393.453 554.275 1478.63 672.417 416.087 256.33 178.225 96.4301 79.4814 369.472 208.493 135.345 540.145 218.446 128.56 348.839 286.914 138.75 806.213 688.093 586.629 198.992 387.637 139.193 248.444 391.246 277.956 285.597 217.609 200.967 279.998 95.7492 184.249 71.4304 112.818 835.196 160.979 101.464 89.8856 125.918 635.047 124.798 165.107 199.925
internal_count=131596 129805 94158 59448 34710 25778 34658 13641 8932 6110 2967 10674 5146 19526 24790 20841 11401 1555 9846 2651 1872 7195 2822 9440 6306 3134 2263 1793 5147 5697 1492 21017 18079 11457 4708 6749 18546 8212 5023 3189 2037 1084 1155 4626 2743 1852 6622 2938 1689 4217 3474 1498 10334 8848 7420 2254 5166 1888 3278 4205 2810 3169 2124 2250 4385 1535 2850 1118 1732 9494 1883 1428 1249 1412 7198 1812 1978 2491
is_linear=0
shrinkage=0.0454652


end of trees

feature_importances:
Column_16=20
Column_29=18
Column_20=15
Column_3=14
Column_11=13
Column_13=12
Column_17=12
Column_18=12
Column_7=11
Column_22=11
Column_15=10
Column_21=10
Column_28=10
Column_10=9
Column_0=7
Column_2=7
Column_4=6
Column_6=6
Column_12=6
Column_23=5
Column_5=4
Column_14=4
Column_33=4
Column_8=3
Column_9=3
Column_1=2

parameters:
[boosting: gbdt]
[objective: binary]
[metric: auc]
[tree_learner: serial]
[device_type: cpu]
[data_sample_strategy: bagging]
[data: ]
[valid: ]
[num_iterations: 600]
[learning_rate: 0.0454652]
[num_leaves: 79]
[num_threads: 2]
[seed: 1337]
[deterministic: 0]
[force_col_wise: 0]
[force_row_wise: 0]
[histogram_pool_size: -1]
[max_depth: -1]
[min_data_in_leaf: 525]
[min_sum_hessian_in_leaf: 0.001]
[bagging_fraction: 0.774687]
[pos_bagging_fraction: 1]
[neg_bagging_fraction: 1]
[bagging_freq: 1]
[bagging_seed: 1337]
[feature_fraction: 0.515409]
[feature_fraction_bynode: 1]
[feature_fraction_seed: 1337]
[extra_trees: 0]
[extra_seed: 18955]
[early_stopping_round: 0]
[early_stopping_min_delta: 0]
[first_metric_only: 0]
[max_delta_step: 0]
[lambda_l1: 1.07292]
[lambda_l2: 4.08529]
[linear_lambda: 0]
[min_gain_to_split: 0]
[drop_rate: 0.1]
[max_drop: 50]
[skip_drop: 0.5]
[xgboost_dart_mode: 0]
[uniform_drop: 0]
[drop_seed: 17763]
[top_rate: 0.2]
[other_rate: 0.1]
[min_data_per_group: 100]
[max_cat_threshold: 32]
[cat_l2: 10]
[cat_smooth: 10]
[max_cat_to_onehot: 4]
[top_k: 20]
[monotone_constraints: ]
[monotone_constraints_method: basic]
[monotone_penalty: 0]
[feature_contri: ]
[forcedsplits_filename: ]
[refit_decay_rate: 0.9]
[cegb_tradeoff: 1]
[cegb_penalty_split: 0]
[cegb_penalty_feature_lazy: ]
[cegb_penalty_feature_coupled: ]
[path_smooth: 0]
[interaction_constraints: ]
[verbosity: -1]
[saved_feature_importance_type: 0]
[use_quantized_grad: 0]
[num_grad_quant_bins: 4]
[quant_train_renew_leaf: 0]
[stochastic_rounding: 1]
[linear_tree: 0]
[max_bin: 255]
[max_bin_by_feature: ]
[min_data_in_bin: 3]
[bin_construct_sample_cnt: 200000]
[data_random_seed: 4404]
[is_enable_sparse: 1]
[enable_bundle: 1]
[use_missing: 1]
[zero_as_missing: 0]
[feature_pre_filter: 1]
[pre_partition: 0]
[two_round: 0]
[header: 0]
[label_column: ]
[weight_column: ]
[group_column: ]
[ignore_column: ]
[categorical_feature: ]
[forcedbins_filename: ]
[precise_float_parser: 0]
[parser_config_file: ]
[objective_seed: 4113]
[num_class: 1]
[is_unbalance: 0]
[scale_pos_weight: 1]
[sigmoid: 1]
[boost_from_average: 1]
[reg_sqrt: 0]
[alpha: 0.9]
[fair_c: 1]
[poisson_max_delta_step: 0.7]
[tweedie_variance_power: 1.5]
[lambdarank_truncation_level: 30]
[lambdarank_norm: 1]
[label_gain: ]
[lambdarank_position_bias_regularization: 0]
[eval_at: ]
[multi_error_top_k: 1]
[auc_mu_weights: ]
[num_machines: 1]
[local_listen_port: 12400]
[time_out: 120]
[machine_list_filename: ]
[machines: ]
[gpu_platform_id: -1]
[gpu_device_id: -1]
[gpu_use_dp: 0]
[num_gpu: 1]

end of parameters

pandas_categorical:null
