tree
version=v4
num_class=1
num_tree_per_iteration=1
label_index=0
max_feature_idx=33
objective=binary sigmoid:1
feature_names=Column_0 Column_1 Column_2 Column_3 Column_4 Column_5 Column_6 Column_7 Column_8 Column_9 Column_10 Column_11 Column_12 Column_13 Column_14 Column_15 Column_16 Column_17 Column_18 Column_19 Column_20 Column_21 Column_22 Column_23 Column_24 Column_25 Column_26 Column_27 Column_28 Column_29 Column_30 Column_31 Column_32 Column_33
feature_infos=[0.22403052449226379:4.806818962097168] [0.027025075629353523:26.170040130615234] [0.17134076356887817:8.6935958862304688] [0.087584272027015686:1] [-28.67047119140625:41.262332916259766] [-36.190670013427734:42.326030731201172] [-36.841156005859375:62.500308990478516] [-45.158794403076172:63.120437622070312] [-22.455821990966797:30.680826187133789] [0:0.95389312505722046] [0:0.64536702632904053] [0:0.40022626519203186] [-0.51016271114349365:0.51874518394470215] [-0.15599349141120911:0.22172828018665314] [-46.22015380859375:17.161741256713867] [-8.3726015090942383:64.2962646484375] [0:1] [0:95] [0:95] [-1:1] [-29.775985717773438:44.984848022460938] [-30.525325775146484:55.0223388671875] [-2.8409864902496338:15.253066062927246] [0.049656935036182404:5.4310722351074219] [-1:1] [0:1] [0:1] [-1:1] [-1:1] [-0.78183150291442871:0.97492790222167969] [-0.90096884965896606:1] [0:1] [0:1] [0.8888888955116272:4.5999999046325684]
tree_sizes=1718 1809 1773 1802 1761

Tree=0
num_leaves=15
num_cat=0
split_feature=27 28 16 10 20 16 2 15 17 0 9 30 27 5
split_gain=89.7235 79.8484 28.9943 35.3548 29.2931 48.1116 28.6166 24.3149 27.4746 23.346 21.1325 20.6679 51.3253 18.7951
threshold=-0.43245348334312433 -0.20576497167348859 0.14557661861181262 0.2138657942414284 -2.8944129943847652 0.3764366507530213 0.65588611364364635 8.0926046371459979 82.500000000000014 0.47366803884506231 0.28996293246746069 1.0000000180025095e-35 -0.88186877965927113 5.3785047531127939
decision_type=2 2 2 2 2 2 2 2 2 2 2 2 2 2
left_child=1 13 3 -2 7 -6 -3 8 -4 -7 -11 12 -8 -1
right_child=2 6 4 -5 5 9 11 -9 -10 10 -12 -13 -14 -15
leaf_value=-1.0853606700997718 -1.0819970407943 -1.0848512952568397 -1.0799549685332426 -1.0870590982743842 -1.0879197215352259 -1.0886614625921542 -1.0865710562241824 -1.0862722246179646 -1.0861246457626621 -1.0850115617332654 -1.0865735228523881 -1.0907102992456148 -1.0911589715627668 -1.0880209695463992
leaf_weight=1279.1239103768021 443.8676998782903 142.62862541712821 224.4970458894968 184.03037281148136 1107.0731909219176 226.24292626418173 682.32405504956841 194.82483622431755 128.72823339886963 3332.8206041995436 1149.2928636260331 707.65250200778246 405.97388153895736 330.33846648596227
leaf_count=16970 7249 1375 2783 2469 15801 3730 9342 2735 1557 42961 14151 9699 5511 4536
internal_value=-1.08626 -1.08758 -1.08561 -1.08354 -1.08582 -1.08604 -1.08896 -1.0836 -1.08204 -1.08559 -1.08542 -1.08931 -1.08834 -1.08594
internal_weight=0 3548.04 6991.38 627.898 6363.48 5815.43 1938.58 548.05 353.225 4708.36 4482.11 1795.95 1088.3 1609.46
internal_count=140869 47433 93436 9718 83718 76643 25927 7075 4340 60842 57112 24552 14853 21506
is_linear=0
shrinkage=1


Tree=1
num_leaves=15
num_cat=0
split_feature=27 23 13 2 20 13 15 14 7 2 0 13 14 11
split_gain=99.101 73.6758 41.9369 50.3237 37.608 34.8008 33.2019 34.5167 26.9059 48.7464 23.8118 20.4138 28.2821 18.8394
threshold=-0.43245348334312433 0.88221749663352977 -0.032393936067819588 0.65588611364364635 -2.4214835166931148 -0.012805659323930739 2.7877768278121953 -7.1594781875610343 2.2572467327117924 1.2354574799537661 0.73806479573249828 0.0024332694010809068 -17.007246017456051 0.021681637503206733
decision_type=2 2 2 2 2 2 2 2 2 2 2 2 2 2
left_child=1 2 -1 -4 -2 -5 -6 10 9 -9 -8 12 -12 -3
right_child=4 13 3 5 6 -7 7 8 -10 -11 11 -13 -14 -15
leaf_value=-0.0069383780237683964 0.0023430795305756048 0.0015070728806165004 0.0039858884080010435 0.0013068488740795182 0.0049380151518111752 -0.0041444343784821577 -0.0020925377489596575 0.0012374905466762175 0.00033938417799359325 0.0080169707265912542 0.0029320312694237722 0.0027097712126476041 -0.0013709645075615209 -0.00078077427668269881
leaf_weight=275.39615837857127 1172.9021767191589 437.18499387614429 102.88242727890611 129.38434698060155 149.92770225554705 655.5672420989722 856.97140500321984 651.63830155879259 2781.1926400382072 129.7009334564209 181.05055109411478 237.09758785367012 822.86485382914543 1951.2334044463933
leaf_count=3480 15857 6147 1030 1761 2692 8792 13236 8733 34686 1352 2750 3396 10676 26283
internal_value=0 -0.00137987 -0.00346094 -0.00228711 0.000692038 -0.00319087 0.00034916 0.000213987 0.000824701 0.00248087 -0.000803049 6.23112e-05 -0.000538639 -0.000341629
internal_weight=0 3551.65 1163.23 887.834 6983.35 784.952 5810.44 5660.52 3562.53 781.339 2097.98 1241.01 1003.92 2388.42
internal_count=140871 47493 15063 11583 93378 10553 77521 74829 44771 10085 30058 16822 13426 32430
is_linear=0
shrinkage=0.0101079


Tree=2
num_leaves=15
num_cat=0
split_feature=28 3 29 16 16 30 32 22 2 13 33 29 28 14
split_gain=49.4652 81.7061 44.7266 40.3605 52.7775 57.0756 34.4057 32.5546 32.4693 32.0566 33.5379 30.8119 26.9357 26.7549
threshold=-0.22706275433301923 0.56860551238060009 0.6078576147556306 0.11413203924894334 0.46320027112960821 -0.56174489110708226 1.0000000180025095e-35 -0.11078165471553801 1.0325596928596499 0.00082173143164254736 0.99393379688262951 -1.0000000180025095e-35 0.6835516393184663 -9.6626081466674787
decision_type=2 2 2 2 2 2 2 2 2 2 10 2 2 2
left_child=-1 3 6 -2 5 -5 8 -4 -3 10 -6 12 -11 -8
right_child=1 2 7 4 9 -7 13 -9 -10 11 -12 -13 -14 -15
leaf_value=0.00073293654266368233 0.0049273778771999205 -0.0024079544932330108 -0.0046044259790850627 -0.0052269310581401921 -0.00051858700848158668 0 -0.0045706401608773687 -0.00051382942559545248 0.0017856898282895982 0.00546347089254359 0.0063408883879659539 -0.00017993857597134135 0 -0.0005998193679365749
leaf_weight=4715.0846993923187 185.62071504443884 258.55781126953661 790.52595430798829 320.42274774983525 93.34247968159616 610.00811965763569 328.907749498263 298.5796677377075 614.22991961240768 203.07258225418627 205.21074762195349 1342.6521187759936 159.85581891052425 420.26788325421512
leaf_count=63083 3018 3369 10853 4842 2366 8467 4741 4104 7295 2470 1745 16486 2015 6113
internal_value=0 -0.000657959 -0.00194184 0.000446649 0.000137417 -0.00182706 -0.000838175 -0.00353129 0.000487245 0.00107304 0.00410454 0.000502829 0.0030897 -0.00242514
internal_weight=0 5831.25 2711.07 3120.19 2934.56 930.431 1621.96 1089.11 872.788 2004.13 298.553 1705.58 362.928 749.176
internal_count=140967 77884 36475 41409 38391 13309 21518 14957 10664 25082 4111 20971 4485 10854
is_linear=0
shrinkage=0.0101079


Tree=3
num_leaves=15
num_cat=0
split_feature=27 29 0 16 29 23 21 23 10 16 11 7 20 16
split_gain=84.2924 74.8325 101.672 38.759 38.1723 36.7912 30.3402 49.718 27.8994 23.3829 18.9276 36.6528 17.7247 38.6539
threshold=-0.41268247365951533 -1.0000000180025095e-35 1.01045697927475 0.15913257002830508 -0.60785761475563038 0.52100190520286571 -0.11920202150940894 1.1246909499168398 0.2138657942414284 0.24054099619388583 0.076018597930669798 5.7287337779998788 -2.4214835166931148 0.38058698177337652
decision_type=2 2 2 2 2 2 2 2 2 2 2 2 2 2
left_child=1 6 -3 8 -5 10 9 -8 -2 -1 11 -6 -7 -14
right_child=3 2 -4 4 5 12 7 -9 -10 -11 -12 -13 13 -15
leaf_value=0.0021353254353306374 0.00425188237192866 -0.004075101958235532 -0.00021667517224551269 0.0062474319508044459 -0.0019030682709489572 0.0022874235440671058 0.0077352426977765759 9.8626515748547819e-05 -9.4028610780641167e-05 -0.0029665941642912671 -0.0038127737916991904 0.0045186136817391585 -0.0015124916309162473 0.00088222365717221054
leaf_weight=175.6404724791646 503.98301536776125 1227.5005817525089 1660.6424271855503 108.97951773554087 395.72222154214978 625.13631580211222 165.20633119158447 198.3102954775095 188.20413182675838 172.16751981526613 267.44766768068075 108.20102139934897 818.65090177208185 3912.0308544356376
leaf_count=2329 8085 15773 22887 1427 5567 8118 2203 2742 2529 2255 3408 1516 11752 50193
internal_value=0 -0.00114747 -0.00187696 0.000756648 0.000495081 0.000378521 0.00174658 0.00376603 0.00302423 -0.000285695 -0.00165984 -0.000398209 0.000681592 0.000457499
internal_weight=0 3599.47 2888.14 6928.36 6236.17 6127.19 711.325 363.517 692.187 347.808 771.371 503.923 5355.82 4730.68
internal_count=140784 48189 38660 92595 81981 80554 9529 4945 10614 4584 10491 7083 70063 61945
is_linear=0
shrinkage=0.0101079


Tree=4
num_leaves=15
num_cat=0
split_feature=27 29 0 13 21 22 13 15 15 10 2 27 14 12
split_gain=89.3814 70.8698 92.3848 45.2044 39.1583 35.9988 34.7947 43.6736 44.9975 29.2038 27.5343 27.4441 22.4351 36.1965
threshold=-0.49049438536167139 -1.0000000180025095e-35 1.0380877852439883 -0.034840341657400124 -7.7193233966827384 -0.39819423854351038 -0.024215221405029293 10.225145339965822 2.7877768278121953 0.21610252559185031 0.65588611364364635 0.31107263267040258 -1.845089793205261 0.064676787704229369
decision_type=2 2 2 2 2 2 2 2 2 2 2 2 2 2
left_child=1 3 10 -1 9 -5 7 8 -6 11 -3 -2 -8 -14
right_child=4 2 -4 5 6 -7 12 -9 -10 -11 -12 -13 13 -15
leaf_value=-0.0036440868354092651 0.0010210643044953041 0 -0.00039513571596919232 0.0066080866916591362 0.0035582090126657045 0.0008804433311961757 0.0010651240446882132 0.0030701072235667349 -0.0027323785575468018 0 -0.0047554690136522651 0.006923235343039273 -0.0024901589723746722 0.0013956083014995454
leaf_weight=124.41137942112982 153.31266010925174 139.58669411577284 1490.88000619784 172.38640511408448 120.71570067480206 360.66270376369357 4396.3918183427304 200.23127599805593 930.55938283540308 190.94803563505411 1052.1197301503271 230.15296221897006 503.9427586030215 450.59801122359931
leaf_count=1478 2282 1348 20518 2302 2022 5046 59829 2334 12884 2455 14037 3386 5806 4807
internal_value=0 -0.00137296 -0.00210741 0.00155266 0.000626709 0.00287478 0.00039762 -0.00110206 -0.00195136 0.00315058 -0.00419963 0.00473303 0.000757001 -0.000617243
internal_weight=0 3340.05 2682.59 657.46 7176.85 533.049 6602.44 1251.51 1051.28 574.414 1191.71 383.466 5350.93 954.541
internal_count=140534 44729 35903 8826 95805 7348 87682 17240 14906 8123 15385 5668 70442 10613
is_linear=0
shrinkage=0.0101079


end of trees

feature_importances:
Column_16=7
Column_13=6
Column_27=6
Column_2=5
Column_29=5
Column_0=4
Column_14=4
Column_15=4
Column_10=3
Column_20=3
Column_23=3
Column_28=3
Column_7=2
Column_11=2
Column_21=2
Column_22=2
Column_30=2
Column_3=1
Column_5=1
Column_9=1
Column_12=1
Column_17=1
Column_32=1
Column_33=1

parameters:
[boosting: gbdt]
[objective: binary]
[metric: auc]
[tree_learner: serial]
[device_type: cpu]
[data_sample_strategy: bagging]
[data: ]
[valid: ]
[num_iterations: 600]
[learning_rate: 0.0101079]
[num_leaves: 15]
[num_threads: 2]
[seed: 42]
[deterministic: 0]
[force_col_wise: 0]
[force_row_wise: 0]
[histogram_pool_size: -1]
[max_depth: -1]
[min_data_in_leaf: 1280]
[min_sum_hessian_in_leaf: 0.001]
[bagging_fraction: 0.829452]
[pos_bagging_fraction: 1]
[neg_bagging_fraction: 1]
[bagging_freq: 1]
[bagging_seed: 42]
[feature_fraction: 0.727545]
[feature_fraction_bynode: 1]
[feature_fraction_seed: 42]
[extra_trees: 0]
[extra_seed: 12879]
[early_stopping_round: 0]
[early_stopping_min_delta: 0]
[first_metric_only: 0]
[max_delta_step: 0]
[lambda_l1: 4.00664]
[lambda_l2: 7.63247]
[linear_lambda: 0]
[min_gain_to_split: 0]
[drop_rate: 0.1]
[max_drop: 50]
[skip_drop: 0.5]
[xgboost_dart_mode: 0]
[uniform_drop: 0]
[drop_seed: 17869]
[top_rate: 0.2]
[other_rate: 0.1]
[min_data_per_group: 100]
[max_cat_threshold: 32]
[cat_l2: 10]
[cat_smooth: 10]
[max_cat_to_onehot: 4]
[top_k: 20]
[monotone_constraints: ]
[monotone_constraints_method: basic]
[monotone_penalty: 0]
[feature_contri: ]
[forcedsplits_filename: ]
[refit_decay_rate: 0.9]
[cegb_tradeoff: 1]
[cegb_penalty_split: 0]
[cegb_penalty_feature_lazy: ]
[cegb_penalty_feature_coupled: ]
[path_smooth: 0]
[interaction_constraints: ]
[verbosity: -1]
[saved_feature_importance_type: 0]
[use_quantized_grad: 0]
[num_grad_quant_bins: 4]
[quant_train_renew_leaf: 0]
[stochastic_rounding: 1]
[linear_tree: 0]
[max_bin: 255]
[max_bin_by_feature: ]
[min_data_in_bin: 3]
[bin_construct_sample_cnt: 200000]
[data_random_seed: 175]
[is_enable_sparse: 1]
[enable_bundle: 1]
[use_missing: 1]
[zero_as_missing: 0]
[feature_pre_filter: 1]
[pre_partition: 0]
[two_round: 0]
[header: 0]
[label_column: ]
[weight_column: ]
[group_column: ]
[ignore_column: ]
[categorical_feature: ]
[forcedbins_filename: ]
[precise_float_parser: 0]
[parser_config_file: ]
[objective_seed: 16083]
[num_class: 1]
[is_unbalance: 0]
[scale_pos_weight: 1]
[sigmoid: 1]
[boost_from_average: 1]
[reg_sqrt: 0]
[alpha: 0.9]
[fair_c: 1]
[poisson_max_delta_step: 0.7]
[tweedie_variance_power: 1.5]
[lambdarank_truncation_level: 30]
[lambdarank_norm: 1]
[label_gain: ]
[lambdarank_position_bias_regularization: 0]
[eval_at: ]
[multi_error_top_k: 1]
[auc_mu_weights: ]
[num_machines: 1]
[local_listen_port: 12400]
[time_out: 120]
[machine_list_filename: ]
[machines: ]
[gpu_platform_id: -1]
[gpu_device_id: -1]
[gpu_use_dp: 0]
[num_gpu: 1]

end of parameters

pandas_categorical:null
