tree
version=v4
num_class=1
num_tree_per_iteration=1
label_index=0
max_feature_idx=33
objective=binary sigmoid:1
feature_names=Column_0 Column_1 Column_2 Column_3 Column_4 Column_5 Column_6 Column_7 Column_8 Column_9 Column_10 Column_11 Column_12 Column_13 Column_14 Column_15 Column_16 Column_17 Column_18 Column_19 Column_20 Column_21 Column_22 Column_23 Column_24 Column_25 Column_26 Column_27 Column_28 Column_29 Column_30 Column_31 Column_32 Column_33
feature_infos=[0.22403052449226379:4.806818962097168] [0.027025075629353523:26.170040130615234] [0.17134076356887817:8.6935958862304688] [0.087584272027015686:1] [-28.67047119140625:41.262332916259766] [-36.190670013427734:42.326030731201172] [-36.841156005859375:62.500308990478516] [-45.158794403076172:63.120437622070312] [-22.455821990966797:30.680826187133789] [0:0.95389312505722046] [0:0.64536702632904053] [0:0.40022626519203186] [-0.51016271114349365:0.5480339527130127] [-0.15783818066120148:0.22172828018665314] [-46.22015380859375:17.161741256713867] [-8.3726015090942383:64.2962646484375] [0:1] [0:95] [0:95] [-1:1] [-29.775985717773438:44.984848022460938] [-30.712318420410156:55.0223388671875] [-2.5033562183380127:15.253066062927246] [0.049656935036182404:4.2456021308898926] [-1:1] [0:1] [0:1] [-1:1] [-1:1] [-0.78183150291442871:0.97492790222167969] [-0.90096884965896606:1] [0:1] [0:1] [0.89999997615814209:4.5999999046325684]
tree_sizes=1726 1802 1810 1788 1799 1782 1803 1784 1792 1824 1781 1773 1775 1825 1791 1792 1777 1797 1789 1792 1798 1780 1806 1775 1741 1788 1791 1762 1817 1795 1809 1755 1812 1805 1808 1773

Tree=0
num_leaves=15
num_cat=0
split_feature=0 27 2 27 28 30 17 2 15 11 2 30 16 28
split_gain=105.02 56.1302 59.2245 45.6327 55.1802 37.1516 33.6251 32.1603 29.1596 25.7901 27.2433 34.7684 25.6894 23.6941
threshold=0.58099865913391124 0.11969653144478799 0.60196971893310558 -0.71473535895347584 0.31107263267040258 1.0000000180025095e-35 63.500000000000007 1.4894461631774905 4.2224416732788095 0.15294346213340762 1.6279584765434267 1.0000000180025095e-35 0.76498666405677807 -0.20576497167348859
decision_type=2 2 2 2 2 2 2 2 2 2 2 2 2 2
left_child=1 2 -1 4 9 13 -7 -8 -3 10 11 -2 -10 -5
right_child=3 8 -4 5 -6 6 7 -9 12 -11 -12 -13 -14 -15
leaf_value=-1.0556130256723624 -1.0542475147684489 -1.0519974523012152 -1.0623334565754463 -1.0559284169224725 -1.0600394785322798 -1.0560172816454048 -1.0528782376909509 -1.0568928263413255 -1.0594633205233099 -1.0528899517872525 -1.0584900834631432 -1.057933996981933 -1.0542961318345392 -1.0575095452772538
leaf_weight=152.42053350061178 553.26056642457843 94.955986460670829 668.26151419058442 2309.0967498552054 654.63380066864192 1675.0882488917559 918.17394558154047 236.02237235382199 332.0452968981117 161.36242923513055 746.39235415495932 465.80065855756402 124.46951377205551 1636.5115926880389
leaf_count=2271 7764 1286 8558 30508 8831 21861 11894 3120 4511 1954 9595 6004 1656 21282
internal_value=-1.0568 -1.05937 -1.06104 -1.05639 -1.05752 -1.05595 -1.05506 -1.05373 -1.0568 -1.05668 -1.05701 -1.05597 -1.05795 -1.05659
internal_weight=0 1372.15 820.682 9356.34 2581.45 6774.89 2829.28 1154.2 551.471 1926.82 1765.45 1019.06 456.515 3945.61
internal_count=141095 18282 10829 122813 34148 88665 36875 15014 7453 25317 23363 13768 6167 51790
is_linear=0
shrinkage=1


Tree=1
num_leaves=15
num_cat=0
split_feature=0 27 2 27 30 23 14 15 7 2 10 31 2 13
split_gain=97.0113 63.176 52.0251 50.9436 37.9614 37.7835 35.7673 31.477 30.3527 27.851 28.9365 35.1494 29.1172 26.0649
threshold=0.58099865913391124 0.054511256515979774 0.60196971893310558 -0.71473535895347584 1.0000000180025095e-35 1.1449987888336184 -9.9799027442932111 3.9815409183502202 5.4272828102111825 1.2115905880928042 0.16069140285253528 1.0000000180025095e-35 0.61092099547386181 -0.080869115889072404
decision_type=2 2 2 2 2 2 2 2 2 2 2 2 2 2
left_child=1 2 -1 5 13 6 -2 -3 -9 10 11 12 -6 -5
right_child=3 7 -4 4 9 -7 -8 8 -10 -11 -12 -13 -14 -15
leaf_value=0.0012365296165693621 -0.0040024052808368413 0.0050181698480771721 -0.0056146029219136849 0.004483312724263497 0.0055852368919605292 0.00045058424552173518 -0.00054094196290446349 -0.0031681489759271277 0.0015906485365235709 0.00029581828704024427 0.0056991570125576856 6.2860896897663632e-05 0.0017673365051258112 6.0065961609741509e-05
leaf_weight=123.90890117920935 528.00701790861785 96.296470092609525 621.34741559997201 134.5485849045217 335.66270304471254 1257.7716201767325 790.98398114740849 301.85109494812787 226.98219191841781 936.73490957915783 253.98604088462889 661.09353170730174 656.77979893609881 3798.1762340702116
leaf_count=1866 7506 1338 7933 1752 4472 16050 10596 4292 2857 11694 3171 8891 8802 49877
internal_value=0 -0.00244814 -0.00442073 0.00042375 0.000886279 -0.000776073 -0.00197219 -7.53904e-06 -0.00105655 0.00177637 0.00247821 0.00193518 0.00313189 0.000230065
internal_weight=0 1370.39 745.256 9353.74 6776.98 2576.76 1318.99 625.13 528.833 2844.26 1907.52 1653.54 992.443 3932.72
internal_count=141097 18286 9799 122811 88659 34152 18102 8487 7149 37030 25336 22165 13274 51629
is_linear=0
shrinkage=0.0101079


Tree=2
num_leaves=15
num_cat=0
split_feature=22 2 28 13 28 2 30 33 33 3 13 10 33 13
split_gain=81.2599 54.3664 52.0595 47.4866 36.2461 44.6054 91.9918 69.03 41.4355 36.8505 35.5937 37.3026 27.6801 25.1203
threshold=-0.85343691706657399 0.60196971893310558 0.4904943853616715 -0.088784128427505479 -0.3317298144102096 0.84413060545921337 1.0000000180025095e-35 1.055555582046509 1.0000000180025095e-35 0.23038341104984286 0.037118503823876388 0.14465422183275226 0.9962500035762788 0.051212426275014884
decision_type=2 2 2 2 2 2 2 8 10 2 2 2 10 2
left_child=1 -1 -3 12 8 6 9 -8 -5 -6 11 -10 -2 -11
right_child=3 2 -4 4 5 -7 7 -9 10 13 -12 -13 -14 -15
leaf_value=0.0015145339630422761 0.0013619337814672046 0.00031217368432124139 -0.0049242564260334864 0.0014942204406990958 -0.0047688066857868652 -0.0011737333317080694 0.008486514567311287 0.0015089777938632977 -0.0028852280678167181 -0.00067931525320362039 0.0027407923920564153 0.0015028010350773109 0.0082381614330688125 0.0038473072324297572
leaf_weight=262.11742114461958 163.98936816491187 245.09901600144804 711.24962714500725 3152.5248563680798 196.82660880126059 2929.5567740593106 208.73793491721153 513.47050741687417 673.64379644393921 943.31238617748022 228.06725879013538 259.94581899046898 111.05139426887035 136.27889094501734
leaf_count=3909 2677 3572 9841 49862 2523 37493 1248 8478 4029 12286 1361 1565 651 1698
internal_value=0 -0.00242356 -0.00354837 0.000340698 0.000211102 -0.000375168 0.000775183 0.00364883 0.000889662 -0.000831234 -0.000715408 -0.00161813 0.00442905 -4.76641e-05
internal_weight=0 1218.47 956.349 9517.41 9242.36 4928.18 1998.63 722.208 4314.18 1276.42 1161.66 933.59 275.041 1079.59
internal_count=141193 17322 13413 123871 120543 63726 26233 9726 56817 16507 6955 5594 3328 13984
is_linear=0
shrinkage=0.0101079


Tree=3
num_leaves=15
num_cat=0
split_feature=0 27 27 23 29 30 17 0 30 21 7 11 18 0
split_gain=93.6321 59.2043 37.9846 40.5843 78.0259 37.938 36.5056 28.8598 26.1332 25.053 22.9337 21.9185 21.4036 19.4822
threshold=0.58912330865859996 -0.49049438536167139 -0.71473535895347584 1.1591882705688479 -1.0000000180025095e-35 1.0000000180025095e-35 62.500000000000007 0.46390178799629217 1.0000000180025095e-35 -0.12165186181664465 -1.9457947611808775 0.091398026794195189 91.500000000000014 1.2948501706123354
decision_type=2 2 2 2 2 2 2 2 2 2 2 2 2 2
left_child=1 -1 3 4 9 13 12 11 -9 -2 -10 -3 -7 -4
right_child=2 7 5 -5 -6 6 -8 8 10 -11 -12 -13 -14 -15
leaf_value=-0.0072326358168145139 0 -0.0048338136599869099 -0.00017600344922465535 0.00064523764968792835 -0.0030914782296176447 5.625130542817618e-05 0.0030604846941011741 -0.0018020858419339147 -0.0012795868952898441 0.0059718130798235959 0.0039318633351816262 0.00030330501652563982 0.0029131350262820216 0.0017466254835450678
leaf_weight=214.25566773861647 128.83952563069761 323.76294209994376 3255.8642050474882 1233.3456903193146 1074.9015386737883 1311.1816715672612 1160.6360864527524 488.07053041830659 125.87051510997117 129.89041233994067 202.77227100543678 93.59190946444869 339.73593902401626 633.07984701357782
leaf_count=2580 1800 4497 42476 15775 14699 17218 15051 6588 1904 1782 2621 1219 4289 8504
internal_value=0 -0.0023719 0.000385135 -0.000650434 -0.00187572 0.00078819 0.00168225 -0.00145611 -0.000287313 0.00296699 0.0018317 -0.00360176 0.000679277 0.000129395
internal_weight=0 1448.32 9267.47 2566.98 1333.63 6700.5 2811.55 1234.07 816.713 258.73 328.643 417.355 1650.92 3888.94
internal_count=141003 19409 121594 34056 18281 87538 36558 16829 11113 3582 4525 5716 21507 50980
is_linear=0
shrinkage=0.0101079


Tree=4
num_leaves=15
num_cat=0
split_feature=0 3 22 27 29 11 2 3 13 27 0 30 3 10
split_gain=86.2362 47.324 47.5869 48.136 73.1976 47.8366 42.2298 36.4306 39.9156 36.3158 31.5088 28.8045 28.1142 27.5759
threshold=0.5313972830772401 0.46744382381439215 0.043880820274353034 -0.09801131114363669 -1.0000000180025095e-35 0.037911491468548782 0.60196971893310558 0.23038341104984286 -0.078789908438920961 0.098011311143636717 0.70778045058250438 0.81174489855766307 0.36100544035434728 0.13457468152046206
decision_type=2 2 2 2 2 2 2 2 2 2 2 2 2 2
left_child=6 7 3 4 5 -3 -1 11 -9 -8 -6 -2 -10 -5
right_child=1 2 -4 13 10 -7 9 8 12 -11 -12 -13 -14 -15
leaf_value=0.0001721121739667867 -0.0028782560617398472 0.0060258985246209977 0.0007719471970551549 -0.00093445084431272799 -0.0056220962464777159 -0.00095543798815715198 -0.005850871429616762 0.005885927700146557 0.002227717063227204 -5.1902396439933275e-05 -0.0021680455863684811 0.0026659426896279495 0.00025774542242423685 0.0017533364837025963
leaf_weight=279.32701866142452 350.40065395645797 151.705527164042 2608.9963976796716 834.39947668090463 395.20031137578189 246.27504584565759 458.72496537864208 203.60651403479278 1537.4182130303234 163.36512776836753 1122.6687374450266 117.10965666547418 1525.1345626991242 708.00022618845105
leaf_count=3896 4915 1999 34879 10643 5109 3605 5953 2522 19781 2264 15379 1240 19457 9101
internal_value=0 0.00029698 -0.000248555 -0.00103014 -0.00209945 0.00166923 -0.00295703 0.001193 0.00157656 -0.00441142 -0.00311754 -0.0013837 0.00126295 0.000275742
internal_weight=0 9800.92 6067.25 3458.25 1915.85 397.981 901.417 3733.67 3266.16 622.09 1517.87 467.51 3062.55 1542.4
internal_count=140743 128630 80715 45836 26092 5604 12113 47915 41760 8217 20488 6155 39238 19744
is_linear=0
shrinkage=0.0101079


Tree=5
num_leaves=15
num_cat=0
split_feature=28 27 29 30 13 28 2 20 5 3 11 7 29 2
split_gain=71.1438 132.18 109.525 57.7896 49.9708 47.0108 58.0578 44.0246 41.1796 39.0259 38.6551 38.0132 28.985 27.2746
threshold=-0.3317298144102096 0.11969653144478799 -1.0000000180025095e-35 1.0000000180025095e-35 -0.080869115889072404 0.31107263267040258 0.60196971893310558 0.96796992421150219 -4.9215650558471671 0.23038341104984286 0.036065120249986655 12.208795070648195 0.87837970256805431 1.1035613417625429
decision_type=2 2 2 2 2 2 2 2 2 2 2 2 2 2
left_child=-1 2 10 4 -3 12 -7 -5 -8 -6 -2 -11 -4 -12
right_child=1 3 5 7 9 6 8 -9 -10 11 13 -13 -14 -15
leaf_value=0.00094308355469666192 0.005279800091861837 0.0062458472672159496 -0.0023321004042255937 0.0038037547071225804 -0.004707099588733759 0.0010112479304602792 0.00051587671718603665 0 -0.0054621973284507408 -0.0010084396929268531 0.0039957669221637425 0.002890313193481897 0.0017029179819578748 -0.0016814908603403555
leaf_weight=4422.8884864673018 187.34511048160493 100.32653577812016 683.15409423410892 798.46452934667468 222.83059711195529 175.27770794928074 114.78825022093952 493.19246631860733 1273.5191931370646 1290.8994967341423 110.11496564187109 308.583710109815 229.0159660615027 313.73330899141729
leaf_count=58004 2469 1402 9009 10395 2831 2522 1623 6451 16557 17507 1632 3581 3080 3929
internal_value=0 -0.000727721 -0.00222218 0.000696822 -0.0003966 -0.00317179 -0.00424434 0.00234833 -0.00493879 -0.000808953 0.00155061 -0.000220911 -0.00126929 -6.80998e-05
internal_weight=0 6301.25 3086.95 3214.3 1922.64 2475.76 1563.59 1291.66 1388.31 1822.31 611.193 1599.48 912.17 423.848
internal_count=140992 82988 40821 42167 25321 32791 20702 16846 18180 23919 8030 21088 12089 5561
is_linear=0
shrinkage=0.0101079


Tree=6
num_leaves=15
num_cat=0
split_feature=28 3 30 29 14 3 14 14 13 17 12 23 15 21
split_gain=74.1191 84.5525 43.1157 37.8575 28.8407 44.8843 25.271 31.4592 24.6145 24.3438 23.2481 21.8448 52.1753 22.5522
threshold=0.1413247883319855 0.5218293070793153 1.0000000180025095e-35 -1.0000000180025095e-35 -13.69475221633911 0.82083237171173107 -20.084810256958004 -6.8217561244964591 -0.078789908438920961 43.500000000000007 -0.034606743603944772 0.72078174352645885 11.780539512634279 5.4003849029541025
decision_type=2 2 2 2 2 2 2 2 2 2 2 2 2 2
left_child=6 2 8 4 -3 -6 10 -8 -2 -10 -1 13 -13 -4
right_child=1 3 11 -5 5 -7 7 -9 9 -11 -12 12 -14 -15
leaf_value=0.0038982010115962444 0.0033638479296136826 -0.0041231250166250608 -0.00010415851572514796 -0.0029454679874090792 -0.00074562817529073865 0.0067251301062761998 -0.0001891409711805 0.0013263219618988833 0.00027630709978899157 -0.0025195023527441736 -0.00035353857803630207 0.0070004547241327882 -0.00039590526571618077 0.004990600602229789
leaf_weight=445.21712333150208 123.0441889744252 102.85430391691625 487.34762741066515 1856.9230220243335 221.28946875222027 115.27256079763174 2887.1371045634151 2635.8789507225156 564.53377357497811 655.14007893204689 159.91442532837391 222.78796852380037 150.45517057552934 97.291600000113249
leaf_count=5981 1697 1291 6518 24723 2949 1617 39389 32929 6897 9066 2118 2812 1692 1319
internal_value=0 -0.00094283 0.000411722 -0.00231434 0.000266892 0.00178784 0.000753644 0.000527629 -0.000734024 -0.00119878 0.00271812 0.00205283 0.00396445 0.000728684
internal_weight=0 4596.94 2300.6 2296.34 439.416 336.562 6128.15 5523.02 1342.72 1219.67 605.132 957.882 373.243 584.639
internal_count=140998 60581 30001 30580 5857 4566 80417 72318 17660 15963 8099 12341 4504 7837
is_linear=0
shrinkage=0.0101079


Tree=7
num_leaves=15
num_cat=0
split_feature=0 27 0 30 14 17 2 3 13 2 2 2 13 3
split_gain=90.8614 57.9242 87.15 50.5763 44.9697 41.7426 41.5337 36.4435 39.1095 34.8658 34.1029 31.9495 30.7523 40.5204
threshold=0.46390178799629217 -0.50938662886619557 1.0612351894378664 1.0000000180025095e-35 -9.683588504791258 57.500000000000007 1.4669485688209536 0.23038341104984286 -0.080869115889072404 0.60196971893310558 0.60196971893310558 0.72483500838279735 0.010902577079832556 0.26722046732902532
decision_type=2 2 2 2 2 2 2 2 2 2 2 2 2 2
left_child=10 2 4 7 -2 9 -7 -3 -9 -5 -1 -6 -10 -14
right_child=1 3 -4 5 11 6 -8 8 12 -11 -12 -13 13 -15
leaf_value=0 -0.0049943325613529778 -0.0031238371956713654 0.0004753535616618058 0.0035185548046580729 0.0038973689857216575 0.0038828574847583419 -0.00047760903115209619 0.0062096262610389884 -0.00076032552830004559 -0.00016799816698520354 -0.0062213612976772005 -0.0019940685723128676 0.0061428019539041282 0.00057378233489203219
leaf_weight=138.83864132501185 576.73956926167011 345.65596613846719 1911.3088329024613 317.94025968946517 96.926140695810318 1095.5882702376693 257.79918685555458 102.56928487122059 1961.1938919257373 1255.6392442286015 313.18473640084267 724.45778130181134 142.69598814472556 1493.2390047088265
leaf_count=1985 8186 4696 24221 4128 1346 14254 3377 1264 27183 16475 4128 9769 1643 18375
internal_value=0 0.000184641 -0.000909903 0.000710399 -0.00282473 0.00172074 0.00302448 -1.24955e-05 0.0002731 0.000564643 -0.00440844 -0.00122053 7.98007e-05 0.00111046
internal_weight=0 10281.8 3309.43 6972.32 1398.12 2926.97 1353.39 4045.35 3699.7 1573.58 452.023 821.384 3597.13 1635.93
internal_count=141030 134917 43522 91395 19301 38234 17631 53161 48465 20603 6113 11115 47201 20018
is_linear=0
shrinkage=0.0101079


Tree=8
num_leaves=15
num_cat=0
split_feature=0 28 2 22 2 33 28 7 17 32 29 23 11 21
split_gain=85.1224 42.5804 63.712 38.2122 29.2412 28.5458 21.3565 20.679 28.3119 18.817 35.4298 33.2021 27.7337 18.5858
threshold=0.46390178799629217 -0.39271505177021021 0.93490716814994823 -0.71196678280830372 0.59341847896575939 1.0000000180025095e-35 0.50938662886619579 8.5986647605896014 82.500000000000014 1.0000000180025095e-35 -1.0000000180025095e-35 1.1449987888336184 0.052733171731233604 -7.3895127773284903
decision_type=2 2 2 2 2 10 2 2 2 2 2 2 2 2
left_child=4 5 -3 6 -1 -2 -4 8 -7 13 12 -12 -11 -5
right_child=1 2 3 9 -6 7 -8 -9 -10 10 11 -13 -14 -15
leaf_value=0 0.0015322391143269079 0.00080345297607204683 -0.00063742504947664463 0.0030130717579725363 -0.0058775915232907603 -0.0022530505398781955 -0.0045314484728152579 0.0019319413736695725 0.0018435014745339115 0.0054761934504432702 -0.0037956708433599419 -7.8571326866750359e-05 -0.00061061077160805678 -0.00029015004087587178
leaf_weight=134.69256251305342 3049.7773242685944 2816.6911405529827 243.98864820227027 201.93628950789571 314.625528216362 629.36832237243652 485.99819528125226 290.53862188756466 219.41371186077595 107.08275934867561 634.03666295483708 435.05523639917374 197.92166615463793 950.68123313784599
leaf_count=1923 48124 37651 3408 2774 4212 3770 6633 1699 1326 1358 8458 5412 2526 11732
internal_value=0 0.000235712 -0.000299835 -0.00126611 -0.00422198 0.00102094 -0.00330489 -0.000313517 -0.00113979 -0.000652936 -0.00145337 -0.00233193 0.00147836 0.000269677
internal_weight=0 10262.5 6073.39 3256.7 449.318 4189.1 729.987 1139.32 848.782 2526.71 1374.1 1069.09 305.004 1152.62
internal_count=141006 134871 79952 42301 6135 54919 10041 6795 5096 32260 17754 13870 3884 14506
is_linear=0
shrinkage=0.0101079


Tree=9
num_leaves=15
num_cat=0
split_feature=22 27 13 28 27 30 33 33 13 3 11 16 8 3
split_gain=69.1398 61.182 41.4393 36.1607 58.6949 73.2277 78.4104 33.6105 35.3618 32.2466 30.9078 30.4677 25.6703 21.2173
threshold=-0.88366660475730885 0.22706275433301928 -0.088784128427505479 -0.39271505177021021 0.11969653144478799 1.0000000180025095e-35 0.9962500035762788 1.0000000180025095e-35 0.035282049328088767 0.23038341104984286 0.087686605751514449 0.74514618515968334 0.83332195878028881 0.53311103582382213
decision_type=2 2 2 2 2 2 10 10 2 2 2 2 2 2
left_child=1 11 -2 7 -5 9 -7 -4 13 -6 -11 12 -1 -9
right_child=2 -3 3 4 5 6 -8 8 -10 10 -12 -13 -14 -15
leaf_value=-0.0063302089478979974 0.0039705429788357742 0.0011888283417383235 0.0014002480019156712 -0.0016042577132400432 -0.0044482544856020616 0.00081791642791775366 0.0067970109402685358 -0.003660865883237691 0.0027473849749225831 -0.0011096185854026937 0.0020612418967807028 -0.00012596321617051816 -0.0010551884265568509 -0.00030813025071511348
leaf_weight=436.72485287487507 289.82116489112377 317.07300759665668 3000.1065062582493 2363.0848460234702 204.62581149488688 823.07066931203008 312.56151281297207 318.80348666012287 231.72891730070114 1121.8492823727429 424.08628538064659 182.77052712067962 148.95815197564662 549.89770869910717
leaf_count=6152 3479 4817 47321 30842 2623 12725 1859 1900 1378 14920 5052 2517 2118 3294
internal_value=0 -0.00243018 0.000251718 0.000128971 -0.000421261 0.000535005 0.00253336 0.000842679 -0.000640047 -0.000743715 -0.000207856 -0.00397261 -0.00508769 -0.00160593
internal_weight=0 1085.53 9639.64 9349.82 5249.28 2886.19 1135.63 4100.54 1100.43 1750.56 1545.94 768.454 585.683 868.701
internal_count=140997 15604 125393 121914 68021 37179 14584 53893 6572 22595 19972 10787 8270 5194
is_linear=0
shrinkage=0.0101079


Tree=10
num_leaves=15
num_cat=0
split_feature=0 3 0 13 30 3 12 2 11 2 13 3 22 22
split_gain=79.5694 47.1899 50.8169 38.18 45.6992 41.2646 38.9476 34.4637 35.2901 31.9766 29.9841 38.6816 28.0398 25.9536
threshold=0.46390178799629217 0.46744382381439215 0.70778045058250438 -0.080869115889072404 1.0000000180025095e-35 0.23038341104984286 -0.037745507434010499 1.1244205832481386 0.11946834251284601 0.60196971893310558 0.042450312525033958 0.26722046732902532 -0.7815667688846587 0.4971242249011994
decision_type=2 2 2 2 2 2 2 2 2 2 2 2 2 2
left_child=9 3 12 6 5 -5 -2 8 -6 -1 -7 -12 -3 -4
right_child=1 2 13 4 7 10 -8 -9 -10 -11 11 -13 -14 -15
leaf_value=0 0.0083443681158289623 -0.0041620775322062237 -0.00042762250570870268 -0.0035895957767350622 0.0035680015735323344 -0.00039294978822260261 0.00069064547994129844 -0.0010087637534442315 -0.0017157132882749781 -0.0058724265379971521 0.0076210853141273115 0.00091242202505323767 -0.00081401199187404287 0.0011098153476005969
leaf_weight=136.11299887485802 136.92798879370093 481.4097402729094 3565.9672029372305 299.9695454351604 1020.743458930403 1395.1830451544374 155.14944459311664 262.32791627570987 132.07477262057364 313.87858383357525 107.65590827167034 467.44936541467905 624.81209653802216 1623.8130147177726
leaf_count=1952 1439 6625 47175 3975 13304 18523 2236 3068 1668 4166 1238 5628 8211 21755
internal_value=0 0.000173504 -0.000366185 0.00103701 0.00074002 -0.000132933 0.00453501 0.00216213 0.00292046 -0.00413391 0.000384678 0.00232111 -0.00232593 4.65526e-05
internal_weight=0 10273.5 6296 3977.48 3685.4 2270.26 292.077 1415.15 1152.82 449.992 1970.29 575.105 1106.22 5189.78
internal_count=140963 134845 83766 51079 47404 29364 3675 18040 14972 6118 25389 6866 14836 68930
is_linear=0
shrinkage=0.0101079


Tree=11
num_leaves=15
num_cat=0
split_feature=0 27 28 30 29 3 13 2 28 12 6 13 30 2
split_gain=81.3231 47.2256 116.798 56.0921 46.3266 36.8232 42.3243 31.3621 29.7473 39.7548 32.5196 30.0844 27.9401 33.4472
threshold=0.46390178799629217 -0.50938662886619557 0.43245348334312445 1.0000000180025095e-35 -1.0000000180025095e-35 0.23038341104984286 -0.080869115889072404 1.2661192417144778 -0.076279435306787477 0.033235212787985809 -5.2767477035522452 0.049771795049309737 1.0000000180025095e-35 1.5977001190185549
decision_type=2 2 2 2 2 2 2 2 2 2 2 2 2 2
left_child=-1 2 12 5 -4 -3 -7 8 10 -10 -5 -12 13 -2
right_child=1 3 4 7 -6 6 -8 -9 9 -11 11 -13 -14 -15
leaf_value=-0.0041961545253323719 0.0024683781678136851 -0.0032170130263555934 0.00031948479112277372 0.005455376472893821 -0.005906472811930511 0.006284212650824004 -4.8427656861890398e-06 0 0.0045688094139827128 0 -0.00035267318036371655 0.0053620109256670165 -0.0011139684453861404 -0.00043766129439894245
leaf_weight=446.4387681055814 788.88270680978894 350.04194400832057 141.27213380858302 140.18451150879264 531.3836662042886 104.72602033242583 3602.8937080837786 802.9872158691287 844.03438979014754 258.20330915227532 794.63959424570203 98.093130702152848 1053.604888619855 779.31344125978649
leaf_count=6104 10942 4752 1838 1865 7150 1275 47277 10069 11226 3334 10454 1277 13738 9791
internal_value=0 0.000174601 -0.000816638 0.000647558 -0.00455044 -0.000113656 0.000174443 0.00171013 0.00234859 0.00351543 0.00104787 0.000270405 0.000136342 0.0010034
internal_weight=0 10290.3 3294.46 6995.8 672.656 4057.66 3707.62 2938.14 2135.15 1102.24 1032.92 892.733 2621.8 1568.2
internal_count=141092 134988 43459 91529 8988 53304 48552 38225 28156 14560 13596 11731 34471 20733
is_linear=0
shrinkage=0.0101079


Tree=12
num_leaves=15
num_cat=0
split_feature=0 27 2 3 28 2 3 13 29 2 13 15 3 16
split_gain=79.6815 54.2236 55.8904 46.169 43.8938 36.8561 36.1649 47.0379 30.2019 30.7419 33.8823 30.1697 27.773 24.8677
threshold=0.58099865913391124 0.054511256515979774 0.60196971893310558 0.46502168476581579 -0.20576497167348859 0.84933161735534679 0.23038341104984286 -0.078789908438920961 1.0000000180025095e-35 1.1800718903541567 -0.022329915314912793 3.9815409183502202 0.36100544035434728 0.77256521582603466
decision_type=2 2 2 2 2 2 2 2 2 2 2 2 2 2
left_child=1 2 -1 6 -5 -6 -2 -8 9 -7 -11 -3 -9 -13
right_child=3 11 -4 4 5 8 7 12 -10 10 -12 13 -14 -15
leaf_value=0.0017524886361438916 -0.0015029352067823358 0.0048889027147813032 -0.0054133546828745282 0.00059559711660497189 0.0011734301985049575 0.002813873601519181 0.0065118481678935252 0.0022767869370876694 -0.0026725252018873365 -0.0048825624111191162 0 -0.0023927717423460385 0.00024895158101871792 0.0024762049901329818
leaf_weight=122.13853037171066 410.42001394927502 95.905421108007431 609.16179554723203 3109.240347776562 541.04341480694711 233.16167679801583 185.73649488762021 1428.9395253565162 1352.2986140716821 191.71183845959604 494.79327253624797 392.27007651515305 1428.1837330553681 132.56419863551855
leaf_count=1842 5500 1346 7917 41302 7428 3216 2291 18252 18155 2546 6031 5342 18156 1780
internal_value=0 -0.002305 -0.004156 0.000313004 -0.000222961 -0.00114124 0.00124233 0.00162872 -0.0017123 -0.00024632 -0.00136353 -3.58642e-05 0.00128064 -0.00106903
internal_weight=0 1352.04 731.3 9375.53 5922.25 2813.01 3453.28 3042.86 2271.97 919.667 686.505 620.74 2857.12 524.834
internal_count=141104 18227 9759 122877 78678 37376 44199 38699 29948 11793 8577 8468 36408 7122
is_linear=0
shrinkage=0.0101079


Tree=13
num_leaves=15
num_cat=0
split_feature=0 27 28 29 30 17 13 14 11 30 33 28 13 12
split_gain=77.5763 44.2771 117.594 69.1826 46.6712 44.734 35.5628 25.7479 24.7836 23.1431 28.0715 19.2658 16.7082 38.8268
threshold=0.46390178799629217 -0.43245348334312433 0.31107263267040258 -1.0000000180025095e-35 1.0000000180025095e-35 57.500000000000007 -0.088784128427505479 -9.9045009613037092 0.093810223042964949 1.0000000180025095e-35 0.99472221732139599 0.1413247883319855 0.017630316317081455 0.039479753002524383
decision_type=2 2 2 2 2 2 2 2 2 2 10 2 2 2
left_child=8 2 9 7 6 12 -3 -4 -1 -2 -11 -8 -6 -14
right_child=1 4 3 -5 5 -7 11 -9 -10 10 -12 -13 13 -15
leaf_value=-0.0053035606791735418 0.0011670637415346491 0.0054603838630054649 -0.0019310640159709732 -0.0050911180848738019 -0.00039047043209399797 0.0030049920877771932 0.00034099784158257105 0.0048905042449603588 0.00012257544193489293 0.00022529701127870544 -0.0034216412269009139 -0.0011131285078756358 0.004786588249239645 -0.00032888342833331253
leaf_weight=354.87666598521173 1541.8215052448213 107.47033327631652 100.82452457398176 776.51958464086056 929.9870586283505 1305.0182709880173 2267.9429624471813 101.4693855047226 93.500116981565952 738.47710583172739 286.9242304712534 1541.8272226955742 243.80364398472011 346.40228843875229
leaf_count=4905 20440 1365 1224 10463 12258 16777 29969 1436 1248 11673 1715 20158 3166 4432
internal_value=0 0.000159833 -0.000748254 -0.00371849 0.000643726 0.00163263 -6.09647e-05 0.00135108 -0.00410012 0.000376153 -0.000773714 -0.000237932 0.00041888 0.00175062
internal_weight=0 10288.5 3546.04 978.813 6742.45 2825.21 3917.24 202.294 448.377 2567.22 1025.4 3809.77 1520.19 590.206
internal_count=141229 135076 46951 13123 88125 36633 51492 2660 6153 33828 13388 50127 19856 7598
is_linear=0
shrinkage=0.0101079


Tree=14
num_leaves=15
num_cat=0
split_feature=0 27 3 28 3 13 16 16 30 27 29 14 0 13
split_gain=90.6914 53.8529 37.3011 42.272 38.5921 46.3454 32.353 37.6263 29.3881 29.3241 56.3156 34.5754 32.609 27.9676
threshold=0.58912330865859996 -0.50938662886619557 0.46502168476581579 -0.22706275433301923 0.23038341104984286 -0.078789908438920961 0.77256521582603466 0.15431796014308932 1.0000000180025095e-35 -0.09801131114363669 -1.0000000180025095e-35 -13.69475221633911 1.0612351894378664 0.024373875930905346
decision_type=2 2 2 2 2 2 2 2 2 2 2 2 2 2
left_child=1 -1 4 -4 -2 -6 7 -3 -8 10 11 -5 -12 -13
right_child=2 6 3 9 5 -7 8 -9 -10 -11 12 13 -14 -15
leaf_value=-0.0071312500266383846 -0.0016584537931872657 0.0021622909375655828 0.00072920063447200407 -0.0030522004209080234 0.0065354460387848125 0.0012859280655303615 -0.0012751926580869251 -0.0031979826482513279 0.0051114755723543383 0.00032469750981289338 -0.0038103101189519645 0.0065280836739434059 -0.00038443240296670334 0
leaf_weight=201.12262970022857 396.2196928281337 144.45394206792116 3044.3330522812903 105.44749888218939 181.46972224116325 2838.2418704554439 150.48570774123073 825.9987169932574 121.21056201122701 1044.0420000329614 936.44093898683786 139.6012922115624 448.21467252448201 141.93965951167047
leaf_count=2461 5310 2106 40584 1419 2243 36085 2085 11274 1517 13528 13261 1894 5452 1941
internal_value=0 -0.00232188 0.000395225 -8.79535e-05 0.00123429 0.00163046 -0.00147197 -0.00234804 0.00149089 -0.000985392 -0.00177828 0.00154175 -0.00273862 0.00343755
internal_weight=0 1443.27 9275.95 5860.02 3415.93 3019.71 1242.15 970.453 271.696 2815.69 1771.64 386.988 1384.66 281.541
internal_count=141160 19443 121717 78079 43638 38328 16982 13380 3602 37495 23967 5254 18713 3835
is_linear=0
shrinkage=0.0101079


Tree=15
num_leaves=15
num_cat=0
split_feature=0 27 27 23 29 16 14 13 30 14 15 16 7 23
split_gain=74.8629 51.1382 39.2007 39.3513 78.941 35.7418 34.0314 31.2975 27.9739 23.2205 22.4465 26.9818 21.2874 21.5501
threshold=0.58099865913391124 0.054511256515979774 -0.69930991530418385 1.1591882705688479 -1.0000000180025095e-35 0.74098026752471935 -9.6103954315185529 -0.078789908438920961 1.0000000180025095e-35 -24.689385414123532 3.9224392175674443 0.76498666405677807 9.0639777183532733 0.78615167737007152
decision_type=2 2 2 2 2 2 2 2 2 2 2 2 2 2
left_child=1 5 3 4 6 -1 -2 9 12 -4 -3 -12 13 -9
right_child=2 10 7 -5 -6 -7 -8 8 -10 -11 11 -13 -14 -15
leaf_value=-0.0052591058493561228 -0.00062342812149396667 0.0042373580557938332 0.0013541076867221167 0.00054449216403391649 -0.0031489847501392273 0 0.0062500534098874775 -0.0016474641985304986 0.0013768813517779223 0.0077130813684420322 -0.0023088613051647708 0.002674998819330492 0.0012200276178368137 0.00021578580830216771
leaf_weight=551.44617742486298 126.81374176964164 95.758479945361614 172.53560230694711 1269.2095262538642 1074.8976971209049 178.99029106646776 138.24775603041053 979.57910644449294 2704.245144918561 105.36401509307325 392.32628186792135 140.72517143189907 1080.3862144686282 1687.4094429686666
leaf_count=7542 1680 1325 2091 16172 14867 2320 1968 12402 35040 1392 5362 1861 13360 23339
internal_value=0 -0.00219519 0.000337248 -0.000705136 -0.00191522 -0.00400039 0.00288764 0.000747754 0.000594684 0.00404864 -1.17705e-05 -0.000899036 1.77851e-05 -0.000456188
internal_weight=0 1359.25 9338.69 2609.17 1339.96 730.436 265.061 6729.52 6451.62 277.9 628.81 533.051 3747.37 2666.99
internal_count=140721 18410 122311 34687 18515 9862 3648 87624 84141 3483 8548 7223 49101 35741
is_linear=0
shrinkage=0.0101079


Tree=16
num_leaves=15
num_cat=0
split_feature=0 27 28 30 17 29 2 2 13 3 2 28 13 3
split_gain=75.8919 50.1284 125.919 56.2995 47.4106 44.9233 37.1291 34.9862 34.7462 35.8122 30.6737 29.0815 29.3576 37.7884
threshold=0.46390178799629217 -0.49049438536167139 0.41268247365951544 1.0000000180025095e-35 58.500000000000007 -1.0000000180025095e-35 1.2997902035713198 0.59767845273017894 -0.088784128427505479 0.22622041404247287 0.60196971893310558 0.86046862602233898 0.01541348220780492 0.26722046732902532
decision_type=2 2 2 2 2 2 2 2 2 2 2 2 2 2
left_child=10 2 -2 8 7 -4 -6 -5 -3 -10 -1 12 -11 -14
right_child=1 3 5 4 6 -7 -8 -9 9 11 -12 -13 13 -15
leaf_value=0 0.00019431455904513767 0.0053476509991555229 0.00022830904173316524 0.0035252467039052627 0.0041402173424360932 -0.0057880053758697179 0.00012505123585893017 -0.00018263040499051509 -0.0037108363204795933 -0.00037491011399067839 -0.0058075289563111832 -0.0019456685681689871 0.0066014795835020986 0.0009465970863628087
leaf_weight=135.99310194514692 2620.2009522933513 108.3685763347894 144.84167295694351 313.37256785295904 989.20910768210888 578.28689575009048 336.28658997826278 1279.8670783061534 277.2694199681282 1795.0337868444622 304.73874813318253 632.42233021743596 134.32196202687919 1073.4986775442958
leaf_count=1965 34524 1372 1901 4031 12721 7800 4348 16752 3768 24767 4114 8233 1498 13150
internal_value=0 0.000185043 -0.000825097 0.000677902 0.00174521 -0.00453773 0.00315847 0.0005347 -8.86325e-05 -0.000259654 -0.004063 0 0.000426731 0.0016463
internal_weight=0 10283 3343.33 6939.65 2918.74 723.129 1325.5 1593.24 4020.91 3912.55 440.732 3635.28 3002.85 1207.82
internal_count=140944 134865 44225 90640 37852 9701 17069 20783 52788 51416 6079 47648 39415 14648
is_linear=0
shrinkage=0.0101079


Tree=17
num_leaves=15
num_cat=0
split_feature=0 27 27 28 30 17 2 21 16 0 2 30 2 11
split_gain=78.0533 50.1991 41.876 82.0522 37.0193 38.852 35.1263 33.5508 29.484 25.101 29.7113 22.7824 29.9312 29.771
threshold=0.55977049469947826 -0.47136868536472315 -0.50938662886619557 0.41268247365951544 1.0000000180025095e-35 58.500000000000007 1.2997902035713198 -7.2519342899322501 0.29604263603687292 0.46390178799629217 0.60196971893310558 1.0000000180025095e-35 1.5977001190185549 0.15712905675172809
decision_type=2 2 2 2 2 2 2 2 2 2 2 2 2 2
left_child=1 -1 3 11 -4 -6 7 -7 -9 10 -3 12 -2 -14
right_child=2 9 4 -5 5 6 -8 8 -10 -11 -12 -13 13 -15
leaf_value=-0.0076812458965152776 0.0022879066026405283 0.00020145070188506793 9.4684528230512286e-05 -0.0040019985958639395 0.00053089320607468244 0.0089117799285644232 2.2082584535085425e-05 5.7582795594253122e-05 0.0044578635134438355 -0.00011279146007144165 -0.0052769431055787889 -0.0010239276999773363 -0.0013176733394577908 0.0043158715995896589
leaf_weight=159.64467654190958 787.75167115032673 133.91230358928442 3696.9065053779632 597.3369228746742 1491.3220208119601 126.719602631405 323.64338074810803 248.59472729451954 515.79571398161352 577.32985808327794 279.9350429456681 1028.0883847270161 662.17899892665446 102.56404429115355
leaf_count=1997 10869 1911 48386 8194 19459 1777 4113 3334 6222 7889 3815 13474 8429 1193
internal_value=0 -0.00248636 0.000291231 -0.00064944 0.000764638 0.00166213 0.0030058 0.00403501 0.00309398 -0.00155679 -0.00343662 0.000120455 0.000905545 -0.00047451
internal_weight=0 1150.82 9580.9 3177.92 6402.98 2706.08 1214.75 891.11 764.39 991.177 413.847 2580.58 1552.49 764.743
internal_count=141062 15612 125450 42159 83291 34905 15446 11333 9556 13615 5726 33965 20491 9622
is_linear=0
shrinkage=0.0101079


Tree=18
num_leaves=15
num_cat=0
split_feature=22 2 28 27 29 30 33 14 28 7 11 33 20 23
split_gain=66.9393 57.4083 32.6073 51.7283 46.6778 42.8538 49.5218 36.9138 31.231 27.2174 26.9166 24.467 23.9061 23.7874
threshold=-0.85343691706657399 0.73795384168624889 -0.39271505177021021 0.1413247883319855 -1.0000000180025095e-35 1.0000000180025095e-35 0.9962500035762788 -20.805227279663082 0.47136868536472326 6.752274990081788 0.035200648009777076 1.055555582046509 -1.5811083912849424 1.0380043983459475
decision_type=2 2 2 2 2 2 10 2 2 2 2 8 2 2
left_child=1 9 11 4 10 7 -7 -5 -3 -1 -4 12 -2 -6
right_child=2 8 3 5 13 6 -8 -9 -10 -11 -12 -13 -14 -15
leaf_value=-0.00072132811908410914 0.0019148730201192848 0 0.0045395928524397076 0.004566909169727928 -0.0029469699373812002 0.0008023920156889216 0.0054672504676849939 -0.00074795603593890694 -0.0050009482157371311 0.0049650223796564629 -0.00015580479268162011 0.001455168773649834 -0.0012483725083311768 -0.00048940781502850104
leaf_weight=316.61276051402092 339.36744883656502 183.28756961412728 164.8882750980556 136.81364641524851 1184.0987486056983 841.81123888678849 331.09966437518597 1619.1574018131942 584.04573499038815 106.32900561764836 394.78294167481363 3029.510874029249 791.43033680319786 678.56657639332116
leaf_count=4853 2033 2699 2109 1860 15891 12879 1943 20913 8176 1525 5082 47718 4695 8632
internal_value=0 -0.00222655 0.000308385 -0.000207214 -0.00130366 0.000686843 0.00218037 -0.000292921 -0.00387003 0.000676853 0.00119861 0.000980457 -0.000256993 -0.00207899
internal_weight=0 1190.28 9511.53 5351.22 2422.34 2928.88 1172.91 1755.97 767.333 422.942 559.671 4160.31 1130.8 1862.67
internal_count=141008 17253 123755 69309 31714 37595 14822 22773 10875 6378 7191 54446 6728 24523
is_linear=0
shrinkage=0.0101079


Tree=19
num_leaves=15
num_cat=0
split_feature=0 3 3 28 27 29 27 29 30 8 13 7 27 12
split_gain=76.8182 43.075 48.8913 37.7028 60.7433 75.9921 36.5302 35.3759 32.9709 40.6815 32.0805 45.3364 30.6883 28.5415
threshold=0.5313972830772401 0.36100544035434728 0.23038341104984286 -0.22706275433301923 -0.11969653144478797 -1.0000000180025095e-35 -0.91959547996520985 0.87837970256805431 1.0000000180025095e-35 -1.723406910896301 -0.016102089546620842 5.9525740146636972 0.054511256515979774 0.018767346628010276
decision_type=2 2 2 2 2 2 2 2 2 2 2 2 2 2
left_child=12 2 -2 -3 5 10 7 -7 -6 -10 -5 -12 -1 -11
right_child=1 3 -4 4 8 6 -8 -9 9 13 11 -13 -14 -15
leaf_value=-0.0043729416855706931 -0.0013011907057755027 0.00059171642688720099 0.002323898458316659 -0.002349415443635487 -0.00077253394034797662 -0.0027919961809481065 -0.0047707964159425511 0.0017609451210747059 -0.0027184957965254767 0.0046049563023571717 0.0075469098978218751 0 -0.00041947236211559331 0.00035266094950908152
leaf_weight=532.95050929673016 470.16924166493118 3861.5136666689068 1674.4956449754536 128.55578686669469 935.18886949494481 639.44808403216302 717.76168774627149 221.26778684742749 144.09067720174789 425.67100073769689 138.5251303948462 170.31737710349262 360.46360807493329 293.97016634047031
leaf_count=7293 6175 51080 21355 1954 12248 8507 9808 2983 1880 5486 1693 2201 4899 3647
internal_value=0 0.000243574 0.00150857 -0.000105726 -0.000822076 -0.00202777 -0.00306679 -0.00156972 0.000509472 0.00193862 0.00161912 0.00341582 -0.00283986 0.00294553
internal_weight=0 9820.98 2144.66 7676.31 3814.8 2015.88 1578.48 860.716 1798.92 863.732 437.398 308.843 893.414 719.641
internal_count=141209 129017 27530 101487 50407 27146 21298 11490 23261 11013 5848 3894 12192 9133
is_linear=0
shrinkage=0.0101079


Tree=20
num_leaves=15
num_cat=0
split_feature=0 2 28 30 13 2 28 13 13 29 15 30 28 29
split_gain=68.3818 41.0628 35.5062 28.4321 28.3963 31.6057 63.8318 36.7835 39.4377 21.4448 20.598 22.1814 30.5408 23.1213
threshold=0.58912330865859996 0.59341847896575939 0.43245348334312445 1.0000000180025095e-35 -0.088784128427505479 0.92964377999305736 -0.20576497167348859 0.037118503823876388 0.072697788476943984 -1.0000000180025095e-35 14.604484081268312 -0.56174489110708226 -0.14132478833198545 0.6078576147556306
decision_type=2 2 2 2 2 2 2 2 2 2 2 2 2 2
left_child=1 3 -3 -1 -2 7 -7 10 -9 -8 11 -6 -13 -14
right_child=4 2 -4 -5 5 6 9 8 -10 -11 -12 12 13 -15
leaf_value=-0.001227359939741665 0.0036669285376295085 0.00032038341576348027 -0.0041297196605978382 0.004227798009184193 -0.00048508333092114669 0.00069097481197049053 0.00026303650674695784 0.0042839091055887884 -0.00087003377953723206 -0.0020360704283453488 -0.0026891429245439547 0 0.005263444870315305 0.0014794487574303215
leaf_weight=278.43247886374593 242.67652771621943 213.99496555887163 804.08333107642829 137.21933043375611 1077.1328854057938 2914.0076790396124 491.92227809689939 552.67773802578449 188.37770175561309 1862.9643704146147 194.02992818504572 906.73085484467447 255.28840857185423 602.53836402855814
leaf_count=3656 2937 3021 10683 2085 14476 38020 6187 7260 2471 24429 2456 11956 3570 7690
internal_value=0 -0.00206704 -0.00315942 0.000521638 0.000298886 0.000201039 -0.000298964 0.00090848 0.00292416 -0.00153936 0.000397021 0.000628596 0.00133043 0.00268884
internal_weight=0 1433.73 1018.08 415.652 9288.35 9045.67 5268.89 3776.78 741.055 2354.89 3035.72 2841.69 1764.56 857.827
internal_count=140897 19445 13704 5741 121452 118515 68636 49879 9731 30616 40148 37692 23216 11260
is_linear=0
shrinkage=0.0101079


Tree=21
num_leaves=15
num_cat=0
split_feature=0 27 28 30 17 3 3 2 2 2 3 33 2 17
split_gain=66.6635 46.8788 106.865 43.1183 43.1349 34.7403 37.9626 33.5338 33.2611 29.9121 43.6378 28.6228 27.5765 26.4043
threshold=0.46390178799629217 -0.50938662886619557 0.41268247365951544 1.0000000180025095e-35 59.500000000000007 0.23038341104984286 0.33503028750419622 1.4262482523918154 1.4894461631774905 0.58454501628875744 0.3177481889724732 1.055555582046509 0.60196971893310558 20.500000000000004
decision_type=2 2 2 2 2 2 2 2 2 2 2 8 2 2
left_child=12 2 13 5 9 -3 -7 -8 -6 10 -5 -9 -1 -2
right_child=1 3 -4 4 8 6 7 11 -10 -11 -12 -13 -14 -15
leaf_value=0 0.0017420373879736633 -0.0030381957851109451 -0.0042996802745128935 -0.00063545974829163905 0.003695621369785523 0.0021071765243894495 -0.00089902790750874637 0.0051527255194298224 -0.00028509914457710796 -0.00016190753071541116 0.0068537054455330261 0.00030331771764491425 -0.0054681688242417328 -0.00049720302883605398
leaf_weight=137.18698853068054 746.64826062880456 346.67621047981083 693.07480605132878 133.69439056515694 1086.6838931292295 876.86858337000012 2173.0262040365487 172.16680103540421 242.45943226106465 1338.4413844477385 157.5618819501251 474.58266308344901 301.62123076431453 1841.1578312572092
leaf_count=1973 9380 4755 9397 1878 13868 11130 28912 1017 3179 17451 1891 7388 4128 24715
internal_value=0 0.000194143 -0.000796121 0.000664273 0.00158988 -4.79258e-06 0.000274425 -0.000285334 0.00294169 0.000454062 0.00335204 0.00170118 -0.00379496 0.000136494
internal_weight=0 10283 3280.88 7002.16 2958.84 4043.32 3696.64 2819.78 1329.14 1629.7 291.256 646.749 438.808 2587.81
internal_count=141062 134961 43492 91469 38267 53202 48447 37317 17047 21220 3769 8405 6101 34095
is_linear=0
shrinkage=0.0101079


Tree=22
num_leaves=15
num_cat=0
split_feature=0 3 22 16 3 20 30 15 9 6 32 29 23 11
split_gain=69.6879 41.89 38.4342 37.7002 33.46 31.955 31.9269 24.7021 20.0819 16.9736 16.8426 37.5011 30.7276 24.489
threshold=0.55977049469947826 0.46744382381439215 0.4472408145666123 0.74514618515968334 0.23038341104984286 1.3041712045669558 1.0000000180025095e-35 4.2224416732788095 0.27904401719570165 -4.9839770793914786 1.0000000180025095e-35 -1.0000000180025095e-35 0.9893656075000764 0.040709074586629874
decision_type=2 2 2 2 2 2 2 2 2 2 2 2 2 2
left_child=3 4 10 7 -2 8 -5 9 -6 -1 -3 13 -13 -12
right_child=1 2 -4 6 5 -7 -8 -9 -10 -11 11 12 -14 -15
leaf_value=-0.0035600980051856399 -0.001399874903174989 -0.00010748061297401953 0.0010617093340127514 -0.0020931755760641726 0.0027056209545381713 1.9242471799839004e-05 0.0045913750984709475 -0.004356422055551595 0.00011089503457795855 0.001906104234974737 0.0043908519492767738 -0.0036490516275097802 -0.0007399830733374631 -0.00058018821630232927
leaf_weight=91.017666596919298 430.83746469020844 2261.7467730175704 1721.2138418182731 150.49179160222411 1750.2222459875047 1013.7544805277139 123.04937857761979 643.29599508456886 409.39736129157245 128.67492416501045 153.287592260167 722.74756912142038 852.41066954284906 239.12115785852075
leaf_count=1280 5734 29383 23026 2063 22542 12481 1530 8834 5185 1820 1983 10278 11182 3466
internal_value=0 0.000315937 -0.000199236 -0.00232317 0.00117632 0.00154133 0.000812768 -0.00336209 0.00223455 -0.000223862 -0.000722952 -0.00140679 -0.00211153 0.00130715
internal_weight=0 9554.74 5950.53 1136.53 3604.21 3173.37 273.541 862.989 2159.62 219.693 4229.31 1967.57 1575.16 392.409
internal_count=140787 125260 79318 15527 45942 40208 3593 11934 27727 3100 56292 26909 21460 5449
is_linear=0
shrinkage=0.0101079


Tree=23
num_leaves=15
num_cat=0
split_feature=0 27 28 29 30 17 2 3 14 2 3 2 30 33
split_gain=65.8221 49.7246 113.886 42.8214 33.5246 40.9996 37.5952 35.8978 32.5572 28.8749 30.5905 28.3043 25.7422 31.3383
threshold=0.46390178799629217 -0.50938662886619557 0.43245348334312445 -1.0000000180025095e-35 1.0000000180025095e-35 57.500000000000007 1.2997902035713198 0.23038341104984286 -20.805227279663082 0.58454501628875744 0.29337510466575628 0.60196971893310558 1.0000000180025095e-35 0.99472221732139599
decision_type=2 2 2 2 2 2 2 2 2 2 2 2 2 10
left_child=11 2 12 -4 7 9 -7 -3 -9 10 -6 -1 -2 -14
right_child=1 4 3 -5 5 6 -8 8 -10 -11 -12 -13 13 -15
leaf_value=0 0.00091854915821051734 -0.0030063325046402753 0.00013931265607905564 -0.0058978058921529781 -0.00057866599294257746 0.0037196521168629741 -1.4953873245517386e-05 0.0039649238624481376 9.8272377962531021e-05 -0.00026532228409621906 0.0058311410733556321 -0.0055083261268135709 0 -0.0038795214923227203
leaf_weight=135.77777141332626 1580.6976397354156 346.59717172570527 138.31906957924366 518.4037396106869 111.14861578121781 1030.3884473443031 345.5586360078305 232.2845180593431 3476.1533146128058 1311.4758461322635 172.73786629736423 298.12992096878588 754.04641486890614 292.28874629735947
leaf_count=1964 20922 4758 1823 7111 1527 13158 4450 3113 45363 17112 2136 4118 11962 1757
internal_value=0 0.000181999 -0.000838157 -0.00457832 0.000664918 0.00147967 0.00275755 5.62882e-05 0.000359011 0.000344383 0.00323317 -0.00380288 9.20152e-05 -0.00111581
internal_weight=0 10310.1 3283.76 656.723 7026.34 2971.31 1375.95 4055.04 3708.44 1595.36 283.886 433.908 2627.03 1046.34
internal_count=141274 135192 43575 8934 91617 38383 17608 53234 48476 20775 3663 6082 34641 13719
is_linear=0
shrinkage=0.0101079


Tree=24
num_leaves=15
num_cat=0
split_feature=0 2 22 2 7 23 22 32 30 14 17 2 29 0
split_gain=73.2204 32.1101 30.2074 50.4181 32.1353 21.3992 19.5712 25.9428 47.277 30.3087 28.375 27.0724 23.8428 27.2118
threshold=0.46390178799629217 0.60196971893310558 -0.77352717518806446 0.89304143190383922 6.752274990081788 0.84078863263130199 0.4971242249011994 1.0000000180025095e-35 1.0000000180025095e-35 -9.2531089782714826 58.500000000000007 1.2997902035713198 -1.0000000180025095e-35 1.0474374890327456
decision_type=2 2 2 2 2 2 2 2 2 2 2 2 2 2
left_child=1 -1 3 4 -2 -5 7 8 -4 -9 -10 -12 13 -11
right_child=2 -3 6 5 -6 -7 -8 9 10 12 11 -13 -14 -15
leaf_value=0 -0.00046562366305283532 -0.0057783335551906704 -0.00023295642135465894 -0.0038623290091726365 0.0046067211780114947 0.00086959550766118156 0.0013060201532753 -0.0021844677750728269 0.00061771376328877202 0.0070078920120723795 0.0040866628024129846 0 -0.00038907962223516207 0
leaf_weight=139.57905437983572 472.30652311816812 298.75168288871646 2902.1170697268099 575.4227584078908 161.75076261349022 98.336191801354289 2087.1874747220427 877.66803077422082 1089.0360486824065 97.78498069010675 684.972560942173 227.39212678000331 897.14639370143414 112.63084637746215
leaf_count=2000 6872 4129 37110 8046 2255 1460 28069 11940 13800 1393 8430 2779 11477 1445
internal_value=0 -0.00394748 0.000234663 -0.00118779 0.000804644 -0.00311026 0.000447259 0.000180037 0.000579316 -0.000784299 0.00177371 0.00309297 0.000296282 0.00331551
internal_weight=0 438.331 10283.8 1307.82 634.057 673.759 8975.94 6888.75 4903.52 1985.23 2001.4 912.365 1107.56 210.416
internal_count=141205 6129 135076 18633 9127 9506 116443 88374 62119 26255 25009 11209 14315 2838
is_linear=0
shrinkage=0.0101079


Tree=25
num_leaves=15
num_cat=0
split_feature=0 3 28 3 2 2 13 7 3 29 13 18 7 3
split_gain=63.3483 39.4824 41.724 37.4182 34.2229 32.6949 30.9036 32.4699 25.3715 22.8019 48.6241 26.0181 23.0413 42.7727
threshold=0.52594888210296642 0.46502168476581579 0.24825246632099154 0.23038341104984286 0.60196971893310558 1.1172522306442263 -0.076540354639291749 -23.117843627929684 0.36100544035434728 0.6078576147556306 -0.0077401800081133834 87.500000000000014 6.6162166595458993 0.26722046732902532
decision_type=2 2 2 2 2 2 2 2 2 2 2 2 2 2
left_child=4 3 -3 -2 -1 -4 7 -5 9 10 -8 -11 -12 -14
right_child=1 2 5 6 -6 -7 8 -9 -10 11 12 -13 13 -15
leaf_value=0.0001694954374718451 -0.0015859750171459328 0.00027967666345970967 3.591607719109536e-06 0.00038550999256561479 -0.0040617459756581665 -0.0025626728346954501 -4.5709863298706387e-06 0.0083137431898842561 0.00014141574490080411 -0.00069796236986110365 0.0080751462407520971 0.0046060656817897803 0.007977653675026489 0.001161844573838727
leaf_weight=266.46393115818501 472.13484245538712 4097.015520490706 828.72828001901507 107.59014385007322 573.07267168723047 1183.7948223538697 344.09055236726999 125.35680762678385 1497.6552569791675 454.52182978019118 157.64421281218529 109.63543169759214 134.34113523177803 345.70391958020627
leaf_count=3718 6237 54301 11442 1066 7840 15547 4503 1792 18975 5992 1978 1231 1481 4517
internal_value=0 0.00019821 -0.00029773 0.00101623 -0.00268154 -0.00148985 0.00140634 0.00494871 0.00111025 0.00201744 0.00294787 0.000309692 0.00458495 0.0032473
internal_weight=0 9858.21 6109.54 3748.67 839.537 2012.52 3276.54 232.947 3043.59 1545.94 981.78 564.157 637.689 480.045
internal_count=140620 129062 81290 47772 11558 26989 41535 2858 38677 19702 12479 7223 7976 5998
is_linear=0
shrinkage=0.0101079


Tree=26
num_leaves=15
num_cat=0
split_feature=0 27 28 21 14 13 27 13 3 3 20 20 16 27
split_gain=62.2007 46.934 104.285 24.8012 24.7198 24.5114 21.005 20.901 26.7777 34.6365 21.8112 21.0691 20.1777 17.8335
threshold=0.46390178799629217 -0.50938662886619557 0.41268247365951544 -7.2519342899322501 -25.121046066284176 -0.078789908438920961 -0.83743050694465626 0.011761362198740246 0.26354663074016577 0.36100544035434728 0.60299754142761242 -3.8477752208709712 0.72197952866554271 -0.72982063889503468
decision_type=2 2 2 2 2 2 2 2 2 2 2 2 2 2
left_child=12 2 6 4 -3 -6 -2 8 -5 10 -10 -11 -1 -4
right_child=1 3 13 7 5 -7 -8 -9 9 11 -12 -13 -14 -15
leaf_value=-0.0050277542286824451 -0.00056192276184670851 -0.00012915158907521101 -0.0032239146934722029 -0.0030514515118863143 0.0081579913000020439 0.0022815189114761374 0.0013797033062637031 0.00099775171952729697 0.0043699072991402119 0.0033163281860107089 0.00027100466387255278 -0.00064026736326388818 0 -0.0074703520076347925
leaf_weight=319.88022341765463 1758.0232063923031 245.56490827351809 528.3557226806879 291.75595710985363 97.789015028625727 397.92356323078275 829.92323732562363 2936.3462366424501 274.64589509926736 136.16830606944859 295.27153995633125 2337.9583130124956 114.88874352350831 160.71713145822287
leaf_count=4519 23316 2984 7248 3881 1254 6196 10798 36475 3866 1978 3645 31118 1569 2163
internal_value=0 0.000120888 -0.000871536 0.000590809 0.00234022 0.00362735 4.73566e-05 0.000375012 -0.000162069 0.000108531 0.00234805 -0.000396661 -0.00374884 -0.00434346
internal_weight=0 10290.4 3277.02 7013.42 741.277 495.713 2587.95 6272.15 3335.8 3044.04 569.917 2474.13 434.769 689.073
internal_count=141010 134922 43525 91397 10434 7450 34114 80963 44488 40607 7511 33096 6088 9411
is_linear=0
shrinkage=0.0101079


Tree=27
num_leaves=15
num_cat=0
split_feature=28 27 33 12 2 27 5 7 2 3 28 33 6 7
split_gain=52.4273 94.1488 37.2886 43.1303 36.5797 49.6688 29.0118 27.8629 23.749 35.9799 26.7981 23.2908 25.2814 31.7368
threshold=-0.37256073951721186 0.1413247883319855 0.9962500035762788 -0.031496837735176079 0.60196971893310558 -0.91080963611602772 -4.9215650558471671 4.787830352783204 0.53501522541046154 0.22622041404247287 0.33172981441020971 1.0000000180025095e-35 -3.1577403545379634 8.5986647605896014
decision_type=2 2 10 2 2 2 2 2 2 2 2 10 2 2
left_child=11 4 8 -4 7 -6 -7 -2 9 -3 -11 -1 -13 -14
right_child=1 2 3 -5 5 6 -8 -9 -10 10 -12 12 13 -15
leaf_value=0.0013464399604859944 -0.00060213811877270109 -0.0020118968190089206 0.0062525865759488737 0.0010104960849978684 -0.00067951699071234139 0.00097205024189077295 -0.0037950356003083421 0.0059254232442663363 -0.0005827026111056891 0 0.005178647022235968 0.0020212914470818799 -0.002625532564584406 0.0014770440590593469
leaf_weight=3131.3961703758687 164.68797579593956 167.62933581322432 220.15541356801987 647.45043262839317 1365.095817733556 126.11404790729284 1410.9907310605049 94.189041223376989 1808.474997267127 149.76864364929497 272.55955933779478 323.81786020100117 568.59146945178509 269.76677066087723
leaf_count=49054 2441 2553 1295 3838 18111 1738 18928 1190 28427 2186 4401 1924 3409 1570
internal_value=0 -0.00054983 0.000644054 0.00242988 -0.00179472 -0.00212607 -0.00337483 0.00172255 0 0.00174024 0.003333 0.000891333 -0.000301083 -0.00125612
internal_weight=0 6427.12 3266.04 867.606 3161.08 2902.2 1537.1 258.877 2398.43 589.958 422.328 4293.57 1162.18 838.358
internal_count=141065 85108 42700 5133 42408 38777 20666 3631 37567 9140 6587 55957 6903 4979
is_linear=0
shrinkage=0.0101079


Tree=28
num_leaves=15
num_cat=0
split_feature=0 27 3 3 16 13 28 2 29 27 0 30 16 33
split_gain=67.4076 45.3354 40.4984 44.4263 33.2722 40.2239 27.3518 42.5079 30.283 40.6948 31.3616 29.1317 30.3573 25.5153
threshold=0.58099865913391124 -0.50938662886619557 0.36100544035434728 0.23038341104984286 0.15431796014308932 -0.032275993376970284 -0.22706275433301923 0.84933161735534679 -1.0000000180025095e-35 -0.076279435306787477 1.0612351894378664 -0.56174489110708226 0.61294791102409374 0.9962500035762788
decision_type=2 2 2 2 2 2 2 2 2 2 2 2 2 10
left_child=1 -1 3 -2 -3 -6 -4 11 -9 10 -10 12 -8 -13
right_child=2 4 6 -5 5 -7 7 8 9 -11 -12 13 -14 -15
leaf_value=-0.006837272065751283 -0.0013056815125656769 0.0031556656890713254 0.00053889923800282851 0.002364623521127858 -0.0059698060006021774 -0.00090638077439155569 -0.0038702877733262542 0.00072904072064133678 -0.0041721866853455169 -5.0799650685125653e-05 -0.00067348857317083206 0.00081575030898871413 0.0021923652222305351 0.0052413683206533872
leaf_weight=176.80986609868705 408.26301658898592 135.14543676003814 3878.3139092475176 1562.8418738488108 202.01634193770587 827.51092198491096 191.47822328656912 524.64096720702946 844.80100999772549 774.31244285963476 425.95537862926722 436.28853675536811 131.24319809302688 207.00949330627918
leaf_count=2211 5445 1979 51078 19755 2833 11312 2699 6698 11939 9960 5192 7100 1718 1230
internal_value=0 -0.00211957 0.000296556 0.00158184 -0.00132897 -0.00197561 -4.09711e-05 -0.000688246 -0.00137378 -0.00193367 -0.00304213 0.00109022 -0.00128847 0.00234686
internal_weight=0 1341.48 9385.15 1971.1 1164.67 1029.53 7414.04 3535.73 2569.71 2045.07 1270.76 966.019 322.721 643.298
internal_count=141149 18335 122814 25200 16124 14145 97614 46536 33789 27091 17131 12747 4417 8330
is_linear=0
shrinkage=0.0101079


Tree=29
num_leaves=15
num_cat=0
split_feature=28 27 29 30 33 14 5 27 14 14 11 33 33 3
split_gain=50.1247 111.582 86.1236 52.1495 46.5448 36.754 26.8086 31.4548 21.6827 37.7217 21.6394 35.5906 26.9139 20.8102
threshold=0.20576497167348864 0.11969653144478799 -1.0000000180025095e-35 1.0000000180025095e-35 0.9962500035762788 -14.287256240844725 -4.0409381389617911 -0.032717135734856122 -20.084810256958004 -7.5620915889739981 0.098160021007061019 0.99472221732139599 0.9962500035762788 0.33285571634769445
decision_type=2 2 2 2 10 2 2 2 2 2 2 10 10 2
left_child=8 2 5 10 -5 -2 -4 -8 -1 -10 11 -3 -12 -11
right_child=1 3 6 4 -6 -7 7 -9 9 13 12 -13 -14 -15
leaf_value=0.0023282260107960096 -0.0033219366042154743 -0.00019174148929742839 0 0.0010828059895971376 0.0063287798187473075 0.0032556191550225265 -0.0046083309640942297 -0.00014341148445027907 -0.00050786827798145499 0.0029930175677570854 -0.00037194329280270343 -0.0047433940011829883 0.0050913999437540861 0.00072181991961196769
leaf_weight=633.91764662601054 106.71395762450993 721.07104082964361 186.85056611336768 665.98259853571653 241.80460493266582 314.42015117406845 1277.1297116149217 206.49911677278578 2712.1817236952484 511.65555636025965 250.87935409508646 234.01850983500481 127.39512795209885 2544.8392952028662
leaf_count=8350 1376 11535 2672 10293 1408 4153 17319 2729 37160 6267 3890 1412 746 31783
internal_value=0 -0.00085283 -0.00253187 0.000699439 0.00256552 0.00146497 -0.0035657 -0.00401795 0.000553729 0.0003489 -0.000548204 -0.00137783 0.00142736 0.00112174
internal_weight=0 4332.76 2091.61 2241.15 907.787 421.134 1670.48 1483.63 6402.59 5768.68 1333.36 955.09 378.274 3056.49
internal_count=141093 57533 28249 29284 11701 5529 22720 20048 83560 75210 17583 12947 4636 38050
is_linear=0
shrinkage=0.0101079


Tree=30
num_leaves=15
num_cat=0
split_feature=23 3 23 3 29 13 12 21 11 4 2 29 10 29
split_gain=43.4705 39.9043 38.6228 37.6088 24.4842 30.821 38.5915 24.3692 22.8376 22.1292 22.1181 44.1726 30.3512 40.1879
threshold=0.38837011158466345 0.36100544035434728 1.1386243700981142 0.23038341104984286 0.87837970256805431 -0.0089903832413256151 0.04367086477577687 -0.86832651495933522 0.06485829129815103 1.5315402150154116 0.76463505625724804 0.6078576147556306 0.099012576043605818 -1.0000000180025095e-35
decision_type=2 2 2 2 2 2 2 2 2 2 2 2 2 2
left_child=-1 3 10 -2 5 -5 9 -6 -9 -7 11 -3 13 -12
right_child=1 2 -4 4 7 6 -8 8 -10 -11 12 -13 -14 -15
leaf_value=-0.0037389627002254828 -0.00096992161044561582 -0.0012704488327252824 0.00077858734134536231 0.00074087260868974797 0.0030575619821976551 0.005426421398517167 -0.0013416732424347739 -0.0048693277483984939 0.00092013368123225003 5.0353434695580879e-05 0.001112861553349239 0.0023242793791739386 -0.00036440352862122049 -0.0029770592594965711
leaf_weight=297.79455071501434 552.95608319528401 737.78510624542832 2667.043199269101 599.45403107628226 134.70895810052752 621.12375137582421 111.55208395421505 135.931860614568 112.55243218317628 107.00699308887124 283.75143763050437 641.24624729342759 2441.1369715668261 1262.1863717921078
leaf_count=3887 7208 10389 35671 7914 2031 7586 1524 1604 1243 1416 3931 7941 32021 16526
internal_value=0 0.000129251 -0.000206978 0.00128038 0.00198653 0.00259062 0.0038448 -0.000184893 -0.00213956 0.00470011 -0.000704767 0.000375478 -0.00108854 -0.00219852
internal_weight=0 10408.4 8033.15 2375.29 1822.33 1439.14 839.683 383.193 248.484 728.131 5366.11 1379.03 3987.07 1545.94
internal_count=140892 137005 106479 30526 23318 18440 10526 4878 2847 9002 70808 18330 52478 20457
is_linear=0
shrinkage=0.0101079


Tree=31
num_leaves=15
num_cat=0
split_feature=0 27 28 29 30 3 14 2 28 7 29 23 2 10
split_gain=62.9083 40.4256 103.637 61.8476 42.1732 32.1143 31.9267 25.3957 24.7401 28.2191 26.7648 29.7774 23.6362 32.3774
threshold=0.46390178799629217 -0.43245348334312433 0.35222910344600683 -1.0000000180025095e-35 1.0000000180025095e-35 0.23038341104984286 -20.805227279663082 0.60196971893310558 0.86046862602233898 8.1592531204223651 1.0000000180025095e-35 0.87077835202217113 1.2661192417144778 0.16069140285253528
decision_type=2 2 2 2 2 2 2 2 2 2 2 2 2 2
left_child=7 2 -2 -4 5 -3 -7 -1 9 -8 -11 -12 13 -6
right_child=1 4 3 -5 12 6 8 -9 -10 10 11 -13 -14 -15
leaf_value=0 0.00029575736557258111 -0.0029649990920045358 0.001381981977070731 -0.0050283845931427982 0.0015729116645962745 0.0038495889122885842 -0.00026311768526366319 -0.0053587855944818704 -0.0019067905732450892 -0.00035540603396650924 0.0056877468239597429 0.0007041584670549496 0 0.0052871317472211127
leaf_weight=134.83774729259312 2647.3513838648796 342.48943225666881 180.80440041236579 705.05954273417592 1808.672747336328 226.49659128859639 1945.3621758408844 295.48341141827404 574.19852353446186 298.12518722563982 263.22348412312567 266.68912976421416 751.400464637205 288.49238628149033
leaf_count=1960 34831 4706 2390 9735 23744 3028 26261 4124 7459 3719 2949 3237 9409 3588
internal_value=0 0.000175994 -0.000693914 -0.00367408 0.000636569 -3.44145e-05 0.000240823 -0.00373508 0 0.000384998 0.00194462 0.00330061 0.00157093 0.00212041
internal_weight=0 10298.4 3533.22 885.864 6765.15 3916.58 3574.1 430.321 3347.6 2773.4 828.038 529.913 2848.57 2097.17
internal_count=141140 135056 46956 12125 88100 51359 46653 6084 43625 36166 9905 6186 36741 27332
is_linear=0
shrinkage=0.0101079


Tree=32
num_leaves=15
num_cat=0
split_feature=0 3 28 27 29 3 13 27 28 5 5 9 29 10
split_gain=61.1438 31.717 41.253 39.207 47.4566 27.7651 33.5824 27.6625 27.7202 27.3923 32.9588 24.0895 22.668 33.535
threshold=0.5313972830772401 0.46502168476581579 0.24825246632099154 -0.50938662886619557 -1.0000000180025095e-35 0.23038341104984286 -0.078789908438920961 -0.47136868536472315 0.88186877965927135 -3.9673790931701656 1.1747768521308901 0.28134842216968542 0.87837970256805431 0.14817664772272113
decision_type=2 2 2 2 2 2 2 2 2 2 2 2 2 2
left_child=7 5 12 4 -4 -2 -7 -1 -9 -8 11 -11 13 -3
right_child=1 2 3 -5 -6 6 9 8 -10 10 -12 -13 -14 -15
leaf_value=-0.0074525026070117982 -0.0013209276023965608 -0.00083194953793074065 0.0013191330669955494 -0.00015744346212632031 -0.0042839146661082777 0.0051711265862934841 -0.0020932067075387314 0.0011572180561951805 -0.0029805347718229224 0.0026930716883871867 -2.4268008786566745e-05 -0.00053363897736179037 0.0017946151527627426 0.0012863419366292701
leaf_weight=102.75154140777886 465.8819600827992 2087.3885861877352 182.08924625813961 1122.6003287900239 682.60458937473595 207.83766447380185 255.39503633230925 210.52143485657871 568.82334375567734 1414.1524035017937 1131.4948040209711 256.72721573337913 840.39274431578815 1191.3818839658052
leaf_count=1334 6148 28090 2459 14781 9524 2525 3504 2885 8025 18004 14025 3259 11217 15269
internal_value=0 0.000194362 -0.000249069 -0.00144597 -0.00305637 0.000929879 0.00126569 -0.00257194 -0.00181098 0.00097481 0.00127375 0.00217299 0.000320168 -4.87192e-05
internal_weight=0 9837.95 6106.46 1987.29 864.694 3731.49 3265.61 882.096 779.345 3057.77 2802.37 1670.88 4119.16 3278.77
internal_count=141049 128805 81340 26764 11983 47465 41317 12244 10910 38792 35288 21263 54576 43359
is_linear=0
shrinkage=0.0101079


Tree=33
num_leaves=15
num_cat=0
split_feature=22 2 13 7 5 14 22 2 30 3 13 13 15 8
split_gain=50.4517 44.0879 36.9824 35.1061 25.0025 24.2282 19.6449 25.7286 47.4589 34.5085 29.0216 26.7168 23.0821 22.7993
threshold=-0.85343691706657399 0.73795384168624889 -0.088784128427505479 6.752274990081788 -3.8195005655288692 -4.7164671421051017 0.4971242249011994 0.97159996628761303 1.0000000180025095e-35 0.23038341104984286 0.039142260327935226 -0.0025864365743473168 14.604484081268312 -1.3964850306510923
decision_type=2 2 2 2 2 2 2 2 2 2 2 2 2 2
left_child=1 3 -2 -1 -3 -6 7 8 9 -4 12 -10 13 -11
right_child=2 4 6 -5 5 -7 -8 -9 11 10 -12 -13 -14 -15
leaf_value=-0.0010718567308507713 0.0037924645772156882 0.0010742674640793653 -0.0037686916344774179 0.005404626302830574 -0.0053205386344259923 -0.00067920228671019558 0.00095834101150652114 -0.00077241449383754022 0.00028491302425639315 0.0025201925369149757 0.0025854049009519145 0.0031961720759110931 -0.0050269546545894713 -0.00077516365667487164
leaf_weight=318.96358098089695 278.00881191529334 92.015640774741769 272.94301971420646 106.32998260110617 486.05150874890387 180.51761439628899 2075.2620255742222 3531.6941479668021 619.50116750970483 247.40036930330098 359.73167554475367 751.67745600827038 103.2806115988642 1281.4065138176084
leaf_count=4863 3331 1361 3650 1534 6789 2676 27854 45529 8470 3315 4354 9144 1376 16544
internal_value=0 -0.00199876 0.000206746 0.000520555 -0.00345517 -0.00414558 9.14762e-05 -0.000154617 0.000434713 -0.000449595 0 0.00191909 -0.000557436 -0.000205661
internal_weight=0 1183.88 9520.91 425.294 758.585 666.569 9242.9 7167.63 3635.94 2264.76 1991.82 1371.18 1632.09 1528.81
internal_count=140790 17223 123567 6397 10826 9465 120236 92382 46853 29239 25589 17614 21235 19859
is_linear=0
shrinkage=0.0101079


Tree=34
num_leaves=15
num_cat=0
split_feature=0 27 2 15 27 28 30 33 18 2 16 30 29 2
split_gain=59.4036 52.4059 43.9908 26.8584 26.7126 39.5869 29.1663 35.9449 31.778 25.8562 25.7897 25.2339 24.5723 23.1615
threshold=0.58912330865859996 0.11969653144478799 0.60638910531997692 4.0417006015777597 -0.71473535895347584 0.41268247365951544 1.0000000180025095e-35 0.99472221732139599 81.500000000000014 1.6279584765434267 0.76498666405677807 1.0000000180025095e-35 -1.0000000180025095e-35 1.2115905880928042
decision_type=2 2 2 2 2 2 2 10 2 2 2 2 2 2
left_child=1 2 -1 -3 5 6 9 8 -8 -2 -5 -6 -7 -13
right_child=4 3 -4 10 11 12 7 -9 -10 -11 -12 13 -14 -15
leaf_value=0.0010293202341203139 0.0024973020201693196 0.0050935670538507808 -0.0046573848631208973 -0.0019954749668767494 0.00014734765735540051 0.0009932873683540862 -0.0010925344974837688 -0.0047042523999710891 0.005115723839050847 -0.00033107669708635546 0.0029931694526130217 0.0020449019612380783 -0.0044594368029466499 4.8784607900101411e-05
leaf_weight=158.40412618592381 619.0139329303056 95.511332638561726 663.06019929051399 365.09304610826075 3902.156139107421 92.472153894603252 503.56983444094658 232.67414630949497 93.111849840730429 649.44701631739736 136.86844530887902 1915.5437986720353 351.65209125541151 920.93467128276825
leaf_count=2332 8593 1316 8951 5033 50993 1250 8024 1406 1484 8113 1811 24943 5108 11472
internal_value=0 -0.00186297 -0.00351258 0.000353858 0.000351588 -0.000521256 4.4074e-05 -0.00140216 -4.3479e-06 0.00102413 -0.000531306 0.000687062 -0.00323687 0.00141292
internal_weight=0 1418.94 821.464 597.473 9280.58 2541.94 2097.82 829.356 596.682 1268.46 501.961 6738.63 444.124 2836.48
internal_count=140829 19443 11283 8160 121386 33978 27620 10914 9508 16706 6844 87408 6358 36415
is_linear=0
shrinkage=0.0101079


Tree=35
num_leaves=15
num_cat=0
split_feature=0 3 3 27 22 28 12 21 20 27 18 30 0 3
split_gain=56.2476 36.5412 41.9546 32.5391 28.8833 23.9234 20.7109 26.8795 19.8766 25.431 21.4643 18.667 17.6463 25.4403
threshold=0.5313972830772401 0.36100544035434728 0.23038341104984286 -0.49049438536167139 -0.84395086765289296 0.7298206388950349 0.04197500832378865 5.6062936782836923 0.60299754142761242 0.61734244227409374 16.500000000000004 0.81174489855766307 1.5442624092102053 0.64752128720283519
decision_type=2 2 2 2 2 2 2 2 2 2 2 2 2 2
left_child=3 2 11 -1 -3 -5 7 8 9 -4 -11 -2 13 -6
right_child=1 4 6 5 12 -7 -8 -9 -10 10 -12 -13 -14 -15
leaf_value=-0.0078637175470596208 -0.0024558415819742317 -0.0020793082337858333 0.00086824605467184326 0.001159234003859502 0.00044320150136296791 -0.0026952712662308147 -0.00051232685982197383 0.006061653127955092 0 0.001584793113668435 0.0063996133857916453 0.0019597068471366159 0.0011925625695275285 -0.00091508107563064106
leaf_weight=95.668132089078426 342.20965274050832 662.19981036521494 421.39762119762599 207.25219714269042 3355.1342042256147 574.65227199345827 227.81456337869167 203.40305875986814 373.18113545328379 198.19876244850457 259.36778353527188 119.50524425134063 1270.2003315482289 2401.5749403983355
leaf_count=1245 4889 9692 5082 2839 43302 8082 2884 2448 4730 2671 3385 1225 16406 32121
internal_value=0 0.000250309 0.00141525 -0.0024092 -7.05013e-05 -0.00162097 0.00216241 0.00260922 0.00198292 0.00280669 0.00446131 -0.0012134 0.000115098 -0.00011688
internal_weight=0 9834.19 2145.08 877.573 7689.11 781.904 1683.36 1455.55 1252.15 878.964 457.567 461.715 7026.91 5756.71
internal_count=141001 128835 27314 12166 101521 10921 21200 18316 15868 11138 6056 6114 91829 75423
is_linear=0
shrinkage=0.0101079


end of trees

feature_importances:
Column_2=56
Column_3=50
Column_27=44
Column_28=39
Column_13=38
Column_0=37
Column_30=37
Column_29=31
Column_14=18
Column_33=18
Column_7=14
Column_11=13
Column_16=13
Column_22=13
Column_17=12
Column_23=12
Column_15=9
Column_12=8
Column_21=7
Column_5=6
Column_10=6
Column_20=6
Column_18=4
Column_6=3
Column_8=3
Column_32=3
Column_9=2
Column_4=1
Column_31=1

parameters:
[boosting: gbdt]
[objective: binary]
[metric: auc]
[tree_learner: serial]
[device_type: cpu]
[data_sample_strategy: bagging]
[data: ]
[valid: ]
[num_iterations: 600]
[learning_rate: 0.0101079]
[num_leaves: 15]
[num_threads: 2]
[seed: 42]
[deterministic: 0]
[force_col_wise: 0]
[force_row_wise: 0]
[histogram_pool_size: -1]
[max_depth: -1]
[min_data_in_leaf: 1280]
[min_sum_hessian_in_leaf: 0.001]
[bagging_fraction: 0.829452]
[pos_bagging_fraction: 1]
[neg_bagging_fraction: 1]
[bagging_freq: 1]
[bagging_seed: 42]
[feature_fraction: 0.727545]
[feature_fraction_bynode: 1]
[feature_fraction_seed: 42]
[extra_trees: 0]
[extra_seed: 12879]
[early_stopping_round: 0]
[early_stopping_min_delta: 0]
[first_metric_only: 0]
[max_delta_step: 0]
[lambda_l1: 4.00664]
[lambda_l2: 7.63247]
[linear_lambda: 0]
[min_gain_to_split: 0]
[drop_rate: 0.1]
[max_drop: 50]
[skip_drop: 0.5]
[xgboost_dart_mode: 0]
[uniform_drop: 0]
[drop_seed: 17869]
[top_rate: 0.2]
[other_rate: 0.1]
[min_data_per_group: 100]
[max_cat_threshold: 32]
[cat_l2: 10]
[cat_smooth: 10]
[max_cat_to_onehot: 4]
[top_k: 20]
[monotone_constraints: ]
[monotone_constraints_method: basic]
[monotone_penalty: 0]
[feature_contri: ]
[forcedsplits_filename: ]
[refit_decay_rate: 0.9]
[cegb_tradeoff: 1]
[cegb_penalty_split: 0]
[cegb_penalty_feature_lazy: ]
[cegb_penalty_feature_coupled: ]
[path_smooth: 0]
[interaction_constraints: ]
[verbosity: -1]
[saved_feature_importance_type: 0]
[use_quantized_grad: 0]
[num_grad_quant_bins: 4]
[quant_train_renew_leaf: 0]
[stochastic_rounding: 1]
[linear_tree: 0]
[max_bin: 255]
[max_bin_by_feature: ]
[min_data_in_bin: 3]
[bin_construct_sample_cnt: 200000]
[data_random_seed: 175]
[is_enable_sparse: 1]
[enable_bundle: 1]
[use_missing: 1]
[zero_as_missing: 0]
[feature_pre_filter: 1]
[pre_partition: 0]
[two_round: 0]
[header: 0]
[label_column: ]
[weight_column: ]
[group_column: ]
[ignore_column: ]
[categorical_feature: ]
[forcedbins_filename: ]
[precise_float_parser: 0]
[parser_config_file: ]
[objective_seed: 16083]
[num_class: 1]
[is_unbalance: 0]
[scale_pos_weight: 1]
[sigmoid: 1]
[boost_from_average: 1]
[reg_sqrt: 0]
[alpha: 0.9]
[fair_c: 1]
[poisson_max_delta_step: 0.7]
[tweedie_variance_power: 1.5]
[lambdarank_truncation_level: 30]
[lambdarank_norm: 1]
[label_gain: ]
[lambdarank_position_bias_regularization: 0]
[eval_at: ]
[multi_error_top_k: 1]
[auc_mu_weights: ]
[num_machines: 1]
[local_listen_port: 12400]
[time_out: 120]
[machine_list_filename: ]
[machines: ]
[gpu_platform_id: -1]
[gpu_device_id: -1]
[gpu_use_dp: 0]
[num_gpu: 1]

end of parameters

pandas_categorical:null
