tree
version=v4
num_class=1
num_tree_per_iteration=1
label_index=0
max_feature_idx=33
objective=binary sigmoid:1
feature_names=Column_0 Column_1 Column_2 Column_3 Column_4 Column_5 Column_6 Column_7 Column_8 Column_9 Column_10 Column_11 Column_12 Column_13 Column_14 Column_15 Column_16 Column_17 Column_18 Column_19 Column_20 Column_21 Column_22 Column_23 Column_24 Column_25 Column_26 Column_27 Column_28 Column_29 Column_30 Column_31 Column_32 Column_33
feature_infos=[0.22403052449226379:4.806818962097168] [0.027025075629353523:26.170040130615234] [0.17134076356887817:8.6935958862304688] [0.087584272027015686:1] [-28.67047119140625:41.262332916259766] [-36.190670013427734:42.326030731201172] [-36.841156005859375:62.500308990478516] [-45.158794403076172:63.120437622070312] [-22.455821990966797:30.680826187133789] [0:0.95389312505722046] [0:0.64536702632904053] [0:0.40022626519203186] [-0.51016271114349365:0.5480339527130127] [-0.15783818066120148:0.22172828018665314] [-46.22015380859375:17.161741256713867] [-8.3726015090942383:64.2962646484375] [0:1] [0:95] [0:95] [-1:1] [-29.775985717773438:44.984848022460938] [-30.712318420410156:55.0223388671875] [-2.5033562183380127:15.253066062927246] [0.049656935036182404:4.2456021308898926] [-1:1] [0:1] [0:1] [-1:1] [-1:1] [-0.78183150291442871:0.97492790222167969] [-0.90096884965896606:1] [0:1] [0:1] [0.89999997615814209:4.5999999046325684]
tree_sizes=1735 1812 1798 1779 1784 1800 1831 1748 1799 1789 1807 1818 1788 1753 1801 1793 1795 1803 1774 1805 1758 1784 1798 1794 1787 1804 1792 1807 1780 1805 1791 1809 1782 1804 1767

Tree=0
num_leaves=15
num_cat=0
split_feature=22 27 13 28 27 29 29 29 29 3 3 33 2 7
split_gain=86.8407 79.1151 44.6644 45.129 55.0704 69.4822 41.6834 40.6307 36.6741 37.95 34.039 33.714 33.6468 32.333
threshold=-0.85343691706657399 0.20576497167348864 -0.088784128427505479 -0.39271505177021021 0.11969653144478799 -1.0000000180025095e-35 -1.0000000180025095e-35 -1.0000000180025095e-35 1.0000000180025095e-35 0.23038341104984286 0.39268061518669134 1.0000000180025095e-35 0.60196971893310558 13.215334892272951
decision_type=2 2 2 2 2 2 2 2 2 2 2 10 2 2
left_child=1 6 -2 11 5 -5 -1 -6 10 -10 -9 -4 -8 -11
right_child=2 -3 3 4 7 -7 12 8 9 13 -12 -13 -14 -15
leaf_value=-1.0552266635796006 -1.0525157793677025 -1.055557195064299 -1.0552388792528256 -1.0551393960137743 -1.0586469996450769 -1.0593111692973496 -1.0567995278566038 -1.050026655944688 -1.0610416829907339 -1.0565320975128247 -1.055500067012624 -1.0572793641780165 -1.06272594491748 -1.0523044118574019
leaf_weight=97.097339244559407 276.59431328810751 373.4156480114907 2978.1677864156663 507.95848067849874 572.63102814741433 1809.3879001326859 105.00891958735883 195.16745871864259 153.80062662810087 1357.3074508775026 340.24976100027561 1103.204906642437 640.66291703097522 211.85061150416732
leaf_count=1413 3375 5658 47139 6649 7353 23484 1585 2622 2066 17743 4378 6605 8658 2357
internal_value=-1.0568 -1.05933 -1.05647 -1.0566 -1.05722 -1.05838 -1.06105 -1.05628 -1.05566 -1.05641 -1.05336 -1.0558 -1.06187 -1.05592
internal_weight=0 1216.18 9506.32 9229.73 5148.35 2317.35 842.769 2831.01 2258.38 1722.96 535.417 4081.37 745.672 1569.16
internal_count=141085 17314 123771 120396 66652 30133 11656 36519 29166 22166 7000 53744 10243 20100
is_linear=0
shrinkage=1


Tree=1
num_leaves=15
num_cat=0
split_feature=22 2 28 13 28 2 30 33 33 3 13 3 28 13
split_gain=78.7892 57.2926 45.2412 40.2808 39.6281 39.4873 90.099 41.6078 37.5325 34.3289 30.7484 29.2246 27.3007 28.1455
threshold=-0.85343691706657399 0.61092099547386181 0.4904943853616715 -0.088784128427505479 -0.39271505177021021 0.9445079267024995 1.0000000180025095e-35 1.055555582046509 1.0000000180025095e-35 0.23038341104984286 0.035282049328088767 0.53311103582382213 0.89194178581237804 0.049771795049309737
decision_type=2 2 2 2 2 2 2 8 10 2 2 2 2 2
left_child=1 -1 -3 -2 8 6 9 -8 -5 -6 11 -10 13 -11
right_child=3 2 -4 4 5 -7 7 -9 10 12 -12 -13 -14 -15
leaf_value=0.0014901278194037937 0.0040298998429942621 1.3529968536407707e-05 -0.0048903604086559648 0.0015150800099746847 -0.0047364379932972071 -0.0012459603283725145 0.0062545459473250156 0.0014682196867449992 -0.0039551140492529377 -0.0001646241622066035 0.0025326799601179842 -4.6321983129428703e-05 -0.0027915556706860577 0.0046321297044960175
leaf_weight=277.05808501504362 280.08108581975102 240.7212447617203 705.11907273158431 2980.3532738704234 207.61125271208584 2717.3607704807073 280.20103672146797 637.66476434096694 317.2045608907938 823.65446059219539 227.69947499036789 545.51217387616634 335.98326970823109 137.02037548832595
leaf_count=4166 3377 3528 9679 47223 2644 34652 1674 10472 1895 11053 1360 3277 4202 1668
internal_value=0 -0.0024193 -0.0036097 0.000298862 0.000177766 -0.000406642 0.000519267 0.00301265 0.000924914 -0.000982874 -0.000650581 -0.00155212 -0.000326631 0.000508828
internal_weight=0 1222.9 945.84 9490.35 9210.27 5139.5 2422.14 917.866 4070.77 1504.27 1090.42 862.717 1296.66 960.675
internal_count=140870 17373 13207 123497 120120 66365 31713 12146 53755 19567 6532 5172 16923 12721
is_linear=0
shrinkage=0.0101079


Tree=2
num_leaves=15
num_cat=0
split_feature=0 2 16 3 3 28 28 2 29 10 3 15 8 15
split_gain=96.6939 50.6275 51.0722 44.816 59.2699 44.2478 33.8737 53.8945 33.2863 38.3124 30.1007 26.0648 25.7985 24.1809
threshold=0.58912330865859996 0.60196971893310558 0.75301346182823192 0.36100544035434728 0.23038341104984286 0.45201864838600164 -0.41268247365951533 0.84933161735534679 -1.0000000180025095e-35 0.12514593452215197 0.55664652585983287 23.370211601257328 1.486498296260834 4.4071977138519296
decision_type=2 2 2 2 2 2 2 2 2 2 2 2 2 2
left_child=1 2 13 4 -2 -3 11 -8 -9 -10 -11 -5 -6 -1
right_child=3 5 -4 6 12 -7 7 8 9 10 -12 -13 -14 -15
leaf_value=0.0025118283785940665 -0.001623821769480494 0.00026536911889052037 0.0060217658499089714 0.00058964442711580513 0.003271155822678068 -0.0046741021699801778 0.0013489616195490018 0.00080004029348246177 -0.0031321591795225681 0.00221791803039777 -0.0014256819830145981 0.0047838996748560134 -0.00014602557377867568 -0.0033494810281211557
leaf_weight=88.814081143587828 394.57315042056143 218.58202318847179 116.0188870318234 3094.7702971920371 1274.2914207633585 814.24968402832747 1076.8679243512452 603.52409284003079 1156.1932346317917 292.12387691810727 953.53279729001224 155.9347965978086 246.02917404472828 230.88079165667295
leaf_count=1274 5302 3062 1371 41394 16181 10533 14304 7728 15091 3578 12703 2031 3274 3331
internal_value=0 -0.0023795 0.00042396 0.000405885 0.00178007 -0.00359554 4.00421e-05 -0.000566734 -0.00126827 -0.00180569 -0.00053059 0.000814005 0.00269369 -0.00157683
internal_weight=0 1468.55 435.714 9247.84 1914.89 1032.83 7332.95 4082.24 3005.37 2401.85 1245.66 3250.71 1520.32 319.695
internal_count=141157 19571 5976 121586 24757 13595 96829 53404 39100 31372 16281 43425 19455 4605
is_linear=0
shrinkage=0.0101079


Tree=3
num_leaves=15
num_cat=0
split_feature=0 27 2 3 28 27 29 3 13 13 7 5 20 0
split_gain=85.9305 59.8423 60.3405 55.4595 51.5008 44.0067 60.5293 33.0242 44.4875 32.2701 40.9194 30.6298 42.3554 29.9342
threshold=0.58099865913391124 0.054511256515979774 0.60196971893310558 0.46502168476581579 -0.20576497167348859 -0.09801131114363669 -1.0000000180025095e-35 0.23038341104984286 -0.076540354639291749 -0.016102089546620842 5.9525740146636972 -3.9673790931701656 0.96796992421150219 1.0612351894378664
decision_type=2 2 2 2 2 2 2 2 2 2 2 2 2 2
left_child=1 2 -1 7 -5 6 9 -2 -9 -6 -11 -10 -13 -8
right_child=3 -3 -4 4 5 -7 13 8 11 10 -12 12 -14 -15
leaf_value=0.0018582455459761386 -0.0012594949859588329 0 -0.005547618182390782 0.00065950719544732828 -0.0029225389459582992 0.00038370582208712383 -0.0041869884898519324 0.00629276455400107 -0.0019488415181713641 0.00735811335802046 -0.0001628754486537315 0.0028055375755497219 0.00014844281716031423 -0.0008392467340763547
leaf_weight=123.60736107267439 404.86313267424703 621.95924131758511 623.07240469381213 3102.4853733945638 114.68811704777181 1050.7567481566221 954.67840286158025 202.61297971755266 239.40261623263359 122.66077317297459 146.8501172028482 1514.490392498672 1083.8221594560891 433.54789320006967
leaf_count=1861 5379 8442 7994 41344 1760 13632 13325 2569 3335 1506 1956 19614 13328 5221
internal_value=0 -0.00234759 -0.00426154 0.000356968 -0.000230247 -0.00122147 -0.0021934 0.00137697 0.00174362 0.00126347 0.00322235 0.00138857 0.00171642 -0.0031808
internal_weight=0 1368.64 746.68 9370.86 5925.67 2823.18 1772.43 3445.19 3040.33 384.199 269.511 2837.72 2598.31 1388.23
internal_count=141266 18297 9855 122969 78744 37400 23768 44225 38846 5222 3462 36277 32942 18546
is_linear=0
shrinkage=0.0101079


Tree=4
num_leaves=15
num_cat=0
split_feature=0 3 0 27 29 11 23 2 3 13 2 27 30 30
split_gain=98.5114 46.6587 46.7776 53.35 59.7885 48.5862 40.4414 38.0731 36.8457 46.826 32.0022 31.375 29.2099 25.9517
threshold=0.5313972830772401 0.46502168476581579 1.3921963572502138 -0.20576497167348859 -1.0000000180025095e-35 0.037911491468548782 0.96129801869392406 0.60196971893310558 0.23038341104984286 -0.078789908438920961 0.84413060545921337 0.11969653144478799 0.81174489855766307 1.0000000180025095e-35
decision_type=2 2 2 2 2 2 2 2 2 2 2 2 2 2
left_child=7 8 3 4 5 -3 10 -1 12 -10 -6 -9 -2 -11
right_child=1 2 -4 -5 6 -7 -8 11 9 13 -12 -13 -14 -15
leaf_value=0 -0.0028508011029565513 0.0057716941265977331 0.0012923160833820532 0.0002835428165060272 3.1090004687963155e-05 -0.0010893653677840507 -0.00094765691637441012 -0.0057821236470942255 0.0062708123902138644 0.0004948325676209335 -0.0049446068867704304 -0.00028689670011564886 0.0027081939188542629 0.0024475789814785323
leaf_weight=282.59959841147065 352.76589156873524 157.50693572498858 1564.8439396321774 2429.2680642940104 138.7440372556448 268.23257031291723 768.87639190070331 472.82822019793093 204.20538549683988 1838.6712552197278 794.29882848262787 157.70801983959973 118.49258302338421 1187.6174382269382
leaf_count=3936 4942 2023 20454 31910 2042 3890 10312 6118 2534 23524 10813 2168 1249 15257
internal_value=0 0.000333866 -0.000202276 -0.000725693 -0.00189385 0.00141245 -0.00274724 -0.00312318 0.00123002 0.00162084 -0.00416742 -0.004491 -0.0013476 0.00127873
internal_weight=0 9823.52 6121.77 4556.93 2127.66 425.74 1701.92 913.136 3701.75 3230.49 933.043 630.536 471.258 3026.29
internal_count=141172 128950 81444 60990 29080 5913 23167 12222 47506 41315 12855 8286 6191 38781
is_linear=0
shrinkage=0.0101079


Tree=5
num_leaves=15
num_cat=0
split_feature=23 27 23 29 2 14 13 14 5 15 7 14 11 15
split_gain=59.8815 51.7371 91.6885 103.815 44.5977 40.5954 38.7566 21.7343 18.6085 42.3372 20.7225 23.6718 22.0253 28.933
threshold=0.38837011158466345 -0.43245348334312433 1.0333152413368227 -1.0000000180025095e-35 0.72905465960502636 -9.6103954315185529 -0.078789908438920961 -24.689385414123532 0.19169071316719058 8.4021153450012225 -0.24676300585269925 -7.2394793033599845 0.049638027325272567 11.224545001983644
decision_type=2 2 2 2 2 2 2 2 2 2 2 2 2 2
left_child=-1 2 3 5 -5 -2 7 -3 -8 -10 11 -11 13 -12
right_child=1 6 -4 4 -6 -7 8 -9 9 10 12 -13 -14 -15
leaf_value=-0.0043089480979379893 -0.0011706466838450026 0.0016035621405472566 0.00050429055195558195 0.001021560393967389 -0.0048566358175353656 0.0060304259120157883 0.0010410506397390683 0.0073332442695732891 -0.0018114083308697587 0.00040699437813393154 0.0013369890538925358 0.0053580999422359592 0.001004738376371351 -0.0029460558274963236
leaf_weight=308.9115392640233 141.76046848483384 199.47639162838459 2108.3160542845726 135.73315740004182 1029.2412678655237 151.24069428816438 3196.9705690406263 125.41839409060776 966.6458433624357 245.44468215480447 244.71859762817621 185.17806527763605 1270.7308904249221 401.89116062968969
leaf_count=3898 1834 2440 27277 1945 13887 2170 43464 1743 13088 3384 2951 2235 15748 4946
internal_value=0 0.000153121 -0.000827669 -0.00277399 -0.00413503 0.00247041 0.000671025 0.00405472 0.000491435 -2.76588e-05 0.000693 0.00268473 0.00021576 -0.00126649
internal_weight=0 10402.8 3566.29 1457.98 1164.97 293.001 6836.47 324.895 6511.58 3314.61 2347.96 430.623 1917.34 646.61
internal_count=141010 137112 47113 19836 15832 4004 89999 4183 85816 42352 29264 5619 23645 7897
is_linear=0
shrinkage=0.0101079


Tree=6
num_leaves=15
num_cat=0
split_feature=22 27 13 29 28 27 30 33 29 33 13 23 2 12
split_gain=78.5706 69.6481 41.3227 38.0057 33.6256 54.6787 65.4165 78.9522 51.9882 37.0943 30.1887 29.6089 39.6181 25.2981
threshold=-0.84395086765289296 0.18436925113201144 -0.088784128427505479 -1.0000000180025095e-35 -0.39271505177021021 0.20576497167348864 1.0000000180025095e-35 0.9962500035762788 -1.0000000180025095e-35 1.0000000180025095e-35 0.035875860601663596 1.0380043983459475 0.60196971893310558 0.0085493642836809176
decision_type=2 2 2 2 2 2 2 10 2 10 2 2 2 2
left_child=1 3 -2 -1 9 8 13 -8 -6 -4 -11 12 -10 -7
right_child=2 -3 4 -5 5 6 7 -9 11 10 -12 -13 -14 -15
leaf_value=0.0015631391667836018 0.0041567298462939425 0.0010539382743707164 0.0014914598450595448 -0.0047343502464779544 0.0013105039286592957 -0.0018895335930737831 0.00082140652509068166 0.0070225433296370043 0.0017460727210394527 -0.0015372655138477631 0.0025156926562213515 -0.00045528077839580952 -0.0038236043590627669 0.00059082354913193153
leaf_weight=97.95628971979022 274.62655750103295 399.32780428417027 2982.6371684316546 761.09960532747209 528.99155138246715 794.08481528423727 767.60001509636641 292.8123274743557 133.24309399165213 872.89624859392643 226.03894326090813 681.13392827287316 1076.2083335053176 842.67337756790221
leaf_count=1417 3313 5997 47090 10526 6871 11071 11878 1746 1854 5228 1342 8582 14150 10024
internal_value=0 -0.00234159 0.000339064 -0.00396209 0.000217332 -0.000322549 0.00065612 0.0026096 -0.00142882 0.00090338 -0.000655416 -0.00221881 -0.00316963 -0.000591096
internal_weight=0 1258.38 9472.95 859.056 9198.32 5116.75 2697.17 1060.41 2419.58 4081.57 1098.94 1890.59 1209.45 1636.76
internal_count=141089 17940 123149 11943 119836 66176 34719 13624 31457 53660 6570 24586 16004 21095
is_linear=0
shrinkage=0.0101079


Tree=7
num_leaves=15
num_cat=0
split_feature=0 27 27 23 29 0 2 13 2 11 12 11 15 13
split_gain=90.3653 57.264 41.3656 40.6237 72.1253 34.4929 29.6324 27.3412 27.1428 26.1009 22.7156 19.9293 15.8604 28.4909
threshold=0.58912330865859996 -0.49049438536167139 -0.71473535895347584 1.1591882705688479 -1.0000000180025095e-35 0.46390178799629217 0.84413060545921337 -0.078789908438920961 0.59341847896575939 0.042659925296902663 -0.037745507434010499 0.13126282393932345 4.2224416732788095 0.00087164560682140302
decision_type=2 2 2 2 2 2 2 2 2 2 2 2 2 2
left_child=1 -1 3 4 9 8 -6 10 -3 -2 -4 -5 -7 -14
right_child=2 5 7 11 6 12 -8 -9 -10 -11 -12 -13 13 -15
leaf_value=-0.0071653467706985245 0.0065603285442684131 0 0.0066765014645831875 0 0.00054285565241920727 0.0024286144094047739 -0.0038880481066232552 0.00060630289601500576 -0.0054545564798354892 0 0.00048442135694039214 0.0034078929689969552 -0.0037751354773125937 0.00054899082348859303
leaf_weight=213.88732842169702 97.87326337210834 131.94795129075646 137.60470243729651 1029.3409933447838 164.96466097608209 169.35913001559675 900.37293813936412 6444.7761678788811 294.38016019575298 162.51254243589938 132.36613835580647 198.83938967622817 230.32777155563235 411.4857669249177
leaf_count=2580 1280 1872 1523 13285 2401 2397 12243 84305 3947 2301 1859 2378 3243 5389
internal_value=0 -0.00237666 0.00032904 -0.000756513 -0.00198519 -0.00147761 -0.00316521 0.000748337 -0.00378359 0.00264428 0.00388321 0.000541042 -0.00019223 -0.00096658
internal_weight=0 1451.39 9268.65 2553.9 1325.72 1237.5 1065.34 6714.75 426.328 260.386 269.971 1228.18 811.173 641.814
internal_count=141003 19428 121575 33888 18225 16848 14644 87687 5819 3581 3382 15663 11029 8632
is_linear=0
shrinkage=0.0101079


Tree=8
num_leaves=15
num_cat=0
split_feature=0 13 33 16 30 28 32 30 33 29 28 11 29 33
split_gain=87.1783 36.1232 55.7538 35.62 34.7075 34.167 51.2928 84.2081 69.0371 54.5367 41.3063 33.7663 31.4308 26.5907
threshold=0.5313972830772401 -0.088784128427505479 1.055555582046509 0.74098026752471935 1.0000000180025095e-35 -0.39271505177021021 1.0000000180025095e-35 1.0000000180025095e-35 0.9962500035762788 -1.0000000180025095e-35 0.41268247365951544 0.039783982560038574 0.87837970256805431 1.0000000180025095e-35
decision_type=2 2 8 2 2 2 2 2 10 2 2 2 2 10
left_child=3 2 -2 -1 -5 13 7 -7 -9 11 12 -8 -11 -3
right_child=1 5 -4 4 -6 6 9 8 -10 10 -12 -13 -14 -15
leaf_value=-0.0040899902727862666 0.0091472395015270505 0.0013899810189610244 0 -0.0029744924791386407 0.0046678256386782418 -0.00094014167571495298 0.0057356505356226913 0.00086788273885282966 0.0058395007511192467 -0.0024378008026172873 -0.0052723608575609938 -0.00036066170446436919 0.0013180891216843845 -0.00042057728482331212
leaf_weight=682.34021939896047 111.48668305575848 3035.2891831547022 165.32942372187972 124.07077234983444 103.02219430916011 1997.8865680266172 130.27084564976394 1108.4060074295849 391.62048327922821 842.97954568080604 406.85995462909341 248.65193296037614 289.92876020632684 1093.0335888564587
leaf_count=9347 648 47807 2725 1680 1261 26001 1695 17300 2337 11114 5502 3300 3905 6534
internal_value=0 0.000316926 0.00387476 -0.00294114 0.000359006 0.000206491 -0.000315837 0.00040352 0.0022157 -0.0016447 -0.00249888 0.0017023 -0.00143871 0.000900926
internal_weight=0 9821.74 276.816 909.433 227.093 9544.93 5416.6 3497.91 1500.03 1918.69 1539.77 378.923 1132.91 4128.32
internal_count=141156 128868 3373 12288 2941 125495 71154 45638 19637 25516 20521 4995 15019 54341
is_linear=0
shrinkage=0.0101079


Tree=9
num_leaves=15
num_cat=0
split_feature=0 27 2 3 3 13 22 27 10 5 20 15 7 2
split_gain=78.7257 58.8509 55.2314 50.9165 37.5568 45.294 37.0536 35.6577 33.6684 28.961 42.5243 25.0661 32.2835 21.9411
threshold=0.58099865913391124 0.054511256515979774 0.60196971893310558 0.46502168476581579 0.23038341104984286 -0.078789908438920961 0.4472408145666123 -0.09801131114363669 0.14351859688758853 -3.9673790931701656 1.3041712045669558 4.1587522029876718 5.4272828102111825 0.70224109292030346
decision_type=2 2 2 2 2 2 2 2 2 2 2 2 2 2
left_child=1 2 -1 4 13 -6 7 -5 -9 -7 -11 -3 -13 -2
right_child=3 11 -4 6 5 9 -8 8 -10 10 -12 12 -14 -15
leaf_value=0.0016311986582534007 -0.0031179955663159474 0.004255640548696529 -0.0054494912844054487 -0.0016373804890465569 0.0064772948968897948 -0.001883112902549704 0.00096444242400772848 -0.00091473977646085256 0.0017884595860737367 0.0026125058680777358 -3.1789622088052556e-05 -0.0032031634939835231 0.0017541230817512191 0.0017565759854871663
leaf_weight=123.63031143508852 282.72129988856614 107.99186051078141 616.29705285839736 2281.4736815206707 184.72892182692885 244.43187033571303 1731.8656028881669 1089.3658391553909 809.36766626685858 1667.8881358020008 939.74513716623187 288.63358878716826 228.16992736794055 122.30262299440801
leaf_count=1869 3803 1480 7981 30945 2288 3405 23249 14072 10385 21397 11512 4115 2885 1618
internal_value=0 -0.00229408 -0.00420767 0.00029783 0.00127583 0.00166797 -0.000265603 -0.000785712 0.000218848 0.00132585 0.00164675 0 -0.000943611 -0.00154265
internal_weight=0 1364.72 739.927 9353.89 3441.82 3036.79 5912.07 4180.21 1898.73 2852.07 2607.63 624.795 516.804 405.024
internal_count=141004 18330 9850 122674 44023 38602 78651 55402 24457 36314 32909 8480 7000 5421
is_linear=0
shrinkage=0.0101079


Tree=10
num_leaves=15
num_cat=0
split_feature=0 27 3 3 23 27 29 16 30 15 28 14 16 15
split_gain=88.5611 51.564 45.048 45.8965 31.9145 54.8507 61.9872 31.8662 29.9568 29.7633 28.7359 28.3813 26.2178 25.9326
threshold=0.58099865913391124 0.054511256515979774 0.36100544035434728 0.23038341104984286 1.1386243700981142 -0.49049438536167139 -1.0000000180025095e-35 0.74098026752471935 -0.56174489110708226 3.9815409183502202 0.41268247365951544 -9.9045009613037092 0.76498666405677807 11.224545001983644
decision_type=2 2 2 2 2 2 2 2 2 2 2 2 2 2
left_child=1 7 3 -2 5 6 11 -1 -7 -3 -8 -4 -11 -10
right_child=2 9 4 -5 -6 8 10 -9 13 12 -12 -13 -14 -15
leaf_value=-0.0054009953212244468 -0.0012552385318028957 0.0045901190288003156 -0.0013476795533958873 0.0024910177522364271 0.00085936237520916085 -0.0010894194379171692 -0.0019134040278066396 -0.00026495904891790434 0.0016464669149932503 -0.0026469122874155423 -0.0054487264122100336 0.0048951396473259079 0.0022669242873586933 -0.00068241684428378604
leaf_weight=558.3818637561053 404.48801155947149 99.236880095675588 122.19515784457326 1549.6599993836135 2642.1755550969392 1220.6580706108361 696.46756490319967 180.57625208050013 1471.6563464328647 382.55039606057107 410.96795216575265 149.06112682633102 140.15849033370614 694.94438312202692
leaf_count=7561 5407 1378 1636 19734 35562 15734 9687 2317 18777 5255 5613 2147 1853 8431
internal_value=0 -0.00242165 0.000330805 0.00169307 -2.4451e-05 -0.000523499 -0.00221917 -0.00421571 0.000158187 -0.000200466 -0.00328999 0.00197775 -0.0012393 0.00088107
internal_weight=0 1360.9 9362.27 1954.15 7408.13 4765.95 1378.69 738.958 3387.26 621.946 1107.44 271.256 522.709 2166.6
internal_count=141092 18364 122728 25141 97587 62025 19083 9878 42942 8486 15300 3783 7108 27208
is_linear=0
shrinkage=0.0101079


Tree=11
num_leaves=15
num_cat=0
split_feature=0 16 30 16 13 2 28 13 13 30 28 13 6 23
split_gain=87.4324 50.575 42.2562 36.9908 35.8103 29.9521 67.4207 28.8916 37.0459 26.6329 32.9574 36.2414 24.2499 20.7534
threshold=0.58912330865859996 0.74514618515968334 1.0000000180025095e-35 0.16977604478597644 -0.088784128427505479 0.9445079267024995 -0.16288578510284421 0.037118503823876388 0.072697788476943984 1.0000000180025095e-35 -0.09801131114363669 -0.0039105443283915511 -4.7969512939453116 0.79844006896018993
decision_type=2 2 2 2 2 2 2 2 2 2 2 2 2 2
left_child=1 3 -3 12 -2 7 -7 9 -9 13 -11 -12 -1 -6
right_child=4 2 -4 -5 5 6 -8 8 -10 10 11 -13 -14 -15
leaf_value=-0.0026727424711272844 0.0041214641274580398 -0.0019907230110669536 0.004836463548147033 -0.0042608123069381295 -0.0015121565915498397 0.00073879524419021058 -0.0015857424451682436 0.0040306686921716042 -0.00089133051763539263 2.1097170289699955e-05 0.00079541731302798632 0.0060211443429178876 0.0041298240507372528 0.00062031037538437018
leaf_weight=103.24710808880627 243.76826354302466 201.42867793701589 153.93354588933289 897.52632291987538 806.73105834051967 2930.836105145514 2231.9918689616024 554.04389183595777 196.07514122314751 677.71958808042109 309.36732558347285 271.41843187436461 92.970880204811692 1055.7405675724149
leaf_count=1444 2959 2684 1907 12181 10073 38297 28921 7341 2573 9004 4603 3176 1315 14581
internal_value=0 -0.00231501 0.000894577 -0.00339356 0.000348339 0.000238654 -0.000259173 0.000912244 0.00269463 0.000465378 0.00160157 0.0033528 0.00038569 -0.000284115
internal_weight=0 1449.11 355.362 1093.74 9277.69 9033.92 5162.83 3871.1 750.119 3120.98 1258.51 580.786 196.218 1862.47
internal_count=141059 19531 4591 14940 121528 118569 67218 51351 9914 41437 16783 7779 2759 24654
is_linear=0
shrinkage=0.0101079


Tree=12
num_leaves=15
num_cat=0
split_feature=0 27 3 3 23 27 29 30 0 3 14 12 21 2
split_gain=88.0721 56.0895 46.2269 49.4068 34.2188 49.9877 84.8057 37.3867 32.2487 27.4258 25.1277 24.955 27.08 23.9374
threshold=0.55977049469947826 -0.49049438536167139 0.36100544035434728 0.23038341104984286 1.1386243700981142 -0.50938662886619557 -1.0000000180025095e-35 -0.56174489110708226 0.46390178799629217 0.38032686710357672 -9.9045009613037092 0.04197500832378865 5.6062936782836923 0.84413060545921337
decision_type=2 2 2 2 2 2 2 2 2 2 2 2 2 2
left_child=1 -1 3 -2 5 6 10 9 -3 -7 -4 12 -5 -8
right_child=2 8 4 11 -6 7 13 -9 -10 -11 -12 -13 -14 -15
leaf_value=-0.0084064052352774699 -0.001269375046035464 -0.0038138142395095034 -0.00038679342825506533 0.0023512399148265424 0.00087518489291788643 -0.0062246391006586105 0 0.00088560027611564224 -6.9085765304151547e-05 -0.00078645629177738789 0.0053613458497771332 -0.00053740105199007182 0.0065987216582410321 -0.0040341959632452335
leaf_weight=146.0377657469362 435.38300670497119 417.5055522993207 124.74771717377007 1189.5804117675871 2659.2219444606453 100.15613979659975 173.32252168282866 2231.0215187966824 576.96167117357254 1153.9521720334888 153.72572163306177 214.09793682210147 191.1602958124131 948.6668836530298
leaf_count=1808 5779 5751 1668 15256 35590 1341 2478 28190 7917 14909 2215 2721 2353 12974
internal_value=0 -0.00264306 0.000319401 0.00167073 -4.01843e-05 -0.000547283 -0.00215579 9.07805e-05 -0.00169872 -0.00128789 0.00270318 0.00250086 0.00300151 -0.00340773
internal_weight=0 1140.5 9575.04 2030.22 7544.81 4885.59 1400.46 3485.13 994.467 1254.11 278.473 1594.84 1380.74 1121.99
internal_count=140950 15476 125474 26109 99365 63775 19335 44440 13668 16250 3883 20330 17609 15452
is_linear=0
shrinkage=0.0101079


Tree=13
num_leaves=15
num_cat=0
split_feature=0 27 28 29 21 20 27 2 2 2 3 27 3 29
split_gain=70.2864 52.9401 122.872 57.7734 33.1495 28.5293 25.6981 24.6177 23.6229 34.5609 22.1929 34.2234 30.839 30.9153
threshold=0.46390178799629217 -0.50938662886619557 0.41268247365951544 -1.0000000180025095e-35 -7.6769337654113761 -4.6668446063995352 -0.91080963611602772 0.60196971893310558 0.86325785517692577 1.4669485688209536 0.21024674177169803 0.58244305849075328 0.36100544035434728 0.6078576147556306
decision_type=2 2 2 2 2 2 2 2 2 2 2 2 2 2
left_child=7 2 6 -4 5 -3 -2 -1 -7 -10 11 -6 13 -12
right_child=1 4 3 -5 10 8 -8 -9 9 -11 12 -13 -14 -15
leaf_value=0 -0.00066885508718273639 3.6292585887359276e-05 0.00078274752533571382 -0.0060322117467644949 0.0019188425907952565 0.0009220167967329086 0.0013615229804522485 -0.005435693401945732 0.0093410400626971323 0.0013857658503417143 0.0028215306476147865 -0.0046062560490483066 0.00016103377305313869 0
leaf_weight=136.86030083335936 1483.9059485159814 258.89524597674608 148.85360484570265 557.6644637119025 119.59703247435391 153.92398253083229 1093.0007419344038 304.77284225821495 153.13228748738766 110.6952108182013 1064.8272064533085 200.26922983676195 4311.61671676673 611.95316766388714
leaf_count=1970 19689 3712 1917 7533 1538 2194 14316 4097 2242 1393 13720 2606 56092 7885
internal_value=0 0.000217244 -0.000834409 -0.00454666 0.000717762 0.00284359 0.000178142 -0.0038662 0.0044563 0.00628521 0.000480165 -0.00205502 0.000624778 0.00178706
internal_weight=0 10268.3 3283.42 706.518 6984.91 676.647 2576.91 441.633 417.751 263.827 6308.26 319.866 5988.4 1676.78
internal_count=140904 134837 43455 9450 91382 9541 34005 6067 5829 3635 81841 4144 77697 21605
is_linear=0
shrinkage=0.0101079


Tree=14
num_leaves=15
num_cat=0
split_feature=0 27 2 27 28 30 17 29 2 15 7 30 2 11
split_gain=85.6462 58.2268 58.1537 38.232 49.0148 41.5931 38.5657 34.5378 31.9924 24.799 29.7366 24.2522 32.6977 23.5726
threshold=0.58099865913391124 0.054511256515979774 0.60196971893310558 -0.71473535895347584 0.31107263267040258 1.0000000180025095e-35 64.500000000000014 -1.0000000180025095e-35 1.4894461631774905 3.9815409183502202 5.4272828102111825 1.0000000180025095e-35 1.612581253051758 0.1489219665527344
decision_type=2 2 2 2 2 2 2 2 2 2 2 2 2 2
left_child=1 2 -1 4 11 -5 -7 -6 -8 -3 -11 12 -2 -14
right_child=3 9 -4 5 7 6 8 -9 -10 10 -12 -13 13 -15
leaf_value=0.0017295675079139451 0.0027926618134314274 0.004401744817239232 -0.0055303210630170564 6.3307275303365075e-05 0.001247851804402325 0.00067761096211300595 0.0039629816281946699 -0.0042795274851098498 -8.2463834453703428e-05 -0.0030738098608160589 0.0016519613013236871 -0.0012775007960252203 -0.0015579656196762857 0.0034270349249069451
leaf_weight=124.10347846150398 557.37740794196725 97.914320176467299 617.59965319745243 3956.4613638911396 131.25704649463296 1707.1000163238496 911.57531455159187 513.78936364501715 229.99027419835329 297.79425149783492 227.29011062346399 757.65184164792299 490.15849457681179 109.9894471950829
leaf_count=1861 7807 1362 8048 51751 1731 22183 11659 7117 3055 4243 2869 9965 6276 1222
internal_value=0 -0.00235733 -0.00425629 0.00034634 -0.000697019 0.000745158 0.00167529 -0.0030913 0.00311757 -8.17204e-06 -0.000957811 9.74017e-05 0.00103457 -0.000546165
internal_weight=0 1364.7 741.703 9365.35 2560.22 6805.13 2848.67 645.046 1141.57 622.999 525.084 1915.18 1157.53 600.148
internal_count=141149 18383 9909 122766 34118 88648 36897 8848 14714 8474 7112 25270 15305 7498
is_linear=0
shrinkage=0.0101079


Tree=15
num_leaves=15
num_cat=0
split_feature=0 27 27 28 30 30 16 16 30 2 28 10 16 0
split_gain=79.4139 51.9338 32.6647 54.8285 33.6953 31.7937 30.7201 40.7076 40.6562 30.1699 34.9609 27.9602 23.4412 22.8047
threshold=0.58912330865859996 -0.47136868536472315 -0.71473535895347584 0.41268247365951544 1.0000000180025095e-35 1.0000000180025095e-35 0.15431796014308932 0.76498666405677807 1.0000000180025095e-35 1.2115905880928042 -0.032717135734856122 0.17222526669502261 0.58472672104835521 0.90634480118751537
decision_type=2 2 2 2 2 2 2 2 2 2 2 2 2 2
left_child=1 -1 3 4 -2 -4 -3 -8 -9 10 11 -7 -6 -12
right_child=2 6 5 -5 12 9 7 8 -10 -11 13 -13 -14 -15
leaf_value=-0.0066810160926738388 0.0010937657351091192 0.0029330661584458201 8.930645591800493e-05 -0.0037844400009052568 -0.0029422213279981881 0.00037282515396547922 -0.0031090689567524026 -0.0018968699705705612 0.0055951857676751118 0 0.0046760303551270825 0.0058852567958117613 0.0003820044078018399 0.00031703137279405036
leaf_weight=222.52648626081645 1258.967632310465 137.55445043928921 3907.4925633687526 457.68769827112556 485.91947432048619 967.04820579662919 799.3956302292645 158.78453936614096 120.35483484901488 924.93749016523361 651.0737186986953 99.771703379228711 349.28710636124015 177.21720671281219
leaf_count=2762 16681 2018 51089 6381 6612 12975 11018 2174 1522 11552 8505 1218 4334 2248
internal_value=0 -0.00222681 0.000319237 -0.000645013 3.30999e-05 0.000691321 -0.00134207 -0.00194138 0.00125515 0.00150867 0.00223662 0.000964198 -0.0015131 0.00380326
internal_weight=0 1438.62 9279.4 2551.86 2094.17 6727.54 1216.09 1078.54 279.139 2820.05 1895.11 1066.82 835.207 828.291
internal_count=141089 19494 121595 34008 27627 87587 16732 14714 3696 36498 24946 14193 10946 10753
is_linear=0
shrinkage=0.0101079


Tree=16
num_leaves=15
num_cat=0
split_feature=0 27 28 27 28 13 2 29 14 11 2 29 29 0
split_gain=74.0313 59.0022 37.6465 33.5615 46.1711 35.469 32.2552 30.8046 29.7771 22.4921 22.4561 29.7289 18.8992 26.5029
threshold=0.58912330865859996 -0.49049438536167139 0.75894212722778331 -0.69930991530418385 0.41268247365951544 -0.078789908438920961 0.60196971893310558 -1.0000000180025095e-35 -25.121046066284176 0.15712905675172809 1.6585669517517092 0.87837970256805431 0.6078576147556306 1.3648141026496889
decision_type=2 2 2 2 2 2 2 2 2 2 2 2 2 2
left_child=1 -1 -3 4 9 8 -4 -6 -5 10 11 12 -2 -14
right_child=3 2 6 5 7 -7 -8 -9 -10 -11 -12 -13 13 -15
leaf_value=-0.0070366444948698767 0.00063409787325646846 0.0011484494516951433 0.00059232539726651124 0.0010049737566377717 0.0011671510756996266 0.00053858432390321864 -0.0037711380032482492 -0.0048347181167841258 0.0080946820347015253 0.0035353592720621832 -0.0015977366799136842 0.0037124088519094739 -0.0051364242466592847 0.0011018607977443416
leaf_weight=210.33038291893899 663.46550483442843 417.7568795196712 221.45314144901931 157.51123702153563 97.298751601949334 6399.3640627972782 580.59685561433434 369.37511413171887 113.1526960618794 160.57767751812935 821.05317151919007 236.60940653644502 154.63587950915098 102.24773847311735
leaf_count=2610 8978 5702 3197 1887 1281 83508 7855 5163 1481 1938 10565 3455 2004 1258
internal_value=0 -0.00214728 -0.0012327 0.000317427 -0.000646117 0.000700154 -0.0025221 -0.00349933 0.00425511 0 -0.000313834 0.000567031 -0.000221844 -0.00254014
internal_weight=0 1430.14 1219.81 9275.29 2605.26 6670.03 802.05 466.674 270.664 2138.59 1978.01 1156.96 920.349 256.884
internal_count=140882 19364 16754 121518 34642 86876 11052 6444 3368 28198 26260 15695 12240 3262
is_linear=0
shrinkage=0.0101079


Tree=17
num_leaves=15
num_cat=0
split_feature=0 27 23 29 30 17 0 2 2 14 2 3 14 2
split_gain=82.8028 54.4675 86.4817 70.0964 54.1263 50.7283 42.9329 42.0238 41.6701 37.2488 34.234 33.7775 33.1746 29.4395
threshold=0.46390178799629217 -0.50938662886619557 1.1591882705688479 -1.0000000180025095e-35 1.0000000180025095e-35 57.500000000000007 0.66493150591850292 1.4669485688209536 0.86325785517692577 -9.9045009613037092 0.60196971893310558 0.23038341104984286 -20.805227279663082 0.76018664240837108
decision_type=2 2 2 2 2 2 2 2 2 2 2 2 2 2
left_child=13 2 3 9 11 10 -5 -7 -8 -2 -6 -3 -13 -1
right_child=1 4 -4 6 5 7 8 -9 -10 -11 -12 12 -14 -15
leaf_value=-0.0012495963081058479 -0.0019574718832565418 -0.00303101961685349 0.00071002876652867411 -0.007162309300467162 0.003408411795201073 0.00404958935969416 0.0018151816386847966 -0.00034064458949550452 -0.0034800443490254247 0.0047164950114323813 -0.00023543811040614108 0.0038414113021064608 -2.2674338171983779e-06 -0.0067682089092121912
leaf_weight=215.63638785667717 145.40856988541782 345.45740633830428 1694.0614441558719 278.75728889554739 320.25438611395657 1098.2275788635015 169.54004689119756 256.75340572558343 830.20292654074728 173.47287289611995 1260.0595018900931 236.42196290008724 3484.8793553616852 225.77481530234218
leaf_count=3181 1882 4728 21695 3527 4164 14180 2496 3352 11501 2441 16531 3169 45468 2927
internal_value=0 0.000204176 -0.00086144 -0.0025487 0.000711259 0.00175568 -0.00361185 0.00319072 -0.00253491 0.00157454 0.000490326 -3.45151e-05 0.000238432 -0.00422953
internal_weight=0 10293.5 3291.44 1597.38 7002.05 2935.29 1278.5 1354.98 999.743 318.881 1580.31 4066.76 3721.3 441.411
internal_count=141242 135134 43542 21847 91592 38227 17524 17532 13997 4323 20695 53365 48637 6108
is_linear=0
shrinkage=0.0101079


Tree=18
num_leaves=15
num_cat=0
split_feature=0 27 28 29 13 2 28 29 29 13 16 13 29 2
split_gain=75.5077 46.1731 124.648 49.7108 33.7962 30.7578 24.0583 20.9605 25.962 19.8273 22.8735 15.5685 29.7303 39.1739
threshold=0.46390178799629217 -0.50938662886619557 0.41268247365951544 -1.0000000180025095e-35 -0.076540354639291749 0.60196971893310558 -0.18436925113201139 -1.0000000180025095e-35 0.87837970256805431 -0.10954150184988974 0.11369283124804498 0.011761362198740246 0.87837970256805431 0.90841850638389599
decision_type=2 2 2 2 2 2 2 2 2 2 2 2 2 2
left_child=5 2 6 -4 9 -1 -2 -8 -9 -3 -11 -6 13 -13
right_child=1 4 3 -5 11 -7 7 8 -10 10 -12 12 -14 -15
leaf_value=0 0.0010185128229873242 0 0.00037462772393841539 -0.0059608275939306591 1.2603339977740131e-05 -0.0058176126973326055 0.0017305506316071938 -0.0027451988974907878 0.0011905532673132013 0.001255961128360713 0.0077943010831065676 0.0029052567665134731 -0.00091907962694216924 0.00024481206435210981
leaf_weight=137.49643860943615 1533.1206214353442 105.81333505362272 147.25229012593627 551.38014846667647 3680.0210888963193 304.45104565657675 214.97155067697167 626.29709435068071 213.10744585469365 118.85090863332152 141.10185853950679 1111.9533368907869 614.56692356429994 1219.4136220887303
leaf_count=1970 20129 1379 1918 7499 50216 4155 2808 8340 2876 1398 1783 14264 7454 14866
internal_value=0 0.000169312 -0.000812328 -0.00457853 0.000636854 -0.00406251 0.000199429 -0.000952191 -0.00169646 0.00361239 0.0050774 0.000462526 0.00100937 0.00153637
internal_weight=0 10277.9 3286.13 698.632 6991.72 441.947 2587.5 1054.38 839.405 365.766 259.953 6625.95 2945.93 2331.37
internal_count=141055 134930 43570 9417 91360 6125 34153 14024 11216 4560 3181 86800 36584 29130
is_linear=0
shrinkage=0.0101079


Tree=19
num_leaves=15
num_cat=0
split_feature=0 3 16 22 3 5 5 29 15 13 9 10 3 11
split_gain=77.9651 36.394 36.3023 35.207 35.0764 37.9536 32.6533 24.1232 23.3531 20.7346 21.8654 20.4772 34.1712 29.8591
threshold=0.55977049469947826 0.46502168476581579 0.74514618515968334 0.3560615628957749 0.23038341104984286 1.7303093075752261 -3.9673790931701656 1.0000000180025095e-35 4.2224416732788095 -0.078789908438920961 0.28134842216968542 0.13667744398117068 0.70676696300506603 0.022701149806380275
decision_type=2 2 2 2 2 2 2 2 2 2 2 2 2 2
left_child=2 4 8 11 -2 6 -6 -4 -1 -8 -11 -3 -13 -14
right_child=1 3 7 -5 5 -7 9 -9 -10 10 -12 12 13 -15
leaf_value=-0.00043798159669128058 -0.0015164618170808056 -0.0012687832639665339 0.0043317330093620241 0.0009688844294229765 -0.00073408876161194358 -0.00015535875500251651 0.0071909457053912088 -0.0015829073053970819 -0.0044631764698116107 0.0028831919487931831 -0.00010079896665315141 0.0016926168194308126 0.0031844967045261134 -0.0020387081088787447
leaf_weight=222.77016483433545 429.20664274133742 2472.9494016095996 105.34263045713305 1903.8755125645548 302.53961912356317 939.43533039651811 103.84029345586896 169.80907030776143 642.21431455761194 1524.3973412364721 268.39460795558989 789.09524847380817 120.07909898273647 716.92973748408258
leaf_count=3132 5729 33037 1305 25427 4032 11722 1286 2280 8830 19393 3411 10186 1538 9673
internal_value=0 0.000318992 -0.00246852 -0.000155761 0.00112773 0.001505 0.0022307 0.000594114 -0.00348583 0.00272594 0.00241544 -0.000688814 0.000170212 -0.00121942
internal_weight=0 9570.74 1140.14 6002.93 3567.81 3138.61 2199.17 275.152 864.984 1896.63 1792.79 4099.05 1626.1 837.009
internal_count=140981 125434 15547 79861 45573 39844 28122 3585 11962 24090 22804 54434 21397 11211
is_linear=0
shrinkage=0.0101079


Tree=20
num_leaves=15
num_cat=0
split_feature=0 27 0 29 30 3 2 33 14 2 14 0 3 21
split_gain=72.0247 47.9051 77.6197 62.2749 54.7673 35.6819 33.8708 37.2699 31.9478 29.5375 26.4708 38.6958 23.6225 23.2566
threshold=0.46390178799629217 -0.50938662886619557 0.70778045058250438 -1.0000000180025095e-35 1.0000000180025095e-35 0.23038341104984286 0.58454501628875744 2.996249914169312 -21.625160217285153 0.60196971893310558 -9.0383844375610334 1.0519353151321413 0.81652870774269115 -5.1494855880737296
decision_type=2 2 2 2 2 2 2 8 2 2 2 2 2 2
left_child=9 2 3 -2 5 -3 7 -6 -7 -1 11 -4 -12 -8
right_child=1 4 10 -5 6 8 13 -9 -10 -11 12 -13 -14 -15
leaf_value=0 0.0020213474078276065 -0.0031385961479233151 -0.0037936795072584816 -0.0065108950993544665 0.0089636856155949282 0.0040119042904046102 0.0031217069787446354 0.0023240143795329013 -3.5203653401347511e-08 -0.0056750127712162307 0.001859705235994473 0 -0.00063321506646302553 0.00067960956486828037
leaf_weight=135.00341468863189 101.5976160094142 345.78446810692549 398.37489034049213 365.6554359421134 122.79311975836754 206.3223513327539 522.55924708768725 368.34838631562889 3508.8741069920361 300.10751141794026 861.84912523254752 882.86338500864804 664.67202026210725 1940.3392073195428
leaf_count=1950 1343 4725 6050 4717 731 2659 7088 5781 45849 4125 11007 11473 8922 24729
internal_value=0 0.000216778 -0.000785659 -0.00456773 0.000690885 -6.16895e-05 0.00173663 0.004177 0.000219657 -0.00394579 -0.000131205 -0.00121087 0.000750099 0.00122219
internal_weight=0 10290 3275.01 467.253 7015.02 4060.98 2954.04 491.142 3715.2 435.111 2807.76 1281.24 1526.52 2462.9
internal_count=141149 135074 43512 6060 91562 53233 38329 6512 48508 6075 37452 17523 19929 31817
is_linear=0
shrinkage=0.0101079


Tree=21
num_leaves=15
num_cat=0
split_feature=28 27 27 2 3 33 2 12 14 5 28 33 10 3
split_gain=49.0589 109.569 37.4907 48.6029 31.8011 30.2259 48.9453 36.1553 28.1976 27.0285 24.3818 22.6437 24.8873 20.9305
threshold=-0.37256073951721186 0.11969653144478799 -0.91959547996520985 0.60196971893310558 0.23038341104984286 0.9962500035762788 0.53501522541046154 -0.032282337546348565 -18.557811737060543 -4.9215650558471671 0.33172981441020971 1.0000000180025095e-35 0.14465422183275226 0.34455782175064092
decision_type=2 2 2 2 2 10 2 2 2 2 2 10 2 2
left_child=11 2 -2 -4 8 6 10 -7 -3 -5 -6 -1 -13 -8
right_child=1 4 3 9 5 7 13 -9 -10 -11 -12 12 -14 -15
leaf_value=0.0012866406368949592 -0.00061293115903033755 0.0022300184380624937 0.0015792836215920982 0.00060372525074162326 0 0.006254511749353809 0.0015953933828566937 0.0013154536511478685 -0.0037193996172030877 -0.0039085184549410793 0.0053321232830616117 -0.0013793250435486625 0.0017630729480403386 -0.00095530407201340948
leaf_weight=3131.9913425073028 1365.6560090519488 99.853641306981444 202.95105300471187 130.8287212792784 143.43087734095752 217.66545154154301 424.77119247242808 579.11765626072884 271.83455779030919 1428.7956775370985 264.18866234831512 788.57105886936188 366.78057488799095 1299.7267419900745
leaf_count=49149 18105 1342 2832 1793 2111 1290 6807 3444 3486 18988 4305 4698 2176 20317
internal_value=0 -0.000556366 -0.00191315 -0.0028907 0.000718771 0.0010821 0.000427919 0.00276159 -0.00200162 -0.00350307 0.00355137 0.000838529 -0.000341886 -0.000299385
internal_weight=0 6428.82 3128.23 1762.58 3300.59 2928.9 2132.12 796.783 371.688 1559.62 407.62 4287.34 1155.35 1724.5
internal_count=140843 84820 41718 23613 43102 38274 33540 4734 4828 20781 6416 56023 6874 27124
is_linear=0
shrinkage=0.0101079


Tree=22
num_leaves=15
num_cat=0
split_feature=0 27 2 3 3 28 2 30 16 33 16 16 0 14
split_gain=75.4191 51.3182 46.1396 35.7752 47.9855 33.5929 41.5746 33.3279 32.235 25.3554 24.8676 29.1095 24.1062 23.4585
threshold=0.58912330865859996 0.054511256515979774 0.60196971893310558 0.36100544035434728 0.23038341104984286 -0.39271505177021021 0.84933161735534679 -0.56174489110708226 0.61294791102409374 1.0000000180025095e-35 0.18855482339859012 0.77256521582603466 0.8260580599308015 -9.8307223320007306
decision_type=2 2 2 2 2 2 2 2 2 10 2 2 2 2
left_child=1 2 -1 4 -2 12 7 8 -7 13 -3 -12 -5 -9
right_child=3 10 -4 5 -6 6 -8 9 -10 -11 11 -13 -14 -15
leaf_value=0.00140488505209868 -0.0014812863879987571 0.0044934133159279001 -0.005039488579330325 -0.00175247621680805 0.0023805843132245685 -0.0038339795039864719 -0.0012196820053990546 -0.0018499938777264157 0.0021795698223786033 0.0050977634874165957 -0.0022485498099706165 0.0028214500571246181 0.0010675076298768439 0.0026402107696394698
leaf_weight=123.29933419078588 397.33653807267547 94.727413062006235 631.81669899076223 328.19959399290383 1550.6505831293762 213.90564795583487 2937.7185619417578 176.02090214192867 139.34741938486695 231.55883724987507 435.69008904322982 144.08347104303539 3023.8391965385526 303.14864327386022
leaf_count=1868 5322 1291 8366 3529 19621 3028 38433 2934 1848 1377 5956 1946 40790 4863
internal_value=0 -0.00213351 -0.00393059 0.000354002 0.00156945 2.52375e-05 -0.000593815 0.00109283 -0.00135367 0.00236665 -4.08008e-05 -0.000899336 0.000775993 0.000904416
internal_weight=0 1429.62 755.116 9301.73 1947.99 7353.74 4001.7 1063.98 353.253 710.728 674.501 579.774 3352.04 479.17
internal_count=141172 19427 10234 121745 24943 96802 52483 14050 4876 9174 9193 7902 44319 7797
is_linear=0
shrinkage=0.0101079


Tree=23
num_leaves=15
num_cat=0
split_feature=0 27 3 3 15 7 23 27 6 14 28 30 3 12
split_gain=66.2976 49.9784 37.0515 49.805 33.3337 31.5624 30.0079 40.602 31.9898 25.0823 24.4173 24.3929 22.5082 20.4478
threshold=0.58912330865859996 0.054511256515979774 0.36100544035434728 0.23038341104984286 3.8054872751235966 5.1742875576019296 1.1386243700981142 -0.49049438536167139 -6.1754479408264151 -5.0735971927642813 0.076279435306787505 -0.56174489110708226 0.65705156326293956 0.04197500832378865
decision_type=2 2 2 2 2 2 2 2 2 2 2 2 2 2
left_child=1 9 3 -2 -3 -6 7 10 -9 -1 -4 -10 -8 -5
right_child=2 4 6 13 5 -7 12 8 11 -11 -12 -13 -14 -15
leaf_value=-0.0049602435810880861 -0.0016079496805525009 0.0052728318292696924 1.7098474310825223e-05 0.0028033092930649099 -0.0030596670974868748 0.0015843843753165429 0.0020621822267878785 0.0025171948717764413 -0.0015564550986957048 -0.00059174582576016984 -0.0028871755697463426 0.00035238181064686281 9.1332608813028175e-05 -0.0004303721964099438
leaf_weight=548.65121994353831 394.53028831258416 94.730858102440834 387.40191318280995 1335.9263681396842 327.09056781046093 251.63593962416053 931.1466778498143 456.55939259007573 1064.7906877007335 209.24122572503984 953.71367378719151 1825.101141102612 1732.161057446152 207.74187852069736
leaf_count=7609 5312 1349 5632 16873 4700 3199 12951 6161 13507 2691 13181 22716 22609 2599
internal_value=0 -0.00205788 0.000273073 0.00151404 0 -0.000976981 -4.9859e-05 -0.000541557 4.32622e-05 -0.003825 -0.00202286 -0.000339206 0.000799468 0.00234205
internal_weight=0 1431.35 9289.07 1938.2 673.457 578.727 7350.87 4687.57 3346.45 757.892 1341.12 2889.89 2663.31 1543.67
internal_count=141089 19548 121541 24784 9248 7899 96757 61197 42384 10300 18813 36223 35560 19472
is_linear=0
shrinkage=0.0101079


Tree=24
num_leaves=15
num_cat=0
split_feature=0 27 28 30 3 13 2 28 33 10 14 2 33 13
split_gain=72.4893 45.7651 117.991 49.6291 35.6076 46.3323 32.6051 33.6479 75.3795 42.737 28.2297 28.2178 22.4188 22.0949
threshold=0.46390178799629217 -0.50938662886619557 0.41268247365951544 1.0000000180025095e-35 0.22622041404247287 -0.080869115889072404 1.2661192417144778 -0.09801131114363669 0.99472221732139599 0.16928321868181231 -5.7858893871307364 0.60196971893310558 1.0000000180025095e-35 0.0099561112001538294
decision_type=2 2 2 2 2 2 2 2 10 2 2 2 10 2
left_child=11 2 10 4 -3 -6 7 9 -9 12 -2 -1 -5 -7
right_child=1 3 -4 6 5 13 -8 8 -10 -11 -12 -13 -14 -15
leaf_value=0 -0.00057812427786003301 -0.0033000168725430146 -0.0044810441344339466 0.0011349761759885128 0.0064582171920819307 -0.00074363143776407154 -4.4956898679090374e-05 0.0016972640182950516 0.0075103959283010207 0.006696607846804912 0.0016157284328356478 -0.0056656478914288095 -0.0023612907725693768 0.00083468331936486541
leaf_weight=132.62424634583294 1681.9286136198789 315.24033433757722 692.74807205982506 667.99395053461194 109.29256123304367 1932.4002092592418 805.23628113977611 784.29084232449532 334.64316539466381 108.25668632797897 913.52047370932996 302.52594985812902 249.79616548120975 1692.6686730887741
leaf_count=1942 22494 4396 9453 10637 1315 26780 10083 12779 1963 1329 11699 4176 1468 20620
internal_value=0 0.000179931 -0.000797031 0.000645012 -7.22946e-05 0.00019553 0.00164096 0.00229059 0.00351087 0.000904555 0.000180962 -0.00399674 0.000128004 0
internal_weight=0 10288 3288.2 6999.82 4049.6 3734.36 2950.22 2144.98 1118.93 1026.05 2595.45 435.15 917.79 3625.07
internal_count=141134 135016 43646 91370 53111 48715 38259 28176 14742 13434 34193 6118 12105 47400
is_linear=0
shrinkage=0.0101079


Tree=25
num_leaves=15
num_cat=0
split_feature=28 27 29 23 2 11 29 33 13 3 2 28 16 3
split_gain=51.8937 98.163 87.7521 46.4545 49.1094 35.3019 33.719 54.8351 31.9423 31.437 34.2684 30.061 25.6049 21.0944
threshold=-0.39271505177021021 0.11969653144478799 -1.0000000180025095e-35 0.9893656075000764 0.60638910531997692 0.037009885534644134 -1.0000000180025095e-35 0.9962500035762788 -0.074749708175659166 0.21024674177169803 0.51947909593582164 0.33172981441020971 0.28826549649238592 0.58916059136390697
decision_type=2 2 2 2 2 2 2 10 2 2 2 2 2 2
left_child=-1 2 5 4 -4 -2 -3 8 -8 -10 11 -11 -12 -7
right_child=1 6 3 -5 -6 13 7 -9 9 10 12 -13 -14 -15
leaf_value=0.00087247550864903039 0.0048729882764166231 -0.0013975849456041545 0.0008721332838212705 -0.000583341065170334 -0.00422430620391143 0.0029273463606878207 0.0048456395017250535 0.0035242923411726731 -0.0050633469993975064 -0.00062562396549342204 -0.002800773417041547 0.0054668250801121034 0.00032516630363605152 -0.0016988999062759465
leaf_weight=4213.5305318646133 201.67367012612522 646.36023708805442 203.3644291292876 790.7366443388164 1544.4178157541901 141.83013855665922 135.76253195106983 717.22648119926453 114.48514505662024 115.05595123581588 343.92962786369026 205.40337320789695 1056.172051537782 296.47687561064959
leaf_count=54936 2646 8502 2954 10061 21140 1685 2146 4237 1722 1644 5829 3247 16215 4033
internal_value=0 -0.000565975 -0.00183819 -0.00268564 -0.00360702 0.00145276 0.00063607 0.00114267 0.000245223 -9.18138e-05 0.000236456 0.00319232 -0.000424962 -8.66126e-05
internal_weight=0 6512.89 3178.5 2538.52 1747.78 639.981 3334.4 2688.04 1970.81 1835.05 1720.56 320.459 1400.1 438.307
internal_count=140997 86061 42519 34155 24094 8364 43542 35040 30803 28657 26935 4891 22044 5718
is_linear=0
shrinkage=0.0101079


Tree=26
num_leaves=15
num_cat=0
split_feature=0 3 28 30 3 13 13 3 13 10 3 29 22 13
split_gain=63.4987 42.7032 50.7802 38.7954 39.9977 37.8412 26.6815 43.4945 24.4791 24.3788 40.6698 31.9666 31.4474 22.0485
threshold=0.46390178799629217 0.46502168476581579 0.24825246632099154 1.0000000180025095e-35 0.23038341104984286 -0.080869115889072404 0.042450312525033958 0.26722046732902532 -0.048839164897799485 0.14817664772272113 0.65705156326293956 0.87837970256805431 0.47964130342006689 0.031186424195766452
decision_type=2 2 2 2 2 2 2 2 2 2 2 2 2 2
left_child=13 3 9 4 -2 -6 -7 -8 -4 11 -11 12 -3 -1
right_child=1 2 8 -5 5 6 7 -9 -10 10 -12 -13 -14 -15
leaf_value=-0.0049953219238185144 -0.0029426901003561418 -0.0017130482127413196 -0.004753698783597703 0.0022510952481600908 0.0062881249350640132 -0.00036308387089628211 0.0077662558524769559 0.00070763704059316924 -0.0011740504727561871 0.0036057159505132582 7.7903475817582264e-05 0.0018866096203614057 0.00088420042225576217 0
leaf_weight=329.12800953350961 344.78364639729261 1394.6087529882789 222.85542741976678 1551.0965122487396 111.46561959385872 1383.8055943418294 108.8171872086823 464.2403900641948 1974.622307062149 524.06453213095665 964.51025846973062 548.13666925393045 692.57528532482684 108.51305547729135
leaf_count=4609 4717 18497 3065 19530 1247 18253 1231 5556 26455 6820 12174 7596 9696 1531
internal_value=0 0.000181698 -0.000329202 0.00100565 0.000183801 0.000733388 0.000373166 0.00220219 -0.00157064 0.000324194 0.00135902 -0.000247249 -0.000831808 -0.0037166
internal_weight=0 10285.6 6321.37 3964.21 2413.11 2068.33 1956.86 573.058 2197.48 4123.9 1488.57 2635.32 2087.18 437.641
internal_count=140977 134837 84303 50534 31004 26287 25040 6787 29520 54783 18994 35789 28193 6140
is_linear=0
shrinkage=0.0101079


Tree=27
num_leaves=15
num_cat=0
split_feature=0 27 28 29 30 17 2 21 2 13 6 33 28 2
split_gain=69.2516 31.8074 95.8173 53.4009 39.8518 46.5363 33.5185 31.9712 31.6105 26.4898 26.225 25.7711 22.8708 22.652
threshold=0.46390178799629217 -0.43245348334312433 0.41268247365951544 -1.0000000180025095e-35 1.0000000180025095e-35 57.500000000000007 1.4775521755218508 -7.3895127773284903 0.59767845273017894 -0.088784128427505479 4.9275364875793466 0.90112781524658214 -0.60003554821014393 0.76018664240837108
decision_type=2 2 2 2 2 2 2 2 2 2 2 10 2 2
left_child=13 2 -2 -4 9 8 7 -7 -6 -3 -10 -9 -12 -1
right_child=1 4 3 -5 5 6 -8 11 10 -11 12 -13 -14 -15
leaf_value=-0.00124025502860163 0.0002549449729894535 0.0046801055987131385 0.0011459882203864041 -0.0051004065590584159 0.0030994957851112324 0.0077779114093472941 -0.00041038992612272906 0.0015084066239691278 -0.0017419481912720562 -0.00024333577209044739 0.0040431636593076196 0.0053663002676524654 -0.00027196612904046376 -0.0061709736989150115
leaf_weight=211.73544195108116 2747.0544619653374 107.03814207203686 164.39647328667343 615.33983795717359 310.06021706573665 166.05099564045668 236.20390783622861 624.7546372115612 707.41708273440599 3820.1686732936651 181.35897448658943 275.63016876578331 326.13377526588738 224.04163947701454
leaf_count=3184 36150 1358 2153 8516 3955 2281 3050 9766 9315 50097 2409 1629 4230 2947
internal_value=0 0.000150206 -0.000621595 -0.00373366 0.00055941 0.00147351 0.00287367 0.00363651 0.000242698 -9.00346e-05 -0.000468065 0.00276918 0.00122854 -0.00392916
internal_weight=0 10281.6 3526.79 779.736 6754.82 2827.61 1302.64 1066.44 1524.97 3927.21 1214.91 900.385 507.493 435.777
internal_count=141040 134909 46819 10669 88090 36635 16726 13676 19909 51455 15954 11395 6639 6131
is_linear=0
shrinkage=0.0101079


Tree=28
num_leaves=15
num_cat=0
split_feature=28 27 29 30 2 2 33 5 2 21 14 7 18 13
split_gain=40.4669 108.253 110.953 53.0792 50.4039 40.2822 53.7233 34.0156 37.0307 31.9797 29.113 25.2687 24.1859 22.8638
threshold=0.24825246632099154 -0.032717135734856122 -1.0000000180025095e-35 1.0000000180025095e-35 1.0840181708335879 0.82834115624427807 0.99472221732139599 -5.0137562751770011 0.77828010916709911 1.1866787672042849 -19.856231689453121 10.722104549407961 43.500000000000007 0.0029359253821894531
decision_type=2 2 2 2 2 2 10 2 2 2 2 2 2 2
left_child=11 2 4 10 -2 6 13 -4 -9 -7 -3 -1 -12 -5
right_child=1 3 7 5 -6 9 -8 8 -10 -11 12 -13 -14 -15
leaf_value=0.00015438392466593081 0.0073307427409245339 0.0037651166993512724 0.00087830769616317435 0 -0.00039322757377197693 0.0028585511847727041 0.0095254180524492055 -0.00094805294245966479 -0.0053920916466978852 -0.0022172950662789704 -0.0029788698894977631 0.0016990340517394986 -6.5093445264820832e-05 0.0049287681361682018
leaf_weight=5157.253831166774 120.99445455521345 127.90394098311663 117.07254777848721 210.10132424347103 233.66914522461593 240.83822205848992 142.98338869214058 269.92783544026315 998.57628105208278 248.26426775939763 455.4447295088321 1388.921957347542 865.19448732025921 153.03429230116308
leaf_count=68528 1753 1864 1688 3692 2893 2932 828 3901 13347 3088 6556 17181 10684 2338
internal_value=0 -0.000781746 -0.0027068 0.00057675 0.00222897 0.00237352 0.00435507 -0.00400455 -0.0044895 0.000206084 -0.000635879 0.000489893 -0.00111179 0.00205586
internal_weight=0 4184 1740.24 2443.76 354.664 995.221 506.119 1385.58 1268.5 489.102 1448.54 6546.18 1320.64 363.136
internal_count=141273 55564 23582 31982 4646 12878 6858 18936 17248 6020 19104 85709 17240 6030
is_linear=0
shrinkage=0.0101079


Tree=29
num_leaves=15
num_cat=0
split_feature=0 27 3 28 3 27 29 11 28 5 9 0 14 0
split_gain=58.9968 50.7376 42.1075 35.4415 29.9143 29.63 45.3362 52.5161 28.4147 26.7244 27.6407 23.4345 22.1436 24.5545
threshold=0.58099865913391124 -0.49049438536167139 0.46502168476581579 -0.20576497167348859 0.23038341104984286 -0.09801131114363669 -1.0000000180025095e-35 0.037009885534644134 0.75894212722778331 1.9976956248283388 0.27904401719570165 1.0612351894378664 -5.3757286071777335 0.46390178799629217
decision_type=2 2 2 2 2 2 2 2 2 2 2 2 2 2
left_child=1 -1 4 -4 -2 6 7 -5 -3 10 -6 -8 13 -10
right_child=2 8 3 5 9 -7 11 -9 12 -11 -12 -13 -14 -15
leaf_value=-0.0068185344164081686 -0.0013750766394305617 0.0010380491382285962 0.00048349947778847466 0.006319435038555375 0.0026263064787128742 0.00023299611195918459 -0.0036653839209038739 -0.0013783005003772874 -0.0057355060937094469 -1.6420549745447106e-06 -0.00011312966674440576 -0.00066163749003166333 0.00017614582783973397 -0.001155144895240053
leaf_weight=187.15014372952282 400.87208840996027 379.09654607251287 3117.1874561626464 125.0732589084655 1794.8856808710843 1045.2266022600234 930.94519919529557 264.40961893089116 246.26035371609032 833.01031593233347 439.53448344022036 425.37696499377489 231.97121458500624 287.53578006289899
leaf_count=2375 5401 5176 41303 1576 22794 13523 13362 3621 3569 10350 5498 5191 3046 4071
internal_value=0 -0.00200176 0.00026554 -0.000247879 0.00115042 -0.00107829 -0.00188405 0.00106561 -0.00113928 0.00149623 0.00207082 -0.002762 -0.00226915 -0.0033941
internal_weight=0 1332.01 9376.52 5908.22 3468.3 2791.03 1745.81 389.483 1144.86 3067.43 2234.42 1356.32 765.767 533.796
internal_count=140856 18237 122619 78576 44043 37273 23750 5197 15862 38642 28292 18553 10686 7640
is_linear=0
shrinkage=0.0101079


Tree=30
num_leaves=15
num_cat=0
split_feature=0 27 28 30 29 2 0 12 16 28 13 2 30 2
split_gain=61.8671 33.0385 106.45 46.7524 39.7729 32.0786 38.6917 45.9338 36.2608 29.6795 28.8672 26.888 25.8813 27.9506
threshold=0.46390178799629217 -0.50938662886619557 0.41268247365951544 1.0000000180025095e-35 -1.0000000180025095e-35 1.2661192417144778 0.81050759553909313 0.032479422166943557 0.76105648279190075 -0.076279435306787477 -0.080869115889072404 0.60196971893310558 1.0000000180025095e-35 1.6279584765434267
decision_type=2 2 2 2 2 2 2 2 2 2 2 2 2 2
left_child=11 2 12 10 -4 6 7 8 9 -5 -3 -1 13 -2
right_child=1 3 4 5 -6 -7 -8 -9 -10 -11 -12 -13 -14 -15
leaf_value=0 0.0023891114866333614 0.0039702511622013749 0.00022861614093236783 -0.00010262321821493922 -0.0054347440845695077 -0.00015815574520182339 0.00080896291201429632 -0.00020030700462844063 0.0095189518687205359 0.0047378028692417456 -0.00032801081636017596 -0.0053924255204439338 -0.00096399624282063996 -0.00026663469864162797
leaf_weight=135.4504904281348 805.9662148989737 158.10410985536873 146.28052320703864 151.48688377812505 543.00535827875137 800.94486095756292 1117.8896998148412 231.8212808445096 138.98449067212641 501.41487028077245 3902.1517942436039 295.66304179467261 1033.2335116416216 754.90490324050188
leaf_count=1975 11192 2054 1922 1724 7572 10011 14972 2966 1559 6852 51194 4132 13558 9494
internal_value=0 0.000155431 -0.00067466 0.000550723 -0.00418541 0.00152033 0.00216525 0.0035901 0.0047417 0.0035652 -0.000143548 -0.0037202 0.000252167 0.00108381
internal_weight=0 10286.2 3283.39 7002.8 689.286 2942.54 2141.6 1023.71 791.886 652.902 4060.26 431.114 2594.1 1560.87
internal_count=141177 135070 43738 91332 9494 38084 28073 13101 10135 8576 53248 6107 34244 20686
is_linear=0
shrinkage=0.0101079


Tree=31
num_leaves=15
num_cat=0
split_feature=0 16 3 30 22 3 13 16 20 5 10 3 9 14
split_gain=64.0689 41.4905 38.1834 38.003 34.1419 29.0702 34.9833 28.9731 25.7802 34.6045 24.1815 38.1826 22.2646 21.0121
threshold=0.58099865913391124 0.74514618515968334 0.46073606610298162 1.0000000180025095e-35 0.4144111573696137 0.23038341104984286 -0.078789908438920961 0.15431796014308932 1.3041712045669558 -3.9673790931701656 0.13142705708742144 0.65041595697402965 0.27904401719570165 -9.683588504791258
decision_type=2 2 2 2 2 2 2 2 2 2 2 2 2 2
left_child=1 7 5 -3 10 -2 -7 -1 9 -8 13 -12 -11 -4
right_child=2 3 4 -5 -6 6 8 -9 -10 12 11 -13 -14 -15
leaf_value=0.00061018754350261487 -0.0013629659066643571 -0.0019441192488777299 -0.0027047353118886223 0.0047665207274554229 0.0009294979437545316 0.0057131095368122605 -0.0016335295922682578 -0.0038636291477910675 -0.00017808553001361232 0.0028428656241516431 0.0020331628194092586 -0.0010133819566650168 -0.00037451185217659194 -0.00066725526174250284
leaf_weight=158.3324481844902 401.68138979189098 184.57351480424404 818.3762834072113 143.62580827064812 1813.5739274919033 183.61834145896137 236.93619309365749 846.72782301716506 926.88955907709897 1421.2663984745741 683.52978364378214 1055.1274309307337 232.15522625856102 1613.5113994926214
leaf_count=2238 5388 2508 11202 1796 24160 2247 3301 11753 11378 18067 8768 14073 2916 21381
internal_value=0 -0.00209701 0.000264459 0.00091357 -0.000216094 0.00112008 0.00146853 -0.00311957 0.00116286 0.00183977 -0.000724739 0.000164787 0.00236709 -0.00137582
internal_weight=0 1333.26 9386.67 328.199 5984.12 3402.55 3000.87 1005.06 2817.25 1890.36 4170.54 1738.66 1653.42 2431.89
internal_count=141176 18295 122881 4304 79584 43297 37909 13991 35662 24284 55424 22841 20983 32583
is_linear=0
shrinkage=0.0101079


Tree=32
num_leaves=15
num_cat=0
split_feature=22 27 16 27 30 17 2 23 29 14 2 14 23 2
split_gain=57.9931 46.3561 31.7868 23.7194 45.8336 46.2642 33.389 32.1961 61.3251 35.2441 30.9609 28.4661 29.7725 26.5796
threshold=-0.85343691706657399 0.20576497167348864 0.74514618515968334 -0.69930991530418385 1.0000000180025095e-35 63.500000000000007 1.2997902035713198 1.1591882705688479 -1.0000000180025095e-35 -9.6103954315185529 0.86325785517692577 -20.805227279663082 0.75219303369522106 0.58454501628875744
decision_type=2 2 2 2 2 2 2 2 2 2 2 2 2 2
left_child=1 2 -1 7 11 13 -7 8 9 -2 -10 12 -5 -6
right_child=3 -3 -4 4 5 6 -8 -9 10 -11 -12 -13 -14 -15
leaf_value=-0.0045428955833337276 -0.0012448651204837117 0.00076348065056624018 0 0.0072193883796564991 0.0032667175374514511 0.0040775005244616472 0.00017170768590649417 0.00051558707373390556 0.0010732003217448049 0.0058975233151839553 -0.003812505055426504 -0.00034153753164899256 0.00040881347638876384 -0.00010039030045502277
leaf_weight=620.3215962536633 119.93308003805578 373.73612105101347 193.03790760226548 97.84482322819531 275.98835522867739 882.38396129757166 329.11113077029586 1274.7479747124016 141.27906035631895 135.96387994289398 777.8732205145061 3867.8461146317422 214.20064648799598 1414.283460855484
leaf_count=8994 1549 5614 2721 1327 3530 11254 4234 16236 2007 1854 10588 50037 2958 18221
internal_value=0 -0.00208589 -0.00343942 0.00027623 0.00057554 0.00155053 0.0030574 -0.000571612 -0.00178101 0.00245727 -0.00301519 -9.32423e-05 0.0027924 0.000437754
internal_weight=0 1187.1 813.36 9531.46 7081.66 2901.77 1211.5 2449.8 1175.05 255.897 919.152 4179.89 312.045 1690.27
internal_count=141124 17329 11715 123795 91561 37239 15488 32234 15998 3403 12595 54322 4285 21751
is_linear=0
shrinkage=0.0101079


Tree=33
num_leaves=15
num_cat=0
split_feature=0 27 0 29 30 17 14 2 3 2 3 21 14 2
split_gain=58.0844 34.0686 65.292 60.5185 46.6093 45.8342 34.1361 33.514 32.2315 30.8534 35.4228 29.999 28.9836 41.654
threshold=0.46390178799629217 -0.43245348334312433 0.70778045058250438 -1.0000000180025095e-35 1.0000000180025095e-35 58.500000000000007 -20.805227279663082 1.4894461631774905 0.23038341104984286 0.58454501628875744 0.3177481889724732 -7.3895127773284903 -10.054526329040526 0.91354110836982738
decision_type=2 2 2 2 2 2 2 2 2 2 2 2 2 2
left_child=-1 2 3 -2 6 9 -3 11 -8 10 -6 -7 -13 -14
right_child=1 4 -4 -5 5 7 8 -9 -10 -11 -12 12 13 -15
leaf_value=-0.0035820019908072306 0.0023494574628445263 0.0031589361700287838 -4.1433866550596132e-05 -0.0057083192751009593 -0.00024177986052955179 0.0077105334735775881 -0.0036778966189513983 -0.00037982231170543781 -0.00010659386011629628 -0.00028274904116739593 0.0065312173464786641 0.00072748099885233306 0.0066079894131260853 0.00013513524648727483
leaf_weight=432.61770915985107 110.58512606844306 290.17648785933852 2980.8128948155791 410.19179220125079 132.0805863942951 169.77883884869516 275.05886760540307 226.60052913799882 3353.2852368559688 1267.1321691721678 153.53619536198676 404.52751058153808 322.83585650846362 165.92853550612926
leaf_count=6114 1450 4046 39759 5403 1828 2306 3614 2945 43769 16538 1849 5390 3896 1903
internal_value=0 0.000167042 -0.000635796 -0.00391142 0.000589075 0.00157362 -0.000116451 0.00298079 -0.000395619 0.000370046 0.00333624 0.00373255 0.00287263 0.004528
internal_weight=0 10262.5 3501.59 520.777 6760.94 2842.42 3918.52 1289.67 3628.34 1552.75 285.617 1063.07 893.292 488.764
internal_count=140810 134696 46612 6853 88084 36655 51429 16440 47383 20215 3677 13495 11189 5799
is_linear=0
shrinkage=0.0101079


Tree=34
num_leaves=15
num_cat=0
split_feature=22 27 16 13 5 27 30 2 23 30 33 31 33 2
split_gain=50.95 52.8748 31.175 29.4059 23.0452 22.0935 47.0951 42.4351 33.9877 31.3073 50.3929 28.828 64.8757 27.5219
threshold=-0.87349674105644215 0.22706275433301928 0.74514618515968334 -0.088784128427505479 -3.2756408452987666 -0.83743050694465626 1.0000000180025095e-35 1.1657294631004336 1.5319539308547976 1.0000000180025095e-35 0.9962500035762788 1.0000000180025095e-35 0.9962500035762788 1.612581253051758
decision_type=2 2 2 2 2 2 2 2 2 2 10 2 10 2
left_child=1 2 4 -2 -1 9 8 11 -7 13 -11 12 -8 -5
right_child=3 -3 -4 5 -6 6 7 -9 -10 10 -12 -13 -14 -15
leaf_value=0 0.0033463741563884387 0.0011558810302490612 0 0.0018038602036829509 -0.0055441771122788962 -0.00068341929414516406 0.0016069658333262172 -0.00025433226709569584 0.0018072756130816522 -0.00070980591134926004 -0.0067354649063281081 0.00054048441795081245 0.0068631562637691181 -0.001306290060729697
leaf_weight=92.202997544780374 286.97913601249456 334.25009489059448 182.75587768293917 535.75808659382164 490.95086992532015 3803.7867280188948 873.48340382240713 1082.6048908121884 642.98875128477812 501.08156001195312 202.55596293509007 728.3576994817704 344.96238820254803 612.53704743459821
leaf_count=1343 3399 5020 2567 7571 7177 49346 13909 13570 8547 7990 1230 9568 2015 7672
internal_value=0 -0.00209032 -0.00355677 0.00019813 -0.00468565 9.42801e-05 0.000343127 0.00131603 -0.000311702 -0.000885812 -0.00255501 0.00220761 0.00316157 0.000112101
internal_weight=0 1100.16 765.91 9615.1 583.154 9328.12 7476.18 3029.41 4446.78 1851.93 703.638 1946.8 1218.45 1148.3
internal_count=140924 16107 11087 124817 8520 121418 96955 39062 57893 24463 9220 25492 15924 15243
is_linear=0
shrinkage=0.0101079


end of trees

feature_importances:
Column_2=58
Column_3=47
Column_27=46
Column_0=40
Column_28=37
Column_29=37
Column_13=35
Column_30=30
Column_14=21
Column_16=20
Column_33=19
Column_23=14
Column_15=11
Column_5=10
Column_11=10
Column_22=9
Column_10=8
Column_7=7
Column_12=6
Column_21=6
Column_17=5
Column_20=4
Column_6=3
Column_9=3
Column_8=1
Column_18=1
Column_31=1
Column_32=1

parameters:
[boosting: gbdt]
[objective: binary]
[metric: auc]
[tree_learner: serial]
[device_type: cpu]
[data_sample_strategy: bagging]
[data: ]
[valid: ]
[num_iterations: 600]
[learning_rate: 0.0101079]
[num_leaves: 15]
[num_threads: 2]
[seed: 1337]
[deterministic: 0]
[force_col_wise: 0]
[force_row_wise: 0]
[histogram_pool_size: -1]
[max_depth: -1]
[min_data_in_leaf: 1280]
[min_sum_hessian_in_leaf: 0.001]
[bagging_fraction: 0.829452]
[pos_bagging_fraction: 1]
[neg_bagging_fraction: 1]
[bagging_freq: 1]
[bagging_seed: 1337]
[feature_fraction: 0.727545]
[feature_fraction_bynode: 1]
[feature_fraction_seed: 1337]
[extra_trees: 0]
[extra_seed: 18955]
[early_stopping_round: 0]
[early_stopping_min_delta: 0]
[first_metric_only: 0]
[max_delta_step: 0]
[lambda_l1: 4.00664]
[lambda_l2: 7.63247]
[linear_lambda: 0]
[min_gain_to_split: 0]
[drop_rate: 0.1]
[max_drop: 50]
[skip_drop: 0.5]
[xgboost_dart_mode: 0]
[uniform_drop: 0]
[drop_seed: 17763]
[top_rate: 0.2]
[other_rate: 0.1]
[min_data_per_group: 100]
[max_cat_threshold: 32]
[cat_l2: 10]
[cat_smooth: 10]
[max_cat_to_onehot: 4]
[top_k: 20]
[monotone_constraints: ]
[monotone_constraints_method: basic]
[monotone_penalty: 0]
[feature_contri: ]
[forcedsplits_filename: ]
[refit_decay_rate: 0.9]
[cegb_tradeoff: 1]
[cegb_penalty_split: 0]
[cegb_penalty_feature_lazy: ]
[cegb_penalty_feature_coupled: ]
[path_smooth: 0]
[interaction_constraints: ]
[verbosity: -1]
[saved_feature_importance_type: 0]
[use_quantized_grad: 0]
[num_grad_quant_bins: 4]
[quant_train_renew_leaf: 0]
[stochastic_rounding: 1]
[linear_tree: 0]
[max_bin: 255]
[max_bin_by_feature: ]
[min_data_in_bin: 3]
[bin_construct_sample_cnt: 200000]
[data_random_seed: 4404]
[is_enable_sparse: 1]
[enable_bundle: 1]
[use_missing: 1]
[zero_as_missing: 0]
[feature_pre_filter: 1]
[pre_partition: 0]
[two_round: 0]
[header: 0]
[label_column: ]
[weight_column: ]
[group_column: ]
[ignore_column: ]
[categorical_feature: ]
[forcedbins_filename: ]
[precise_float_parser: 0]
[parser_config_file: ]
[objective_seed: 4113]
[num_class: 1]
[is_unbalance: 0]
[scale_pos_weight: 1]
[sigmoid: 1]
[boost_from_average: 1]
[reg_sqrt: 0]
[alpha: 0.9]
[fair_c: 1]
[poisson_max_delta_step: 0.7]
[tweedie_variance_power: 1.5]
[lambdarank_truncation_level: 30]
[lambdarank_norm: 1]
[label_gain: ]
[lambdarank_position_bias_regularization: 0]
[eval_at: ]
[multi_error_top_k: 1]
[auc_mu_weights: ]
[num_machines: 1]
[local_listen_port: 12400]
[time_out: 120]
[machine_list_filename: ]
[machines: ]
[gpu_platform_id: -1]
[gpu_device_id: -1]
[gpu_use_dp: 0]
[num_gpu: 1]

end of parameters

pandas_categorical:null
