tree
version=v4
num_class=1
num_tree_per_iteration=1
label_index=0
max_feature_idx=33
objective=binary sigmoid:1
feature_names=Column_0 Column_1 Column_2 Column_3 Column_4 Column_5 Column_6 Column_7 Column_8 Column_9 Column_10 Column_11 Column_12 Column_13 Column_14 Column_15 Column_16 Column_17 Column_18 Column_19 Column_20 Column_21 Column_22 Column_23 Column_24 Column_25 Column_26 Column_27 Column_28 Column_29 Column_30 Column_31 Column_32 Column_33
feature_infos=[0.22403052449226379:4.806818962097168] [0.027025075629353523:26.170040130615234] [0.17134076356887817:8.6723108291625977] [0.087584272027015686:1] [-28.67047119140625:41.262332916259766] [-36.190670013427734:42.326030731201172] [-36.841156005859375:62.500308990478516] [-45.158794403076172:63.120437622070312] [-22.455821990966797:30.680826187133789] [0:0.95389312505722046] [0:0.64536702632904053] [0:0.40022626519203186] [-0.51016271114349365:0.5480339527130127] [-0.15783818066120148:0.22172828018665314] [-46.22015380859375:17.161741256713867] [-8.3726015090942383:64.2962646484375] [0:1] [0:95] [0:95] [-1:1] [-29.775985717773438:44.984848022460938] [-30.712318420410156:55.0223388671875] [-2.5033562183380127:15.253066062927246] [0.17266726493835449:4.0791497230529785] [-1:1] [0:1] [0:1] [-1:1] [-1:1] [-0.78183150291442871:0.97492790222167969] [-0.90096884965896606:1] [0:1] [0:1] none
tree_sizes=8650 8758 8725 8740 8721 8751

Tree=0
num_leaves=79
num_cat=0
split_feature=0 15 13 12 15 27 9 0 12 27 29 15 13 5 0 18 22 18 4 13 10 10 18 13 12 31 12 13 13 0 22 13 32 5 0 12 27 29 27 15 0 13 13 12 8 29 13 0 12 10 4 0 0 29 29 10 5 18 13 5 27 29 5 13 29 29 27 12 5 12 27 13 9 13 10 18 29 13
split_gain=38.7505 44.9448 30.5787 26.731 26.5713 23.7939 21.9928 19.5156 17.9217 20.5917 17.2476 18.0254 19.7165 28.9372 17.0787 16.7971 16.7724 15.9869 16.3486 15.9423 14.987 13.8264 17.8959 18.3225 12.9337 21.3379 16.253 12.4947 12.313 12.8083 12.1077 18.5947 11.9135 17.4362 13.5953 11.7839 23.6957 20.2441 19.4849 18.1673 22.6913 14.8969 12.5394 12.3104 11.4281 11.1187 17.2403 10.2387 9.49073 11.7583 15.9035 21.8703 12.2662 9.3788 9.01444 8.80106 10.801 8.77914 8.63655 8.59341 10.0172 8.53048 8.49156 8.3271 18.1863 23.7958 27.9739 18.5766 14.0437 12.643 18.4797 10.5534 8.52986 8.10674 9.36486 10.9335 8.07003 8.29823
threshold=0.62836056947708141 17.307832717895511 0.068029124289751067 0.000653393944958225 15.140976428985597 0.22706275433301928 0.25364290177822119 0.50425344705581676 0.26799950003623968 -0.81279832124710072 -0.60785761475563038 1.5098806619644167 -0.019089055247604843 2.1892014741897587 0.68321305513381969 68.500000000000014 -1.0541427135467527 87.500000000000014 0.22418149560689929 -0.066135752946138368 0.050601702183485038 0.062841646373271956 51.500000000000007 -0.0057412525638937941 0.070600185543298735 1.0000000180025095e-35 0.011302322149276735 0.014277220703661444 -0.053419250994920724 0.92766952514648449 -0.61729547381401051 -0.05663009546697139 1.0000000180025095e-35 -1.3783630728721616 1.0332459807395937 0.002574271173216403 0.33172981441020971 -1.0000000180025095e-35 0.8491516411304475 7.4297969341278085 0.50425344705581676 0.028494057245552543 0.041580244898796088 -0.018300074152648445 1.2061551809310915 1.0000000180025095e-35 0.012036130763590338 1.0374212861061098 0.10878702253103258 0.22164974361658099 1.0924633741378786 1.3071064352989199 0.96423581242561351 1.0000000180025095e-35 1.0000000180025095e-35 0.13413202017545703 5.2909841537475595 61.500000000000007 0.0061819078400731095 0.037025025114417083 -0.91080963611602772 0.87837970256805431 6.2294411659240732 0.0034971983404830102 0.6078576147556306 0.87837970256805431 0.69930991530418407 -0.16040343791246411 -3.5578569173812862 -0.082844555377960191 -0.91959547996520985 -0.048248603940010064 0.072576180100440993 0.0027094144606962804 0.32845021784305578 67.500000000000014 0.6078576147556306 0.025568080134689811
decision_type=8 8 10 8 10 2 10 10 10 2 2 10 10 10 10 2 10 2 10 10 10 10 2 10 10 2 8 8 10 10 10 10 2 10 10 10 2 2 2 10 10 10 10 10 10 2 8 10 8 10 10 10 10 2 2 10 10 2 10 10 2 2 10 10 2 2 2 10 10 10 2 10 10 8 10 2 2 10
left_child=1 10 5 4 21 -3 8 -4 9 55 -1 -12 13 15 -6 20 -17 18 24 -15 -13 22 23 28 25 -11 -27 57 29 -2 31 -23 33 -30 -34 38 45 -38 39 40 -14 -41 -43 -40 -35 -37 -47 54 49 50 -8 62 -51 -18 -24 58 -57 -28 -5 -60 -61 -33 -52 64 67 -66 68 71 -67 -65 -71 -32 -69 -50 75 -75 77 -26
right_child=3 2 7 6 14 -7 48 -9 -10 17 11 12 35 19 -16 16 53 -19 -20 -21 -22 30 47 -25 76 26 27 -29 32 -31 63 61 34 44 -36 36 37 -39 43 41 -42 42 -44 -45 -46 46 -48 -49 73 52 51 -53 -54 -55 -56 56 -58 -59 59 60 -62 -63 -64 69 65 66 -68 72 -70 70 -72 -73 -74 74 -76 -77 -78 -79
leaf_value=-0.95426844009817624 -0.96458881206123437 -0.97786465709825809 -0.95334820730597103 -0.95672966287093231 -0.94964640761262586 -0.9399518289688964 -0.93174466979446657 -0.9229145562315384 -0.92035463511307636 -0.95443259961422588 -0.94917333538787729 -0.92400453488789835 -0.95189026675309407 -0.9595691416547466 -0.92109917662978813 -0.90293019710420785 -0.91880158177666238 -0.94814638349222302 -0.93424418340000204 -0.9275633708660056 -0.89707339426525567 -0.90814110026991413 -0.93799916316040621 -0.95033026959342415 -0.91249331758312413 -0.91462265219192007 -0.94604357053879762 -0.95504315783501847 -0.94527082496170867 -0.93582592896337036 -0.90319094520949517 -0.93775469612330387 -0.96257016464615375 -0.9085106939359896 -0.93560444161084899 -0.90382261317913559 -0.91936643626600711 -0.94969034204727265 -0.90951827190372914 -0.96662006485915974 -0.91771657449829558 -0.92278605884090825 -0.95551360475226466 -0.93775469612330387 -0.93384420394501333 -0.91291878053722653 -0.94198689652224543 -0.94735372971043241 -0.92820509776883731 -0.90612687004385528 -0.94418480729934462 -0.92616296766466388 -0.93768891261249754 -0.93901525174407863 -0.91883552693579329 -0.97484305225670131 -0.94894341939460813 -0.92283937683367789 -0.95472898348069246 -0.92754384533621015 -0.95259628526198237 -0.91872122854821514 -0.96086208518977723 -0.94273457394666627 -0.95315197063712664 -0.95236321515556277 -0.9124646508955967 -0.9284335858460554 -0.9293159970391236 -0.90280314628113845 -0.93214088465726497 -0.93194507074923594 -0.93984486263169198 -0.93409686230193323 -0.93123926423286318 -0.95865950902683816 -0.94488554462493779 -0.93775469612330387
leaf_weight=49.180710047483444 62.155527325347066 84.057339346036315 66.638747036457062 158.25116375274956 45.19413866661489 61.405056493356824 550.52885785140097 107.47198152169585 58.247676178812981 355.81327074579895 74.750527089461684 78.0738107226789 62.748639510944486 47.239080911502242 310.67467355728149 55.27453401684761 71.056927982717752 757.54743547923863 594.37457712367177 81.048821059986949 141.03724824264646 72.018067562952638 75.506753435358405 520.9274359960109 48.646339142695069 48.021999426186085 56.937907973304391 94.370209278538823 74.597175654023886 55.27828000113368 50.636231761425734 235.82463907077909 49.435232950374484 86.341810734942555 127.85272073559463 86.692182339727879 68.199214344844222 118.3437822367996 69.505102695897222 79.600260000675917 94.204400185495615 42.776932889595628 45.372251002117991 53.420886505395174 72.926777912303805 94.466145694255829 67.569684477522969 55.494710138067603 45.424234116449952 51.228602789342403 253.63301594741642 111.33333486877382 53.010297881439328 116.71124374680221 124.44793733581901 73.785301359370351 79.612634658813477 68.155726766213775 71.271041706204414 96.265705185011029 44.462880693376064 57.867122197523713 89.684699995443225 168.96989481337368 334.10499301180243 140.89181913807988 75.829611230641603 167.97642525285482 81.527296578511596 48.514484513550997 355.04731135070324 64.501811817288399 626.16596314124763 44.391165275126696 47.753367455676198 144.53561520949006 67.022205051034689 54.261259444057941
leaf_count=577 711 887 762 1891 502 685 6202 1237 618 4054 875 864 714 538 3792 680 861 8211 6689 897 1587 862 854 5832 533 571 676 1071 922 685 606 2858 631 1052 1498 970 579 1369 997 824 969 538 554 572 910 938 911 595 555 541 2843 1358 533 1323 1403 936 975 771 928 1178 537 685 1004 1832 3743 1490 867 2054 981 510 3951 705 7665 604 475 1679 837 618
internal_value=-0.937755 -0.932161 -0.947566 -0.939329 -0.936759 -0.962684 -0.941923 -0.934927 -0.944295 -0.944861 -0.929032 -0.928157 -0.927029 -0.920568 -0.924954 -0.915298 -0.924243 -0.942835 -0.939879 -0.93929 -0.906024 -0.937869 -0.941662 -0.94431 -0.944159 -0.947203 -0.937659 -0.942812 -0.938235 -0.951038 -0.935889 -0.928292 -0.9346 -0.927861 -0.943244 -0.931465 -0.926164 -0.938192 -0.936785 -0.942523 -0.931694 -0.952842 -0.939143 -0.92158 -0.919424 -0.917089 -0.92514 -0.93104 -0.937305 -0.935376 -0.936964 -0.943174 -0.921119 -0.931379 -0.926171 -0.952964 -0.96235 -0.933707 -0.948718 -0.942267 -0.935991 -0.933735 -0.948902 -0.937242 -0.938957 -0.944877 -0.935685 -0.934881 -0.9437 -0.932565 -0.928179 -0.918139 -0.937457 -0.944648 -0.948114 -0.95268 -0.933314 -0.925337
internal_weight=0 1916.85 319.573 8259.28 4140.71 145.462 4118.57 174.111 2727.05 2668.8 1597.27 1548.09 1473.34 590.442 355.869 462.154 243.043 2145.15 1387.6 128.288 219.111 3784.84 1304.96 1049.51 793.229 623.299 267.486 219.464 528.588 117.434 2479.88 365.71 411.154 233.866 177.288 882.899 435.271 186.543 447.628 324.702 156.953 167.749 88.1492 122.926 159.269 248.728 162.036 255.449 1391.52 1109.42 1005.18 454.651 104.239 187.768 199.955 523.649 153.398 125.094 370.251 212 140.729 293.692 343.318 2114.17 1541.63 632.354 298.249 909.28 222.419 572.532 403.562 115.138 794.142 282.104 236.68 188.927 169.93 102.908
internal_count=116792 21708 3571 95084 48196 1572 46888 1999 31094 30476 18137 17560 16685 6750 4294 5315 2864 24031 15820 1435 2451 43902 15093 12241 9131 7143 3089 2518 6409 1396 28809 4405 5013 2884 2129 9935 4767 1948 5168 3599 1683 1916 1092 1569 1962 2819 1849 2852 15794 12481 11407 5205 1074 2184 2257 6445 1911 1447 4534 2643 1715 3543 3847 24404 18111 7081 3338 11030 2471 6293 4461 1311 9719 3313 2758 2283 1988 1151
is_linear=0
shrinkage=1


Tree=1
num_leaves=79
num_cat=0
split_feature=30 21 17 28 2 27 27 27 2 14 15 29 14 7 6 21 28 8 7 28 7 14 30 7 10 14 15 28 21 21 27 15 28 7 29 15 15 7 27 12 7 17 10 15 12 28 21 14 7 14 21 28 14 15 7 6 12 14 28 21 14 15 14 21 27 27 28 15 28 28 29 6 21 14 21 28 17 8
split_gain=48.5421 67.3614 31.9425 25.9694 34.0609 47.926 32.5452 33.7467 30.8201 28.6883 24.0727 31.8874 30.2213 31.194 24.3246 24.2519 20.8132 19.9442 19.4511 18.5841 18.394 36.6999 43.5648 22.7119 21.3921 17.6831 17.4421 21.3792 17.35 17.324 16.9438 16.306 27.5366 26.7949 18.2762 16.1323 20.2136 45.1017 16.0289 18.6266 15.7702 15.7632 27.1353 17.1904 22.5314 22.2944 14.9027 14.4731 14.6886 13.9109 13.7116 23.456 35.5284 13.5961 19.7076 15.1647 21.9633 13.5585 31.9918 13.521 13.2925 25.8041 20.4732 31.381 14.8446 25.4354 13.1223 12.8915 23.1271 22.538 27.8332 49.6887 23.2979 22.1231 18.0908 19.8848 17.0795 16.9185
threshold=1.0000000180025095e-35 8.1518263816833514 63.500000000000007 -0.37256073951721186 0.52134123444557201 -0.84915164113044728 -0.52803644537925709 -0.71473535895347584 1.646800756454468 -17.615884780883786 13.225107669830324 0.87837970256805431 -9.0149393081665021 8.9023432731628436 -1.130459129810333 1.7888437509536745 0.11969653144478799 -2.953333735466003 0.85366791486740123 -0.11969653144478797 -14.480420112609862 -13.319377422332762 0.81174489855766307 -21.937133789062496 0.12867471575737002 -16.286373138427731 11.00291156768799 0.58244305849075328 2.0590003728866582 -8.1091833114624006 0.69930991530418407 7.5625386238098153 0.74455857276916515 -9.9305076599121076 1.0000000180025095e-35 3.0933699607849126 6.1509842872619638 -17.984642982482907 0.4904943853616715 -0.014574524480849503 24.067732810974125 10.500000000000002 0.22164974361658099 12.271079540252687 0.077837649732828154 -0.9738190472126006 -3.2780278921127315 -9.0149393081665021 -7.8061664104461661 -16.130345344543453 4.1196477413177499 -0.60003554821014393 -5.7284955978393546 14.284827709198 6.3170468807220468 19.939237594604496 0.10266099125146867 -31.677503585815426 -0.032717135734856122 -9.2893962860107404 -15.685295104980467 4.1068596839904794 -11.960757255554197 -4.5550193786621085 0.86046862602233898 0.1413247883319855 0.45201864838600164 7.8235106468200692 -0.49049438536167139 -0.22706275433301923 0.6078576147556306 1.1238803863525393 -0.37491144239902491 -6.8018615245819083 0.48632819950580602 0.66746801137924205 66.500000000000014 0.68475094437599193
decision_type=2 8 2 2 10 2 2 2 10 10 10 2 10 10 10 10 2 8 10 2 10 10 2 8 10 10 10 2 10 10 2 10 2 10 2 10 10 10 2 10 10 2 10 10 10 2 10 10 10 10 10 2 10 10 10 10 10 10 2 10 10 10 10 10 2 2 2 10 2 2 2 10 10 10 10 2 2 10
left_child=2 20 10 38 16 9 7 8 -7 -6 11 12 28 26 -12 -16 -5 -3 -11 30 23 22 25 57 46 59 27 -14 31 -26 -13 32 -1 -33 -35 -25 37 -37 -4 47 -19 42 -23 44 45 -43 -24 48 -40 -21 51 -45 -53 54 -17 56 -55 -2 -59 -22 61 -8 63 -62 65 -64 -27 68 76 72 74 -72 -69 -70 -71 -76 -47 -74
right_child=1 17 3 4 5 6 60 -9 -10 18 14 19 13 -15 15 53 -18 40 -20 49 21 41 24 35 29 66 -28 -29 -30 -31 -32 33 -34 34 -36 36 -38 -39 39 -41 -42 43 -44 50 -46 67 -48 -49 -50 -51 -52 52 -54 55 -56 -57 -58 58 -60 -61 62 -63 64 -65 -66 -67 -68 69 73 70 71 -73 77 -75 75 -77 -78 -79
leaf_value=0.0013887629384365711 -0.014110998707620181 0.0036577605921411017 -0.0052914918266237449 0.022198843322725072 0.018564621533184767 0.0020616361591051673 0.015125147136288888 0.060771590961571267 0.045224686146255827 -0.018566464603762878 0.030342494099918169 -0.0079159734418081541 0.001189619873151184 0.026164138066099268 -0.02296039725252725 0.038893063677672653 -0.010888042038027252 -0.027828274997767976 0.0081810870855203027 -0.034926394776460881 0.0034399638673429391 0.00076558370540068461 0.039180103826538602 -0.026095985568622991 0.02574349568548507 -0.0035966007014728222 -0.020191726098522288 -0.021712303047055834 -0.017547921164216242 -0.0038138338578405347 0.014781202795075487 -0.0043929048789967734 0.036411017213806476 0.045155131800831833 0.011226802669626879 -0.021605817589766173 -0.022391779605154837 0.036020241116050344 -0.0020901847213005364 0.031900929339853674 -0.0044349830878964332 0.017512177419645881 0.035010676574491646 -0.018680781618995574 0.02751920776355915 0.018912133562702674 0.010416032522412189 -0.013990805564570543 0.027144191383074254 -0.01236937912200799 -0.016802460662585873 -0.0068391896818079381 0.035961507936893261 0.0060952848682425892 0.0028330475537217716 0.022083534954745482 -0.0075212812053314882 -0.0068204448906568505 0.036225923288582804 -0.026095569409744016 0.0063604285030771325 -0.01540394500791444 0.021591682217723396 0.058715724516554629 0.028431039893673415 -0.0054423460620974477 0.021849757459598707 0.012688360612746334 -0.0092929341119051267 -0.023534207772095389 0.048253424290404669 -0.0027486193666937573 -0.032964630536989656 -0.03869929932080355 0.029088809828778168 -0.012738403698537114 -0.00849008355313822 -3.0776461620796125e-05
leaf_weight=501.49115484766662 59.445204079151154 60.822313211858273 443.61983389034867 43.729793891310692 103.44905328378081 84.665715662762523 172.28572373837233 67.679339699447155 56.851862916722894 161.66831053420901 70.027125496417284 356.15364510938525 390.10464040376246 54.764286626130342 63.717834813520312 53.289477929472923 206.36525312811136 324.50619992241263 79.164056291803718 77.011382162570953 44.568602979183197 421.33279647678137 129.05966746434569 167.34161589108407 61.134889081120491 100.20275242440403 181.21395474486053 102.1506089810282 49.417624451220036 102.21628226712346 78.833358446136117 61.850845064967871 47.553743053227663 77.461187064647675 68.731901321560144 52.122341644018888 83.739417016506195 51.431078258901834 73.554596979171038 53.080300791189075 81.20200746320188 99.452342445030808 50.401189645752311 114.53020203486085 48.835272120311856 94.665594497695565 64.236775269731879 68.851506486535072 59.144272083416581 267.28440232947469 338.25587578117847 114.24516132101417 55.920601457357407 776.46607018262148 77.72518564760685 78.624550674110651 350.82325244694948 81.012608576565981 56.458235228434205 84.757202614098787 45.143436405807734 79.698765540495515 132.05824603140354 54.994932068511844 95.648668050765991 145.43140088394284 63.981118140742183 58.075290372595191 515.59395179525018 58.532310422509909 74.093484047800303 75.518003024160862 83.173512479290366 57.462645012885332 42.775312408804893 41.832054205238819 83.570583704859018 55.897258849814534
leaf_count=5552 615 649 5306 411 1121 948 2156 610 576 1867 958 4085 4442 643 695 601 2614 3961 896 767 548 4954 1372 1908 671 1270 1825 1058 452 1094 947 744 535 812 701 647 883 621 984 521 970 1210 513 1208 543 1166 581 815 702 3071 4094 1183 685 8890 836 890 4176 804 644 1032 589 942 1437 586 1233 1713 776 656 5946 684 863 739 984 713 529 548 1102 654
internal_value=0 -0.00352283 0.00286544 0.00718128 0.0104919 0.0134961 0.0188211 0.0346848 0.0205189 -0.000868317 0.000307926 -0.00256769 0.00121061 -0.00544937 0.0048602 0.00346692 -0.00464699 -0.0197294 -0.00958529 -0.0100385 -0.00143874 -7.14007e-05 0.00949458 -0.0090635 0.0200997 -0.00332699 -0.00823432 -0.0036042 0.00728155 0.007315 -0.00359217 0.00905182 0.00475681 0.0198468 0.0302673 -0.0158998 -0.00617234 0.00684252 -1.68062e-05 0.0089227 -0.0233561 -0.0026061 0.00479611 -0.00437165 -0.00150588 -0.00267984 0.0302817 0.00212039 0.0110046 -0.0179053 -0.0106344 -0.00300301 0.00745957 0.00482893 0.0185939 0.00323541 0.00180271 0.00307858 0.011049 -0.0157577 0.0140098 0.00518707 0.0185205 0.0367559 0.0131524 0.0073766 0.00631947 -0.00438907 -0.00812388 0.0012596 0.00930001 0.0228034 -0.010384 -0.0125792 -0.00472372 0.00822419 0.005894 -0.0204468
internal_weight=0 4152.4 6011.78 2227.09 1528.83 1278.74 934.458 209.197 141.518 344.281 3784.7 2314.02 1534.74 728.233 1470.67 1400.65 250.095 466.531 240.832 779.283 3685.87 3134.32 650.157 551.551 356.648 293.51 673.469 492.255 806.506 163.351 434.987 757.089 549.045 208.044 146.193 354.634 187.293 103.553 698.251 254.631 405.708 2484.16 471.734 2012.43 1389.48 1340.64 193.296 201.55 132.699 344.296 622.952 284.696 170.166 1336.93 131.015 1205.91 1127.29 196.916 137.471 129.326 725.261 251.984 473.277 100.138 373.138 277.49 164.184 1241.19 751.293 489.897 292.751 149.611 197.146 573.057 143.14 84.6074 178.236 139.071
internal_count=116727 48020 68707 26027 17699 14674 10790 2134 1524 3884 42680 25634 16764 7968 17046 16088 3025 5580 2763 8870 42440 36318 7344 6122 3718 3626 7325 5500 8796 1765 5032 8344 6087 2257 1513 4059 2151 1268 8328 3022 4931 28974 5467 23507 16337 15794 1953 2501 1686 3838 7170 3076 1868 15393 1437 13956 13066 2063 1448 1580 8656 3098 5558 1175 4383 3150 2046 14584 8927 5657 3363 1602 2294 6659 1761 1077 2268 1638
is_linear=0
shrinkage=0.0454652


Tree=2
num_leaves=79
num_cat=0
split_feature=30 18 7 22 3 2 3 27 20 22 7 3 7 30 3 2 27 7 22 7 5 18 2 27 3 3 3 2 2 7 28 27 22 28 3 2 3 2 3 22 27 18 28 2 30 3 20 2 20 3 2 28 28 6 18 7 7 2 20 9 27 5 2 9 7 27 7 7 2 3 28 18 27 3 28 2 6 18
split_gain=36.3409 49.3175 31.7892 28.6115 23.109 25.9876 66.622 18.7449 22.6796 52.8402 46.3413 36.585 26.6498 19.7224 30.9091 18.7082 18.665 17.7232 38.116 26.7777 19.2367 18.113 17.3519 17.3064 17.1553 35.1961 31.9119 18.9082 31.3905 25.9642 21.4323 17.8796 17.1443 16.5616 17.4037 17.2151 15.4923 19.3989 28.6124 17.132 14.8177 14.0319 13.9627 24.4993 23.2066 21.4902 18.0187 26.0545 20.2665 25.601 22.2615 14.4982 13.3502 16.2636 12.9681 19.374 12.8143 16.5554 12.6067 12.0893 12.0107 11.9536 11.8674 16.5824 11.5828 13.0945 11.5471 11.5034 11.4641 15.2891 12.3144 11.3976 11.1243 10.7645 10 9.95141 12.0031 14.9034
threshold=1.0000000180025095e-35 86.500000000000014 9.5196976661682147 -0.97043821215629567 0.25782868266105657 0.4818368554115296 0.31194019317626959 -0.81279832124710072 -0.86508035659790028 -0.26491643488407129 -23.0986795425415 0.90934208035469066 -18.725741386413571 -0.56174489110708226 0.63732722401618969 0.67769199609756481 0.45201864838600164 -15.024851799011229 -0.735095053911209 -21.395874023437496 -4.3071541786193839 31.500000000000004 1.4486234188079836 0.95688340067863475 0.34376183152198797 0.38433498144149786 0.3099688738584519 0.51016658544540416 0.80094081163406383 10.219942569732668 -0.45201864838600153 0.89194178581237804 0.026155414991080764 -0.41268247365951533 0.99415358901023876 3.9973435401916508 0.23453848063945773 1.3386728167533877 0.83809182047843944 -0.63663017749786366 0.83743050694465648 57.500000000000007 -0.47136868536472315 0.78246226906776439 0.81174489855766307 0.65073639154434215 -2.5081808567047115 1.6322507858276369 2.9082696437835698 0.54364508390426647 1.157737731933594 0.010907442308962378 0.054511256515979774 -0.41754274070262903 35.500000000000007 0.96618720889091503 -5.0174505710601798 0.63347944617271434 0.54021039605140697 0.32240843772888189 0.98990321159362804 0.63079082965850841 1.878713130950928 0.31723943352699285 -0.73991817235946644 -0.2693240344524383 7.5825116634368905 -2.2017686367034908 0.75062012672424328 0.40811842679977423 -0.88186877965927113 56.500000000000007 -0.9738190472126006 0.55903473496437084 0.39271505177021032 1.6322507858276369 -3.1311547756195064 46.500000000000007
decision_type=2 2 10 10 10 10 10 2 10 10 10 10 10 2 10 8 2 10 8 10 10 2 10 2 10 10 10 10 10 10 2 2 10 2 10 10 10 8 10 10 2 2 2 10 2 10 10 10 10 10 10 2 2 10 2 10 10 10 10 10 2 10 8 10 10 2 10 10 10 10 2 2 2 10 2 10 10 2
left_child=7 4 3 -3 15 6 -6 13 9 12 -10 24 -9 33 -15 16 -2 18 -7 20 -20 -21 -16 59 26 40 27 29 31 71 -30 -29 -4 -1 35 62 -14 56 39 -39 41 -26 68 45 52 51 47 67 49 -48 -51 -44 -45 64 -36 -56 -38 -58 -31 -5 -27 -8 63 75 65 -54 -50 -46 69 -19 -71 -12 -24 -70 -13 76 -35 -78
right_child=1 2 32 23 5 17 61 8 10 -11 11 74 36 14 22 -17 -18 42 19 21 -22 -23 72 -25 25 60 -28 28 30 58 -32 -33 -34 34 54 -37 37 38 -40 -41 -42 -43 43 44 46 -47 48 -49 66 50 -52 -53 53 -55 55 -57 57 -59 -60 -61 -62 -63 -64 -65 -66 -67 -68 -69 73 70 -72 -73 -74 -75 -76 -77 77 -79
leaf_value=-0.012822977491789593 -0.024376458890348941 0.017402519641447012 -0.031318406966419729 -0.017216198321075148 0.05124788050186007 0.025467018238139676 -0.017328734896408855 0.046182674963391124 -0.040140339295901814 0.00095406071836376882 -0.028138634504558894 0.0099874847834121021 0.036358672232641061 0.01787676002911839 -0.027971005914306724 -0.030159982692526656 0.010771866941388045 -0.00049134830856806971 0.015027974905415534 -0.034431454148279202 -0.018510065652504799 -0.0047074448279338229 -0.01964097878429508 0.01396406940165151 -0.0065602051708289972 0.0019404757364619896 -0.017664356355971574 0.0070346815542856591 0.0062213223325483956 -0.0032344133975586065 -0.028087103003325998 0.031253911922363715 -0.0075314562478748584 0.025972526105026521 0.0079908964126373088 0.031556951470720844 -0.0041352648655258676 0.05872530330855405 -0.0004061432007863483 0.016880878086795687 0.033861189141348357 0.02066100676844209 0.0079512347171412211 -0.014672542796419196 -0.0010412888207537209 -0.033996110275734667 0.03711168950717407 0.018793307578721628 0.013293725574153923 -0.0093268914144611793 0.023006421053611548 -0.011410051160379532 -0.01325444903657565 -0.0099839023183368979 -0.033122696744520772 0.0016591637975619444 0.025474368531111843 0.0025423464371873553 0.025163612527596385 0.0029626165670912359 -0.017265516688323233 0.011582776438729082 -0.0046652304130476727 -0.011513235933778395 0.020764765300554235 0.015999755337212894 -0.014313740350773048 -0.032494776411307831 -0.004288841064695759 0.036876338256176429 0.008420517472438431 -0.0059846636244972485 0.00079260543617866875 0.0070361208734376684 0.034726215691227476 0.034921181025899702 -0.0180384427219068 0.012157759654315365
leaf_weight=135.34600740484893 46.811489751562476 85.819927187636495 218.534129710868 336.26351085118949 67.642068825662136 50.927886225283146 63.074035953730345 59.699897676706314 50.333890544250607 935.61424180306494 97.7127650026232 76.965972015634179 59.581785880029202 62.35956215672195 142.03341023996472 90.748687136918306 75.44383510760963 86.130609767511487 78.033494651317596 139.85337786376476 57.874031942337751 67.89447508752346 84.422035371884704 47.828767254948616 59.078780945390463 1631.6698241718113 252.11882503144443 195.28045325167477 73.534720191732049 68.55583912320435 67.181158285588026 97.3185027949512 99.973476937040687 67.947909694164991 67.108101552352309 56.578286366537213 142.66653595492244 48.768887538462877 52.170418996363878 47.035156099125743 91.494530331343412 93.724122343584895 102.84198204614222 180.36594129167497 48.846856966614723 65.911809807643294 109.4074372369796 58.118504766374826 51.628384983167052 75.116018448024988 92.457153676077724 294.65408621355891 68.87425422668457 172.32565698958933 61.939197029918432 60.61020459420979 112.15497032366693 162.53652826882899 51.946928661316633 68.712957201525569 65.796527473255992 47.334548037499189 152.94700498692691 53.210718939080834 88.624692592769861 51.603037383407354 66.247495675459504 51.329512722790241 292.91376114077866 67.29479088447988 71.754807766526937 109.39115904644132 133.77861449122429 404.29387725517154 78.62362396903336 42.8337577059865 43.761575888842344 107.70502006821334
leaf_count=1554 490 1017 2437 3925 683 610 794 706 470 11320 1067 1002 749 816 1727 1100 890 892 796 1581 596 751 876 548 738 18162 2760 2061 773 741 781 941 1180 821 549 605 1790 555 593 626 925 943 1229 2102 595 726 1193 752 552 862 878 3602 828 1953 606 615 1305 2076 567 814 752 660 1857 692 997 600 667 609 3284 754 804 1160 1487 5180 917 521 517 1364
internal_value=0 -0.00315632 -0.0128438 -0.00591105 -0.000602042 0.000394617 0.0170624 0.00236706 0.00367593 0.00804904 0.0014113 0.00215115 0.0176112 -0.00250802 -0.0104987 -0.0149441 -0.00265335 -0.000636155 -0.00954836 -0.015116 0.000274495 -0.0252257 -0.01569 -0.0105525 0.000987015 0.00350002 -0.00377659 0.000830888 0.00709134 -0.00728789 -0.0101518 0.0155739 -0.0241933 0.00143887 0.00426532 0.00855746 0.0145219 0.0118905 0.0259371 0.0402006 0.0194978 0.00992867 0.000763875 -0.00180986 0.00180986 -0.0105628 0.00842127 -0.00422954 0.0136065 0.0202597 0.00835155 -0.00624941 -0.00462745 0.000101194 -0.00729373 -0.0160366 0.0065914 0.0123164 0.00903972 -0.0136778 0.00112769 -0.00453667 0.00542731 0.0104703 0.00867342 -0.000218832 -0.00178173 -0.0182674 0.00520916 0.0140733 0.0231923 -0.0170101 -0.00710939 0.00221141 0.0233628 0.0152222 0.0105903 0.00287529
internal_weight=0 4143.51 857.133 538.625 3286.38 3073.37 178.051 6053.54 4780.96 1620.23 3160.73 3110.39 684.614 1272.58 422.594 213.004 122.255 2895.32 394.583 343.655 135.908 207.748 360.234 452.805 2954.8 1941.76 1013.04 760.922 433.315 327.607 140.716 292.599 318.508 849.988 714.642 524.984 624.914 565.332 147.974 95.804 244.297 152.803 2500.74 1578.35 1114.94 463.408 553.151 158.295 394.856 276.981 167.573 397.496 561.794 381.428 189.658 122.549 417.358 274.691 120.503 404.976 1697.47 110.409 468.406 315.459 209.102 120.477 117.876 100.176 922.388 225.18 139.05 207.104 218.201 697.208 155.59 262.248 219.415 151.467
internal_count=117018 47931 9921 6304 38010 35530 2137 69087 54480 19720 34760 34290 8400 14607 4906 2480 1380 33393 4334 3724 1392 2332 4090 5287 32371 21520 10851 8091 4556 3535 1554 3002 3617 9701 8147 6377 7694 6945 1774 1181 2606 1681 29059 18145 12588 5557 6108 1956 4152 2933 1740 4831 6480 4378 1770 1221 5171 3381 1308 4739 18914 1454 5772 3915 2425 1428 1219 1204 10914 2450 1558 2227 2363 8464 1919 3223 2702 1881
is_linear=0
shrinkage=0.0454652


Tree=3
num_leaves=79
num_cat=0
split_feature=22 15 18 12 2 9 10 5 2 12 15 18 15 12 2 18 28 10 31 17 12 28 15 15 31 22 6 10 15 22 18 28 12 9 6 17 18 2 2 2 12 2 22 2 28 15 2 6 5 18 18 5 15 15 12 2 12 2 15 17 2 12 18 6 2 17 12 12 10 9 5 2 17 6 28 18 18 10
split_gain=27.7165 32.7039 23.1373 17.1255 16.2399 12.8543 17.9171 9.69568 13.1722 15.3032 11.0592 15.1474 19.929 13.3057 11.1471 9.51217 8.95257 8.77014 19.57 20.5032 19.021 13.8371 14.3941 18.1947 23.7146 17.6225 15.6742 13.5356 12.9661 15.6645 13.9318 23.8224 12.779 10.7802 10.2361 10.1059 9.87361 12.7528 11.9498 15.1105 9.0617 21.48 8.71249 8.81171 16.9344 20.9147 12.9505 11.7385 12.8157 11.5474 9.21696 9.02446 8.67281 8.92791 8.44713 9.56369 8.33876 8.15816 8.11022 7.92315 7.72696 7.66717 7.29425 15.8361 10.0161 10.0092 14.3587 9.78878 9.35688 8.96614 8.14066 7.8577 7.80034 7.33209 8.65776 7.49829 7.48873 7.89689
threshold=-0.91293188929557789 16.511172294616703 86.500000000000014 0.23562207072973254 0.51016658544540416 0.2476381063461304 0.10881960019469263 -4.6603760719299308 1.2920671105384829 -0.042705181986093514 5.4036197662353525 74.500000000000014 9.4893684387207049 0.010639328043907883 0.71014854311943065 59.500000000000007 0.52803644537925731 0.060708705335855491 1.0000000180025095e-35 53.500000000000007 0.069317772984504714 -0.93585023283958424 20.20537090301514 15.807526111602785 1.0000000180025095e-35 0.65576961636543285 5.469567298889161 0.25622454285621649 11.571428298950197 -0.38366869091987604 50.500000000000007 -0.95032352209091175 -0.061684496700763695 0.20806847512722018 1.778036952018738 76.500000000000014 61.500000000000007 1.4486234188079836 0.86875647306442272 0.77788126468658458 0.11899038776755334 1.6179042458534243 0.65576961636543285 2.1980377435684209 0.52803644537925731 2.0756020545959477 2.6275602579116826 -7.4408357143402091 -7.1419372558593741 31.500000000000004 32.500000000000007 -0.67687374353408802 18.362400054931644 16.971695899963382 -0.081096794456243501 1.6322507858276369 -0.13492076843976972 1.4588765501976015 9.7330880165100115 18.500000000000004 0.46942852437496191 0.028022026643157009 41.500000000000007 2.0918620824813847 1.5733435153961184 61.500000000000007 0.017155312001705173 -0.037096342071890824 0.099884252995252623 0.13709662854671481 0.78853935003280651 0.72343492507934581 94.500000000000014 6.1079885959625253 -0.65106672048568714 72.500000000000014 74.500000000000014 0.10338720306754114
decision_type=8 10 2 10 8 10 10 10 10 10 10 2 10 10 10 2 2 10 2 2 10 2 8 10 2 10 8 10 8 10 2 2 10 10 10 2 2 10 10 10 8 10 10 8 2 10 10 10 10 2 2 10 10 10 10 10 10 10 10 2 8 10 2 10 10 2 10 10 10 10 10 10 2 10 2 2 2 10
left_child=1 4 17 5 -1 52 -7 -6 9 -9 14 12 -12 -13 -11 -10 -3 18 19 20 33 54 23 42 40 26 -24 59 30 -30 -20 -32 35 58 36 -21 37 38 39 -34 41 -25 43 47 45 -45 -47 51 -49 -46 -48 56 53 57 55 -19 -23 60 -2 -28 -4 -60 64 67 65 66 68 69 71 -64 -67 -50 -69 74 -65 -75 -76 -78
right_child=2 16 3 -5 7 6 -8 8 15 10 11 13 -14 -15 -16 -17 -18 21 28 32 -22 22 25 24 -26 -27 27 -29 29 -31 31 -33 34 -35 -36 -37 -38 -39 -40 -41 -42 -43 -44 44 49 46 50 48 62 -51 -52 -53 -54 -55 -56 -57 -58 -59 61 -61 -62 -63 63 73 -66 70 -68 72 -70 -71 -72 -73 -74 75 76 -77 77 -79
leaf_value=-0.0049620512639243965 -0.017510136246065369 0.0033882891186225541 -0.01854735947524214 0.01988025065847307 -0.0050048819019226955 0.011072504471193125 -0.0062266022044720724 -0.005214048157972751 0.037527954357673199 0.012922525408644699 -0.015395402709841752 -0.0029379575661250697 0.020973967581006052 0.023473274342053405 0.044319638460861469 0.013181844388726731 -0.020449434561893905 -0.029055646455965339 0.003306753199652152 -0.025560516681884859 0.017131969302071864 0.0095449787224370503 0.0025048702085048481 0.002817070216753727 0.036186121944115274 0.0098088211888479465 -0.013327066208852009 0.00136392463196068 -0.019453150416461378 0.0033043351074395532 -0.00069760436146385114 0.033185343752072272 -0.00041245887007634679 -0.0033919171332494323 -0.013130686021669617 0.0014022503718799772 0.012896222554450254 0.02133242053682673 -0.012432493364017947 0.025490053728457043 -0.0059645293587544381 0.038065296243098748 -0.0023199028973394978 0.021960076451410886 0.0092476946039761268 0.011560146595047381 -0.0015991250061564673 0.026312430297758024 0.013606185165657089 0.041630288236135786 -0.026375786727932855 0.0093870929959596425 -0.015605600877151422 0.009737283572667078 -0.0017021404956266398 -0.0034070575563363583 -0.010127430134570643 -0.018894323783239644 -0.00062849930883904399 -0.035792370784199862 -0.0038487201069475284 -0.018785360780280012 0.017262539530387797 0.013845717002230449 0.018062751660991729 -0.0055537678936227386 -0.013901855676769959 0.029218116507760277 0.021604975367591227 -0.0095629247684888893 0.013221116737570189 -0.0062443404418217044 0.0057575124343431355 0.022021960176659194 -0.011582633334898181 0 0.013044835814332544 -0.0084740812154739907
leaf_weight=114.29425664618611 394.48059890978038 42.105598110705614 83.414876315742731 49.2434545699507 51.621719319373369 184.06531468965113 356.83707265555859 95.795277286320925 78.007875993847847 68.265624966472387 83.707228356972337 46.874262532219291 43.797013221308589 157.75642783753574 43.669853972271085 81.43339753523469 95.437517045065761 52.527626112103462 372.55765247344971 59.660256251692772 52.17691052146256 46.269969476386905 120.03647985309362 143.91757803969085 72.429119251668453 117.64461542479694 90.743563523516059 53.510612219572067 84.20790165103972 203.75942396558821 68.854309692978859 98.160329103469849 340.64125742949545 363.74642583355308 71.892134249210358 45.695776818320155 199.33152873441577 54.30200176127255 136.81114823743701 49.225988468155265 73.853556673973799 45.494250001385808 595.11894161254168 88.741503423079848 55.339225791394711 66.640798015519977 80.22972927428782 49.362383361905813 75.533960111439228 47.105057947337627 52.523376001045108 76.736284716054797 294.94662456586957 60.027521377429366 511.93250984326005 77.611298799514771 302.87113318219781 115.03694025799632 166.93513198383152 69.771199602633715 643.31055604293942 67.278456747531891 46.108266619965434 57.142236202955246 60.983147388324142 541.59851179458201 54.503978993743658 112.63618171028793 98.415155680850148 47.115432687103748 47.143165361136198 78.335755310952663 49.862112276256084 60.597776414826512 155.34012771584094 61.610360184684396 70.604889763519168 60.768266290426254
leaf_count=1408 4540 536 794 554 686 2027 3957 1229 909 810 1006 580 545 1799 571 862 1171 607 4421 704 644 536 1427 1672 826 1317 1126 641 827 2283 824 1138 4015 4155 813 530 2182 535 1642 582 880 511 6818 994 656 909 849 592 858 494 575 818 3481 738 5873 1002 3589 1390 1900 735 6933 783 550 618 698 6403 611 1265 1100 575 528 855 551 688 1728 689 758 606
internal_value=0 0.00724613 -0.000699184 -0.005338 0.0105537 -0.00612562 -0.000211456 0.012994 0.0144133 0.0107226 0.0142855 0.00967562 -0.00226871 0.0172505 0.0267213 0.0260316 -0.0129204 0.000416928 -0.00156188 -0.0040033 -0.00839929 0.00165351 0.00267358 0.00367463 0.0137055 -0.00488433 -0.010259 -0.0175541 0.00427698 -0.00336245 0.00843847 0.0192484 0.00075693 -0.00985526 0.00267137 -0.0138045 0.00425024 0.00113114 -0.00100793 0.00296467 0.00687982 0.0121603 0.00257004 0.00373492 0.0100276 0.00403592 -0.00398235 0.0025542 0.00423364 0.025621 -0.0122532 -0.00412082 -0.00874828 -0.00639136 -0.00448678 -0.0146922 -0.007302 -0.00764066 -0.0134717 -0.0240344 -0.00569686 -0.00628144 0.00349294 0.00693926 0.000823112 -0.00037333 0.00617577 0.0159603 0.0108561 0.00337131 -0.00388735 0.00329124 0.0226299 0.00179012 -0.00150974 0.0112097 -0.00488936 0.00277551
internal_weight=0 1002.77 9185.31 1786.88 865.223 1737.64 540.902 750.929 699.307 539.866 444.07 332.135 127.504 204.631 111.935 159.441 137.543 7398.43 2829.72 2002.18 1044.62 4568.71 3926.64 3474.93 335.695 451.706 334.062 214.025 827.54 287.967 539.572 167.015 957.56 992.441 852.204 105.356 780.312 580.98 526.678 389.867 263.265 189.412 3139.24 2544.12 390.58 288.135 199.394 2153.54 1727.66 102.444 132.753 425.877 1196.74 901.79 642.071 130.139 349.141 841.762 628.694 160.515 726.725 234.214 1678.3 721.786 956.514 895.531 306.789 255.722 252.285 93.2237 588.742 153.87 162.498 466.064 343.856 122.208 286.713 131.373
internal_count=117032 12112 104920 19874 10405 19320 5984 8997 8311 6540 5311 3930 1551 2379 1381 1771 1707 85046 32518 23025 12022 52528 45046 39800 3889 5246 3929 2502 9493 3110 6383 1962 11003 11378 9769 1234 8956 6774 6239 4597 3063 2183 35911 29093 4477 3327 2333 24616 19673 1150 1424 4943 13336 9855 7482 1609 4125 9117 7223 1861 7727 2683 19081 8028 11053 10355 3424 2941 2813 1125 6931 1713 1816 5087 3710 1377 3092 1364
is_linear=0
shrinkage=0.0454652


Tree=4
num_leaves=79
num_cat=0
split_feature=0 21 9 2 28 16 14 13 14 2 5 0 21 18 23 9 14 21 16 14 13 28 2 0 2 5 21 28 16 18 0 28 17 13 13 17 13 10 18 4 14 18 21 23 13 28 32 23 0 10 2 13 13 14 28 17 2 13 2 4 5 32 21 28 18 0 17 2 10 2 16 0 21 28 0 17 17 16
split_gain=31.7503 51.6433 21.183 20.8229 32.6456 22.4899 33.3651 46.9027 19.5936 17.5856 17.4501 21.4435 29.1942 15.8009 14.879 14.5994 14.5755 28.9862 17.9149 14.4369 15.2657 15.7876 21.1519 35.8601 22.0929 17.7197 14.8273 22.6486 20.2473 20.9888 13.9675 13.6945 24.9017 13.6537 13.1174 25.0022 17.3971 19.6065 17.4827 14.9181 13.1044 12.924 12.8764 12.8232 18.3629 14.0396 12.6362 15.6842 13.6785 12.5372 12.4843 15.7428 14.0776 13.4656 12.1624 13.6528 12.756 11.9286 11.8822 11.851 11.6866 11.6832 11.6221 11.1812 10.8385 10.7838 10.7256 9.60808 9.3604 13.0807 9.23791 9.16385 8.40798 8.40516 9.34093 8.40118 8.1124 8.09153
threshold=0.63177990913391124 0.42396885156631475 0.30954784154891973 1.3017483949661257 0.69930991530418407 0.2091052979230881 -13.424258232116697 -0.057813521474599831 -10.438474655151365 1.04177862405777 1.7236806750297549 0.50425344705581676 3.1309217214584355 88.500000000000014 0.89627909660339367 0.1961394473910332 -16.286373138427731 -10.250320434570311 0.16613701730966571 -9.3687319755554181 -0.037744812667369836 0.5464349389076234 0.71904131770133983 0.77205777168273937 1.106866240501404 0.83275020122528087 2.1275823116302495 -0.74455857276916493 0.64598032832145702 75.500000000000014 0.84076812863349926 0.43245348334312445 80.500000000000014 -0.0065942401997745028 0.029083373956382278 40.500000000000007 -0.0057412525638937941 0.18135233968496325 67.500000000000014 1.6500402688980105 -13.85422372817993 69.500000000000014 15.44544553756714 0.53834757208824169 -0.030866147018969056 0.61734244227409374 1.0000000180025095e-35 1.3517303466796877 1.0374212861061098 0.13849422335624698 0.85942888259887706 0.038932124152779586 0.023214574903249744 -5.157130002975463 0.45201864838600164 51.500000000000007 0.78725770115852367 -0.025708256289362904 1.9235171079635622 -0.069556873291730867 -10.098367691040037 1.0000000180025095e-35 -4.5550193786621085 0.032717135734856136 43.500000000000007 1.0112943053245547 90.500000000000014 0.8446335792541505 0.16315753757953647 0.49331578612327581 0.48332017660140997 1.7058172821998598 11.07166624069214 -0.18436925113201139 1.5707892775535586 15.500000000000002 90.500000000000014 0.10446795821189882
decision_type=8 10 10 10 2 10 10 10 10 10 10 10 10 2 8 10 10 8 10 10 10 2 10 10 10 10 10 2 10 2 10 2 2 10 10 2 10 10 2 10 10 2 10 10 10 2 2 10 10 10 8 10 10 10 2 2 8 10 8 10 10 2 10 2 2 10 2 10 10 8 10 10 10 2 8 2 2 10
left_child=1 3 13 5 -5 76 7 -7 -3 43 11 12 -10 16 34 54 17 18 30 20 40 22 23 -22 66 67 27 33 29 31 -2 32 75 -21 36 -36 37 39 -38 63 -18 57 68 44 -8 -45 48 62 49 -26 52 53 -12 -52 55 -13 -56 -16 73 -17 -60 65 -48 -4 -46 -35 -24 -23 69 -15 -34 -49 -62 74 -59 -29 77 -1
right_child=2 8 14 4 -6 6 9 -9 10 -11 50 15 -14 42 41 59 19 -19 -20 26 21 25 24 -25 46 -27 -28 28 -30 -31 -32 -33 70 61 35 -37 38 -39 -40 -41 -42 -43 -44 45 64 -47 47 71 -50 -51 51 -53 -54 -55 56 -57 -58 58 60 -61 72 -63 -64 -65 -66 -67 -68 -69 -70 -71 -72 -73 -74 -75 -76 -77 -78 -79
leaf_value=-0.0095316075180852458 0.014717043930156276 -0.029120030807539318 0.027484668499485342 0.0011432894726674183 0.039188081586956948 0.0037917847963815066 0.028630790854812904 0.051752722630096587 0.0040608471775024539 -0.019171803982983366 0.0017334761489918558 -0.0090191947808829845 -0.027558587869981839 -0.022908043690597721 -0.0055385287340222319 0.026588678571780159 0.0021426448051098685 -0.011899449968388568 0.028405841179860735 0.017534149095789087 -0.017012245182585504 -0.0018279013465818585 -0.013024460267979482 0.024257254001101514 0.043265421002725381 0.037769441949847007 0.00052321134156006538 0.004354428534630291 -0.024965486812574239 0.012593496424460266 -0.0061697709201755709 -0.021593840432191876 -0.00045467743901011744 0.011190299743386971 0.0014200488312133607 0.036397514106248377 -0.016515694711941538 0.031352685551230879 0.010262066041712398 -0.012122559816130923 -0.01993313579099185 -0.0081868819843277582 0.012617269947999629 0.0070138551569405416 0.011462036590039453 0.03864657738305368 -0.023067852000258106 0.020861107154469954 -0.0011241876042130702 0.0077019353766735249 -0.0068027048896153195 -0.020891172341684035 0.034944381673856779 0.023612047210060966 -0.026619747852550144 0.021463398721463047 0 0.0093260482107708625 -0.00021043290477449763 -0.00059349948155286675 0.033370133808968021 -0.014578658465347626 0 0.0026751829400913337 -0.011488150514787011 -0.012186118569084642 0.0068047926135634445 0.019178270987956589 -0.015772877989568883 -0.0033170175193910955 0.025570410382559059 0.00088687496969502367 0.0068034627903850054 -0.0089371041370998449 -0.0060514102958794157 -0.015430434611290525 -0.012739486242823721 0.010981671696318007
leaf_weight=55.861933838576078 88.06325207464397 50.460470225661993 57.48302760347724 77.643533231690526 124.888826392591 80.51452999189496 41.481968613341451 91.981721177697182 92.753894804045558 44.908844156190753 52.840735577046871 54.922730544582009 152.45918495953083 78.584153793752193 268.71937598474324 67.027903994545341 111.48473904654384 692.32828559912741 48.358228638768196 93.304688226431608 52.335373163223267 91.121269918978214 294.5929255168885 180.22420054115355 44.758337086066604 53.960115207359195 1468.6594075746834 47.38756469450891 160.23902236483991 92.862557644024491 230.20346043817699 155.40456483699381 47.53237409889698 136.74508047476411 89.340405097231269 82.26966592669487 123.39034999348223 71.251725981011987 77.608879534527659 72.663968713954091 99.062812389805913 311.03058674931526 54.31833590939641 75.279740083962679 59.426742199808359 51.620783865451813 66.395987806841731 83.274957228451967 52.436011556535959 45.876630945131183 50.362585186958313 46.334536258131266 57.217222135514021 60.218164689838886 69.793276853859425 56.463141359388828 69.686913572251797 290.0422046314925 58.859777741134167 55.415885336697102 71.084691753610969 97.961436409503222 125.86542730592191 112.24812383577228 119.63593625463545 52.067330345511436 63.288244230672717 77.198088439181447 306.27010672166944 571.86607468873262 54.068206023424864 116.81763335131109 48.311513394117355 108.09083526954055 105.79824207164347 252.64701266027987 93.969008283689618 107.68771415948868
leaf_count=626 977 479 561 815 1198 983 513 939 1023 495 578 551 1727 771 3187 839 1399 8152 570 1275 611 1048 3318 2103 531 537 17385 561 1704 1039 2632 1893 563 1472 1105 879 1322 825 792 799 1251 3581 665 822 792 562 837 886 738 551 471 575 652 773 796 611 773 3305 599 587 788 1080 1208 1283 1485 686 749 903 3487 6546 622 1194 519 1271 1138 2993 1119 1325
internal_value=0 0.00503453 -0.00139634 0.0120737 0.0251502 0.00868584 0.0137455 0.0302483 -0.00264067 0.00613021 -0.000950096 -0.00518695 -0.0155321 -0.00268347 0.00272966 0.00157366 -0.0016709 -0.00643233 0.00377747 -0.000458768 0.0029965 0.00480044 0.0025358 0.0146304 -0.000610778 0.0158028 -0.00250413 -0.00626954 -0.0105614 -0.00680154 -0.000125866 -0.0101899 -0.00548416 0.00276657 0.00809764 0.0189223 0.0042735 0.0109646 -0.00594007 0.00435329 -0.00819846 -0.000167691 -0.00789196 0.00972417 0.00272126 0.0210579 0.00516393 0.000763567 0.0165437 0.0268879 0.00861612 0 0.0200593 0.00958577 -0.00456572 0.00622311 -0.0134531 0.00242802 0.00565148 0.014279 0.0156392 -0.00204928 -0.0082861 0.0118066 -0.0035194 0.00436952 -0.00934584 0.00774959 -0.00915585 -0.00588664 0.0133865 0.00968978 0.0235962 0.00192515 0.00507423 -0.0121287 -0.00226717 0.00362264
internal_weight=0 1960.86 8235.76 1024.9 202.532 822.369 564.85 172.496 935.957 392.354 885.496 618.523 245.213 6287.56 1948.19 373.31 5276.53 1058.95 366.625 4217.57 1558.69 1348.15 1125.87 232.56 893.306 222.279 2658.88 1190.22 810.141 649.902 318.267 557.04 401.635 380.079 686.256 171.61 514.646 313.647 200.999 242.395 210.548 1261.94 1011.04 347.445 220.545 126.901 535.425 392.354 143.071 90.635 266.973 156.915 110.058 110.581 250.866 111.386 139.48 950.907 682.187 122.444 178.256 286.774 192.261 169.731 179.063 188.812 357.881 168.319 956.72 650.45 101.601 200.093 119.396 503.931 395.84 300.035 257.519 163.55
internal_count=117000 22109 94891 11674 2013 9661 6591 1922 10435 4669 9956 6907 2750 72937 21954 4157 61468 12331 4179 49137 17864 15214 12726 2714 10012 2488 31273 13888 9375 7671 3609 6632 4739 4513 7566 1984 5582 3468 2114 2643 2650 14388 11469 4174 2790 1384 5945 4125 1820 1082 3049 1819 1230 1244 2731 1162 1569 10807 7620 1426 1906 3238 2045 1844 2277 2158 4067 1951 10804 7317 1185 2080 1307 5714 4443 3554 3070 1951
is_linear=0
shrinkage=0.0454652


Tree=5
num_leaves=79
num_cat=0
split_feature=30 15 22 22 12 11 11 11 30 3 22 11 9 12 15 4 3 3 22 15 3 11 15 15 15 8 3 3 15 15 12 7 11 9 4 4 10 7 3 9 9 3 3 7 12 15 15 3 15 10 8 22 3 15 8 15 30 7 3 30 3 6 3 11 9 3 10 15 7 6 15 31 6 10 3 7 7 22
split_gain=32.4194 62.6926 34.6382 27.4625 31.0639 25.5324 18.6274 16.7689 24.2815 43.6861 29.0873 19.9875 19.7279 15.9989 15.3606 20.9449 18.2646 42.4469 16.3001 66.6676 18.9717 16.8544 15.0801 15.1385 17.6289 14.0563 13.457 15.0294 13.0156 12.2072 12.0086 19.605 15.2329 15.8264 13.442 12.3741 11.7068 10.5257 10.3709 9.977 9.65643 9.45782 9.37809 10.7622 10.2662 13.2096 12.2826 9.66901 9.37168 11.7094 8.93172 8.60926 8.38149 16.9384 8.33921 8.28539 8.08986 9.54442 10.2034 8.04865 20.6981 19.2063 18.3822 12.37 12.0176 11.8823 11.4122 19.3093 11.1195 22.9952 19.6163 10.4953 34.9374 21.5901 12.2476 10.8092 15.8106 9.30506
threshold=1.0000000180025095e-35 18.362400054931644 -0.22117121517658231 -1.0866718292236326 0.034327194094657905 0.066692993044853224 0.0077962083742022523 0.057031039148569114 0.81174489855766307 0.59165048599243175 -0.62398010492324818 0.14636813104152682 0.22626354545354846 0.059630755335092551 31.431812286376957 0.82574769854545604 0.17996864765882495 0.21147869527339938 -0.77405607700347889 8.0161852836608904 0.35393686592578893 0.089506372809410109 13.690787315368654 6.9036579132080087 5.0966088771820077 -1.5004796385765073 0.99995699524879467 0.32975022494792944 4.049147605895997 8.0884919166564959 -0.19078145176172254 -7.976677179336547 0.15656091272830966 0.13851688057184222 0.93418735265731823 -0.63303086161613453 0.045769872143864639 11.873165607452394 0.4186049103736878 0.37758411467075353 0.31983706355094915 0.36231462657451635 0.46244810521602636 2.7776439189910893 0.074895381927490248 14.516451835632326 9.0262627601623553 0.56672367453575145 16.231475830078129 0.14195715636014941 1.9915454983711245 0.50114741921424877 0.36014835536479956 8.1570687294006365 -0.032620044425129884 10.810234069824221 -0.56174489110708226 -19.528775215148922 0.34376183152198797 0.81174489855766307 0.64766487479209911 -5.774744749069213 0.35393686592578893 0.010223546996712686 0.26844838261604315 0.59749105572700512 0.063567753881216063 11.47490453720093 -0.73991817235946644 1.7173062562942507 6.5655140876770028 1.0000000180025095e-35 1.9040244221687319 0.041598729789257056 0.82937330007553112 -1.7131655216217039 -4.6255447864532462 -0.34360158443450922
decision_type=2 8 10 10 10 10 10 8 2 10 10 10 10 10 10 10 10 10 10 10 10 10 10 10 10 8 10 10 10 10 10 10 10 10 10 10 10 10 10 10 10 10 10 10 10 10 10 10 10 10 10 10 10 10 10 10 2 10 10 2 10 10 10 10 10 10 10 10 10 10 8 2 10 10 10 10 10 10
left_child=6 3 25 4 5 28 26 59 11 10 41 22 -11 -4 16 -16 36 -18 19 20 -19 -21 23 24 -9 -3 27 -1 -2 -30 35 34 33 54 56 -20 -8 -24 52 -12 -36 -10 -40 -44 45 46 -45 -48 49 -46 -47 -15 -35 -54 -33 -49 57 -32 -59 60 61 -5 -61 65 68 -64 -63 -68 77 70 -70 73 -73 -65 75 76 -75 -62
right_child=1 2 13 7 -6 -7 14 8 9 12 39 -13 -14 51 15 -17 17 18 30 21 -22 -23 37 -25 -26 -27 -28 -29 29 -31 31 32 -34 38 40 -37 -38 -39 42 -41 -42 -43 43 44 48 50 47 55 -50 -51 -52 -53 53 -55 -56 -57 -58 58 -60 62 64 66 63 71 -66 -67 67 -69 69 -71 -72 72 -74 74 -76 -77 -78 -79
leaf_value=-0.024699733698485809 0.013125013509074732 -0.0036471526808785166 0.0071452866687765904 -0.016729288855279027 0.038447900193003502 0.031430412510179945 -0.022305912746531369 -0.016347104633124061 0.00055808541584704641 0.035257156359675475 -0.013271005034972928 0.0080254928260688925 0.003706084281189658 -0.023252776999047101 0.037416655872259647 0 0.026166311876246805 0.0024865750684236257 0 -0.011095906662376809 0.027871815183026127 0.01106801040136564 0.010855455353095962 -0.028913531679414208 0.011352916364852233 -0.03270578642640308 -0.025219031685048212 0.00023953225100945108 -0.029043712153836967 0.0018008311556483205 0.01769360258598052 -0.0041400113764347175 -0.013775000378106122 0.0069583510342484346 -0.0084355943993661246 0.029525350585373908 0.002728685203395015 -0.01269555788665558 -0.0082897471163947706 0.005711001650913353 -0.031207958971311914 0.028671829792617554 0.00010746581136215021 0.021104826748622033 0.0060899513331630394 0.035633763987931041 0.015127587018391042 0.0078218360953350233 0.0076207943157970718 -0.023561144216553167 0.0091792249788211922 -0.0024186622631479017 0.041854131193519807 0.0094795705819726954 0.0031683475622677022 -0.014350259125398925 -0.0078177840923831475 -0.011421647754779758 0.0035175937526017841 -0.020064571872368823 -0.033843482299619553 0.0049092692536511166 -0.023882654847452129 -0.015950047695488405 0.0090883265426772858 0.0014941006449996307 0.027844931683486705 0.0016436777175512028 -0.0042729337795507395 -0.016810085603141952 0.034453445338287599 0.02841498926054593 -0.014372410116931425 -0.0040178838941511003 0.021409897758873347 -0.0091391601743068887 0.029088372986585224 -0.0081210905232593326
leaf_weight=53.181346574798226 43.187924597412348 46.04413890093565 115.61497289314866 47.400949938222766 70.167883118614554 45.640564123168588 93.822074111551046 268.02891898341477 51.720448652282357 85.620585383847356 400.21753726899624 91.139140628278255 84.433952283114195 94.788370134308934 58.625319324433804 64.683668456971645 156.18972207792103 83.980311267077923 52.666300879791379 263.61064966954291 281.04618426226079 90.897785309702158 71.525920927524567 172.43262090533972 52.338783085346222 234.08984280191362 63.37836305052042 362.41699345782399 54.564383113756776 42.501889200881124 63.266722943633795 671.03491219133139 107.65943565033376 322.55224343761802 189.53017500601709 58.358017576858401 57.182789199054241 76.60037955455482 114.48366979323328 60.432148635387421 50.410568410530686 51.159804088994861 555.87619609758258 88.749127302318811 48.56160319224 73.499472048133612 63.335347142070532 50.574093591421843 210.24371437728405 50.951896185055375 54.638915924355388 81.668280880898237 48.482378043234348 117.81658923439682 610.05239030346274 85.590454034507275 277.51177858933806 126.58669727668166 334.04297279193997 100.37678738869727 44.888542365282774 253.94933273084462 72.652203151956201 126.69074808806181 110.68407396785915 68.254877870902419 169.13452316820621 94.511029854416847 51.611873948946595 89.177493900060654 47.067358639091253 104.20827428251505 57.186187634244561 62.425767103210092 75.99261874333024 111.99861000664532 48.267300855368376 99.70872899517417
leaf_count=584 558 524 1354 512 733 595 877 3192 532 1019 4312 944 969 1096 655 705 1726 997 518 3288 3223 1083 887 1755 664 2735 644 4116 671 536 938 7617 1119 3680 2241 578 582 1051 1279 586 537 586 6343 1078 515 798 705 569 2464 557 570 916 518 1324 7096 941 3100 1397 4136 1052 497 2928 828 1495 1359 838 2020 961 627 1065 488 1221 726 747 889 1482 574 1239
internal_value=0 -0.00295371 -0.0168687 -0.000685323 0.0135165 0.00322475 0.00226768 -0.0018168 -0.00544178 0.000346025 -0.00570031 -0.0112776 0.0203263 -0.00557543 0.00301366 0.0186899 0.00263652 0.00309161 0.00236158 0.00870047 0.0222558 -0.00521558 -0.0141315 -0.0179346 -0.0115854 -0.0282223 -0.00626845 -0.00304491 -0.00624559 -0.0155285 0.0013131 0.000913626 0.00265111 0.00324201 -0.00449153 0.0158331 -0.0126891 -0.00101684 0.00588962 -0.0106475 -0.0138622 0.0155555 0.00382206 0.00496446 0.00859437 0.0132466 0.00741826 0.000788751 0.00209416 -0.00895128 0.0253545 -0.0141534 0.0116164 0.0199815 -0.000622814 -0.00577935 -0.00156932 0.00168303 -0.000547241 0.00105583 0.00379497 0.00955851 -0.00222265 0.000270106 -0.00346459 -0.0115581 0.0121716 0.018803 -0.00784838 -0.000225905 0.0143592 0.00325336 0.012979 -0.000411483 0.00614457 0.000428383 0.0105145 -0.0171449
internal_weight=0 4130.11 572.206 3557.9 256.063 185.895 6055.49 3301.84 1465.65 733.584 563.53 732.066 170.055 292.072 5576.51 123.309 5453.21 5302.2 5146.01 719.535 365.026 354.508 640.927 492.8 320.368 280.134 478.977 415.598 140.254 97.0663 4426.48 4315.45 3274.1 3166.44 1041.35 111.024 151.005 148.126 1885.36 460.65 239.941 102.88 1396.5 1282.02 726.145 416.387 288.249 199.5 309.757 99.5135 128.138 176.457 488.851 166.299 1281.09 136.165 801.408 523.896 460.63 1836.19 1008.13 564.996 828.053 727.677 443.138 140.907 517.595 263.646 332.454 187.857 98.6792 586.77 161.394 425.375 298.684 222.692 110.693 144.597
internal_count=116861 47763 6625 41138 3093 2360 69098 38045 16497 8004 6016 8493 1988 3366 63754 1360 62394 60935 59209 8591 4220 4371 7549 5611 3856 3259 5344 4700 1765 1207 50618 49522 37173 36054 12349 1096 1459 1938 21341 4898 2778 1118 15819 14540 8197 4661 3293 2215 3536 1072 1368 2012 5522 1842 14713 1510 9571 6471 5533 21548 11696 6421 9852 8800 5275 1666 5909 2981 3916 2180 1115 7134 1947 5187 3692 2803 1321 1736
is_linear=0
shrinkage=0.0454652


end of trees

feature_importances:
Column_2=39
Column_15=38
Column_28=32
Column_3=30
Column_7=27
Column_12=27
Column_18=26
Column_13=24
Column_27=22
Column_10=19
Column_0=17
Column_14=17
Column_21=17
Column_22=17
Column_5=15
Column_9=14
Column_17=14
Column_6=13
Column_29=12
Column_30=9
Column_4=7
Column_11=7
Column_8=6
Column_16=5
Column_20=4
Column_31=4
Column_23=3
Column_32=3

parameters:
[boosting: gbdt]
[objective: binary]
[metric: auc]
[tree_learner: serial]
[device_type: cpu]
[data_sample_strategy: bagging]
[data: ]
[valid: ]
[num_iterations: 600]
[learning_rate: 0.0454652]
[num_leaves: 79]
[num_threads: 2]
[seed: 2024]
[deterministic: 0]
[force_col_wise: 0]
[force_row_wise: 0]
[histogram_pool_size: -1]
[max_depth: -1]
[min_data_in_leaf: 525]
[min_sum_hessian_in_leaf: 0.001]
[bagging_fraction: 0.774687]
[pos_bagging_fraction: 1]
[neg_bagging_fraction: 1]
[bagging_freq: 1]
[bagging_seed: 2024]
[feature_fraction: 0.515409]
[feature_fraction_bynode: 1]
[feature_fraction_seed: 2024]
[extra_trees: 0]
[extra_seed: 29642]
[early_stopping_round: 0]
[early_stopping_min_delta: 0]
[first_metric_only: 0]
[max_delta_step: 0]
[lambda_l1: 1.07292]
[lambda_l2: 4.08529]
[linear_lambda: 0]
[min_gain_to_split: 0]
[drop_rate: 0.1]
[max_drop: 50]
[skip_drop: 0.5]
[xgboost_dart_mode: 0]
[uniform_drop: 0]
[drop_seed: 2449]
[top_rate: 0.2]
[other_rate: 0.1]
[min_data_per_group: 100]
[max_cat_threshold: 32]
[cat_l2: 10]
[cat_smooth: 10]
[max_cat_to_onehot: 4]
[top_k: 20]
[monotone_constraints: ]
[monotone_constraints_method: basic]
[monotone_penalty: 0]
[feature_contri: ]
[forcedsplits_filename: ]
[refit_decay_rate: 0.9]
[cegb_tradeoff: 1]
[cegb_penalty_split: 0]
[cegb_penalty_feature_lazy: ]
[cegb_penalty_feature_coupled: ]
[path_smooth: 0]
[interaction_constraints: ]
[verbosity: -1]
[saved_feature_importance_type: 0]
[use_quantized_grad: 0]
[num_grad_quant_bins: 4]
[quant_train_renew_leaf: 0]
[stochastic_rounding: 1]
[linear_tree: 0]
[max_bin: 255]
[max_bin_by_feature: ]
[min_data_in_bin: 3]
[bin_construct_sample_cnt: 200000]
[data_random_seed: 6648]
[is_enable_sparse: 1]
[enable_bundle: 1]
[use_missing: 1]
[zero_as_missing: 0]
[feature_pre_filter: 1]
[pre_partition: 0]
[two_round: 0]
[header: 0]
[label_column: ]
[weight_column: ]
[group_column: ]
[ignore_column: ]
[categorical_feature: ]
[forcedbins_filename: ]
[precise_float_parser: 0]
[parser_config_file: ]
[objective_seed: 12337]
[num_class: 1]
[is_unbalance: 0]
[scale_pos_weight: 1]
[sigmoid: 1]
[boost_from_average: 1]
[reg_sqrt: 0]
[alpha: 0.9]
[fair_c: 1]
[poisson_max_delta_step: 0.7]
[tweedie_variance_power: 1.5]
[lambdarank_truncation_level: 30]
[lambdarank_norm: 1]
[label_gain: ]
[lambdarank_position_bias_regularization: 0]
[eval_at: ]
[multi_error_top_k: 1]
[auc_mu_weights: ]
[num_machines: 1]
[local_listen_port: 12400]
[time_out: 120]
[machine_list_filename: ]
[machines: ]
[gpu_platform_id: -1]
[gpu_device_id: -1]
[gpu_use_dp: 0]
[num_gpu: 1]

end of parameters

pandas_categorical:null
