tree
version=v4
num_class=1
num_tree_per_iteration=1
label_index=0
max_feature_idx=33
objective=binary sigmoid:1
feature_names=Column_0 Column_1 Column_2 Column_3 Column_4 Column_5 Column_6 Column_7 Column_8 Column_9 Column_10 Column_11 Column_12 Column_13 Column_14 Column_15 Column_16 Column_17 Column_18 Column_19 Column_20 Column_21 Column_22 Column_23 Column_24 Column_25 Column_26 Column_27 Column_28 Column_29 Column_30 Column_31 Column_32 Column_33
feature_infos=[0.22403052449226379:4.806818962097168] [0.027025075629353523:26.170040130615234] [0.17134076356887817:8.6723108291625977] [0.087584272027015686:1] [-28.67047119140625:41.262332916259766] [-36.190670013427734:42.326030731201172] [-36.841156005859375:62.500308990478516] [-45.158794403076172:63.120437622070312] [-22.455821990966797:30.680826187133789] [0:0.95389312505722046] [0:0.64536702632904053] [0:0.40022626519203186] [-0.51016271114349365:0.5480339527130127] [-0.15783818066120148:0.22172828018665314] [-46.22015380859375:17.161741256713867] [-8.3726015090942383:64.2962646484375] [0:1] [0:95] [0:95] [-1:1] [-29.775985717773438:44.984848022460938] [-30.712318420410156:55.0223388671875] [-2.5033562183380127:15.253066062927246] [0.17266726493835449:4.0791497230529785] [-1:1] [0:1] [0:1] [-1:1] [-1:1] [-0.78183150291442871:0.97492790222167969] [-0.90096884965896606:1] [0:1] [0:1] none
tree_sizes=1732 1812 1797 1806 1762 1805 1810 1745 1770 1780 1791 1809 1798 1748 1761 1791 1780 1812 1808 1808 1793 1783 1788 1782 1814 1764 1799 1791 1778 1769 1777 1792 1799 1795 1788 1806 1805 1800 1812 1812 1822 1799 1794 1782 1794 1798

Tree=0
num_leaves=15
num_cat=0
split_feature=28 2 21 22 30 3 28 7 21 29 5 23 3 29
split_gain=135.436 80.1741 63.8803 56.3255 36.9896 48.8949 36.0263 38.7865 26.2379 25.2475 23.3972 22.534 27.6943 20.0428
threshold=-0.29026740789413447 0.52134123444557201 4.4534432888031015 -0.85200193524360646 1.0000000180025095e-35 0.34376183152198797 0.69930991530418407 -8.813203811645506 6.6960747241973886 -1.0000000180025095e-35 -0.22535120695829389 0.69480201601982128 0.29262866079807287 0.87837970256805431
decision_type=2 8 10 10 2 10 2 10 10 2 10 8 10 2
left_child=11 2 13 8 -5 10 -7 -8 9 -3 -6 -1 -13 -2
right_child=1 3 -4 4 5 6 7 -9 -10 -11 -12 12 -14 -15
leaf_value=-1.0273959290242338 -1.0305119467378803 -1.0324305539532797 -1.0361404921042545 -1.0341546720275112 -1.0246416428799519 -1.0341002787376647 -1.0258597148646149 -1.0324010569235622 -1.0322179790764319 -1.0373206109723281 -1.0316720571747084 -1.0336178590877056 -1.0309815083088474 -1.0264966432581935
leaf_weight=161.1375396233052 489.65474947541952 129.37258031032979 158.12583380378783 2426.761145060882 109.34784703887999 926.86384020373225 115.80454463139176 422.95936695486307 140.52349996380508 774.93267939053476 109.93758897297084 432.31001095287502 3851.2786967102438 202.22974435798824
leaf_count=1520 5778 1695 1877 28695 1181 11104 1332 5070 1828 9737 1412 4953 46756 2350
internal_value=-1.03243 -1.03343 -1.03058 -1.03391 -1.03336 -1.03223 -1.03288 -1.03085 -1.03601 -1.03664 -1.02784 -1.0311 -1.03126 -1.02923
internal_weight=0 6006.51 850.01 5156.5 4111.67 1684.91 1465.63 538.764 1044.83 904.305 219.285 4444.73 4283.59 691.884
internal_count=125288 72059 10005 62054 48794 20099 17506 6402 13260 11432 2593 53229 51709 8128
is_linear=0
shrinkage=1


Tree=1
num_leaves=15
num_cat=0
split_feature=22 30 0 7 6 27 18 7 7 27 0 0 27 14
split_gain=102.427 44.0874 55.1186 33.6431 42.9009 31.9445 25.3112 23.7253 23.6332 22.0496 17.2345 15.1944 16.8034 35.8693
threshold=-0.8710973560810088 -0.56174489110708226 0.66313701868057262 -13.07007837295532 -9.2239856719970685 0.29026740789413458 88.500000000000014 -18.347951889038082 -21.937133789062496 -0.97854062914848317 0.57973802089691173 1.6470533013343813 -0.47136868536472315 -9.1531996726989728
decision_type=10 2 10 8 10 2 2 10 10 2 10 10 2 10
left_child=5 2 -2 4 -3 -1 11 -4 -6 -9 -8 12 13 -5
right_child=1 3 7 6 8 -7 10 9 -10 -11 -12 -13 -14 -15
leaf_value=-0.0039745921284757299 -0.0030527622610818394 -0.00041139306833466824 -0.0036891646955388335 -0.0033433914282684604 0.00059551055229613845 -0.00031823398142842471 -0.0011865223601741479 -0.0024844004773840454 0.0053880927523500162 0.00058996760918108627 0.0026963595299251838 0.0019741658482509742 0.00039439678648558129 0.000536791982276211
leaf_weight=793.70079521276057 700.10686937905848 285.38467635773122 153.04908939823508 426.54103674739599 165.03127067908645 389.34562626667321 118.12484924681485 251.71138061583042 450.12129528075457 2591.2740125041455 740.70333030819893 420.99082429520786 2443.4750872384757 517.50068177469075
leaf_count=10042 7926 3065 2082 4933 1702 5040 1334 2979 5374 30817 8763 5008 29591 6451
internal_value=0 0.000333926 -0.000514309 0.000904209 0.0026963 -0.00281504 0.000545934 7.16387e-05 0.00419044 0.00029764 0.00210981 0.000179149 -3.59391e-05 -0.00118657
internal_weight=0 9264.01 3696.14 5567.87 900.537 1183.05 4667.34 2996.03 615.153 2842.99 858.828 3808.51 3387.52 944.042
internal_count=125107 110025 43804 66221 10141 15082 56080 35878 7076 33796 10097 45983 40975 11384
is_linear=0
shrinkage=0.0101079


Tree=2
num_leaves=15
num_cat=0
split_feature=28 2 3 22 13 21 29 23 3 3 3 28 11 3
split_gain=136.452 68.6392 64.5744 55.5453 29.9392 22.3741 24.2775 21.0504 23.8452 22.4076 19.7168 20.9314 19.5242 20.3558
threshold=-0.24825246632099149 0.52134123444557201 0.22622041404247287 -0.88122525811195362 0.015149880666285755 7.1858956813812265 -1.0000000180025095e-35 0.69480201601982128 0.29540288448333746 0.33278526365756994 0.53245893120765697 0.41268247365951544 0.075620401650667204 0.59479066729545604
decision_type=2 8 10 10 10 10 2 8 10 10 10 2 10 10
left_child=7 2 4 5 -2 6 -3 -1 -9 -10 -5 -12 13 -11
right_child=1 3 -4 10 -6 -7 -8 8 9 12 11 -13 -14 -15
leaf_value=0.0046750616899703824 0.00063261878494689984 0 0.0033647056646587551 -0.00012340501067865931 -0.0060846804104690002 0.00012940225225207945 -0.0049989738202890566 -0.001031263440069208 0.0042978361236805816 -0.00035796579562403846 -0.00059120379240129443 -0.0025345463573407841 0.0022367794218269592 0.0014228426966072865
leaf_weight=176.00115167535841 118.73589246347547 114.12961706705391 597.8602075278759 1659.5227974802256 122.63091653399169 113.31367221660912 717.14734196662903 456.99788977392018 249.54974580556154 1144.7160523515195 1203.4439195878804 1201.2771539315581 1150.6648950614035 1435.7267423532903
leaf_count=1716 1338 1502 7246 19924 1291 1484 9013 5255 2657 13589 14384 13980 13961 18106
internal_value=0 -0.00107711 0.00156418 -0.00152944 -0.00269948 -0.00374399 -0.00431663 0.0012458 0.00109289 0.00134841 -0.000998744 -0.00158374 0.00113194 0.00061848
internal_weight=0 5848.06 839.227 5008.83 241.367 944.591 831.277 4613.66 4437.66 3980.66 4064.24 2404.72 3731.11 2580.44
internal_count=125446 70162 9875 60287 2629 11999 10515 55284 53568 48313 48288 28364 45656 31695
is_linear=0
shrinkage=0.0101079


Tree=3
num_leaves=15
num_cat=0
split_feature=22 2 23 27 30 7 2 14 2 21 21 12 14 4
split_gain=97.4772 40.7729 36.7266 69.9712 58.2306 47.351 26.9803 26.8577 26.1704 25.9435 24.3474 77.9131 28.1199 23.8819
threshold=-0.85200193524360646 0.60248953104019176 1.0881810784339907 -0.58244305849075306 0.81174489855766307 -8.4741864204406721 1.6612205505371096 -17.280143737792965 0.50483357906341564 6.8224735260009775 1.0334750413894656 0.043481420725584037 -18.993951797485348 0.3804002851247788
decision_type=10 8 10 2 2 8 8 10 8 10 10 10 10 10
left_child=1 -1 3 7 5 8 -4 -2 -5 -3 12 13 -6 -12
right_child=2 9 6 4 10 -7 -8 -9 -10 -11 11 -13 -14 -15
leaf_value=0.00051510803862430104 -0.0060754600428441271 -0.0043401893921459498 0.0019134319788280613 0.0061806734060899518 0.0046389951747898102 -0.00080444874808536756 -1.4919378091819804e-05 -0.001689210419302599 0.0010510834920981521 0.00012454763280929701 0.010956568876233416 -0.00081369969377764436 -5.1771213019660189e-05 0.0034942571983303714
leaf_weight=288.35059750266373 181.24638760834932 840.16025277785957 1940.4826798215508 117.75664087198675 163.91828257590532 3145.2686747722328 1129.8464809246361 874.60533043928444 774.05217957682908 136.50958333164454 132.85241287946701 160.18858791328967 478.48793351091444 108.04711919091642
leaf_count=3671 2158 10689 23854 1336 1651 36146 13587 10873 9300 1768 1548 1921 5581 1387
internal_value=0 -0.00269372 0.000289776 -0.000156169 0.000329842 -0.000212313 0.00119239 -0.00251843 0.00182013 -0.00367888 0.00245217 0.00442085 0.00112325 0.00798265
internal_weight=0 1265.02 9206.75 6136.42 5080.57 4037.08 3070.33 1055.85 891.809 976.67 1043.49 401.088 642.406 240.9
internal_count=125470 16128 109342 71901 58870 46782 37441 13031 10636 12457 12088 4856 7232 2935
is_linear=0
shrinkage=0.0101079


Tree=4
num_leaves=15
num_cat=0
split_feature=28 27 29 27 3 16 3 5 17 7 16 29 7 6
split_gain=140.48 103.723 78.2928 56.7928 31.8582 54.928 31.9638 28.8931 34.1619 27.9882 35.706 27.1062 32.7964 21.2925
threshold=-0.24825246632099149 0.032717135734856136 -0.60785761475563038 -0.89194178581237782 0.21147869527339938 0.35360789299011236 0.36231462657451635 -4.7566146850585929 16.500000000000004 3.9383406639099126 0.62516537308692943 1.0000000180025095e-35 1.32499635219574 3.4736438989639287
decision_type=2 2 2 2 10 8 10 8 2 10 10 2 10 10
left_child=-1 2 -2 -4 5 -3 11 -5 -9 13 -11 -6 -13 -8
right_child=1 4 3 7 6 -7 9 8 -10 10 -12 12 -14 -15
leaf_value=0.0013039190007295368 0.0047860748783238993 0.0022307793727636156 -0.0012791711075347734 0.00028322506326044361 0.0038874794158702719 -0.0064647512030710152 -0.00045385012677065604 0 -0.0053516888554912536 0.0056962220140821919 0 0.0024515292056931583 -0.0020448910135494919 -0.0038477251140829373
leaf_weight=4630.6321288626641 132.51164178922772 111.52347874082625 1242.5567543804646 109.22049715742469 423.09311803244054 173.79193492047489 869.68205913901329 126.85810449905694 1107.0006939787418 141.82501157745719 487.7756489366293 386.43627579137683 272.14889681525528 249.15062918886542
leaf_count=55334 1669 1294 14855 1386 5069 1983 10805 1720 13045 1685 5805 4414 3553 2747
internal_value=0 -0.0010522 -0.00249332 -0.00289499 0.000195194 -0.00295805 0.000534459 -0.00434421 -0.00478567 -0.000291123 0.00137308 0.0018988 0.000530532 -0.00126653
internal_weight=0 5833.57 2718.15 2585.64 3115.43 285.315 2830.11 1343.08 1233.86 1748.43 629.601 1081.68 658.585 1118.83
internal_count=125364 70030 32675 31006 37355 3277 34078 16151 14765 21042 7490 13036 7967 13552
is_linear=0
shrinkage=0.0101079


Tree=5
num_leaves=15
num_cat=0
split_feature=0 2 12 29 21 17 2 11 0 16 4 23 29 13
split_gain=102.351 35.9663 35.6003 54.8784 36.5279 34.8537 34.5536 27.1207 26.3144 24.5119 24.4186 23.5453 31.2723 30.4836
threshold=0.65257418155670177 2.1316585540771489 0.0032368615502491598 1.0000000180025095e-35 0.97567370533943187 20.500000000000004 0.54627346992492687 0.039632065221667297 1.5016393661499026 0.17745778709650042 0.76379230618476879 1.1055324673652651 1.0000000180025095e-35 -0.023376025259494778
decision_type=10 8 8 2 10 2 8 10 10 10 10 10 2 10
left_child=2 11 3 4 9 -4 -5 -7 10 -1 -3 12 -2 -14
right_child=1 8 5 6 -6 7 -8 -9 -10 -11 -12 -13 13 -15
leaf_value=0.0036907166092132815 0.0013248994472960121 -0.003535790424612524 -0.00036630706910734313 0.0008251053786428621 0.005811273002149322 -0.0069096781072712577 -0.0039663445700486898 -0.0027161963940526288 0.00082755113314985512 -0.0020555202640431943 0.00012574735961678289 0.0016187434233699927 0.0013629317477033931 -0.00098970728660883849
leaf_weight=108.38383459113538 1966.6282148398459 504.44841398671269 333.80309258587658 202.36760319955647 155.64624546281993 294.1778767015785 482.41499917954206 477.12957874126732 419.18419460020959 211.06769138202071 258.94678758084774 2245.4794384296983 761.56207200698555 2023.6685535144061
leaf_count=1316 23424 6511 4149 2448 1558 3534 5860 5554 4959 2543 3471 27544 9103 23282
internal_value=0 0.000483416 -0.00194076 -0.000652609 0.00192136 -0.00324261 -0.0024984 -0.00441962 -0.00112827 0 -0.00225231 0.000762512 0.000347445 -0.000329961
internal_weight=0 8179.92 2264.99 1159.88 475.098 1105.11 684.783 771.307 1182.58 319.452 763.395 6997.34 4751.86 2785.23
internal_count=125256 98294 26962 13725 5417 13237 8308 9088 14941 3859 9982 83353 55809 32385
is_linear=0
shrinkage=0.0101079


Tree=6
num_leaves=15
num_cat=0
split_feature=28 27 29 30 27 6 13 15 2 21 5 14 21 2
split_gain=134.275 90.7952 71.2006 61.7321 54.582 53.431 58.5021 38.6289 70.3172 42.0858 29.6324 27.3596 23.296 27.9481
threshold=-0.24825246632099149 0.032717135734856136 -0.60785761475563038 0.81174489855766307 -0.88186877965927113 2.880749106407166 0.0027094144606962804 12.167094230651857 0.52134123444557201 0.36415298283100134 -4.6603760719299308 -4.103245496749877 8.4606337547302264 0.60248953104019176
decision_type=2 2 2 2 2 8 10 8 10 10 8 10 10 10
left_child=-1 2 -2 7 -4 6 -5 8 -3 -10 -6 -9 13 -12
right_child=1 3 4 5 10 -7 -8 11 9 -11 12 -13 -14 -15
leaf_value=0.0013411782457595596 0.0045246378387157494 0.0038477599852577565 -0.0011574481870708924 0.0018223165145619428 0.00055543421364414572 -0.0011517803310547221 0.0098050795157133119 -0.0040829677774049554 -0.0020125510467728929 0.0020770542228147563 -9.8444394581706591e-05 -0.00033817453268167552 -0.00090797903851430996 -0.0058089719280543526
leaf_weight=4625.3429814856499 136.2834556158632 436.46596472896636 1267.3677844628692 260.46180577389896 107.62964391335845 192.28035234473646 159.89949412830174 415.51417707465589 888.299769455567 345.58039614371955 113.18966375477612 428.61104044131935 177.27204689569771 906.19598328135908
leaf_count=55159 1703 5212 15271 3083 1351 2271 2019 4705 10860 3854 1725 5485 2276 10315
internal_value=0 -0.000962603 -0.00231599 0.000199238 -0.00270653 0.00306471 0.00507418 -0.000490029 0.000381004 -0.000828802 -0.0041654 -0.00224914 -0.00462445 -0.00521977
internal_weight=0 5835.05 2707.94 3127.11 2571.66 612.642 420.361 2514.47 1670.35 1233.88 1304.29 844.125 1196.66 1019.39
internal_count=125289 70130 32641 37489 30938 7373 5102 30116 19926 14714 15667 10190 14316 12040
is_linear=0
shrinkage=0.0101079


Tree=7
num_leaves=15
num_cat=0
split_feature=28 27 29 27 30 6 13 2 16 13 11 14 5 17
split_gain=125.109 83.0173 70.5311 54.0828 47.7512 46.2868 42.9091 31.2935 87.8226 32.2174 31.1249 33.9566 24.43 28.3723
threshold=-0.24825246632099149 -0.032717135734856122 -0.60785761475563038 -0.87137606739997853 0.81174489855766307 2.9579768180847172 -0.0036404865095391865 0.52134123444557201 0.36516357958316809 0.052722418680787093 0.035508988425135619 -6.3598930835723868 -4.3948411941528311 20.500000000000004
decision_type=2 2 2 2 2 8 10 8 10 10 10 10 8 2
left_child=-1 2 -2 -4 7 6 -6 8 -3 -10 11 -9 -5 -14
right_child=1 4 3 12 5 -7 -8 10 9 -11 -12 -13 13 -15
leaf_value=0.0011855081158762596 0.0046417659003658573 0.0063284258827326044 -0.0013039117128385096 0 0.0013351495686366335 -0.0014005912969431485 0.0079861640080629015 -0.0046318511001746023 0.0002655449536758483 -0.0056216791913615578 -0.00025249571485687773 0 0 -0.0054446861016596406
leaf_weight=4632.4923345521092 127.34585503488779 226.17140292935073 1291.2286503594369 107.73124636337161 248.45878129266202 192.80665250495076 185.46435019373894 435.68000978976488 344.08805911801755 117.68346911855042 1250.5830823648721 234.46742872335017 123.41345379687846 929.28872003406286
leaf_count=55285 1586 2729 15532 1352 2962 2296 2325 5060 3811 1400 15555 2686 1711 10922
internal_value=0 -0.00103904 -0.00238917 -0.00278411 2.77668e-05 0.0025274 0.0043585 -0.000562909 0.00124864 -0.00121556 -0.00123512 -0.00298559 -0.00437719 -0.0048436
internal_weight=0 5814.41 2579.01 2451.66 3235.4 626.73 433.923 2608.67 687.943 461.772 1920.73 670.147 1160.43 1052.7
internal_count=125212 69927 31103 29517 38824 7583 5287 31241 7940 5211 23301 7746 13985 12633
is_linear=0
shrinkage=0.0101079


Tree=8
num_leaves=15
num_cat=0
split_feature=28 27 29 27 13 7 17 20 27 2 15 7 20 15
split_gain=137.483 83.6824 59.5501 63.185 35.7157 29.8074 28.1449 34.3298 35.7942 22.0149 80.8998 34.1368 23.5356 26.1634
threshold=-0.24825246632099149 -1.0000000180025095e-35 -0.60785761475563038 -0.88186877965927113 -0.074669700115919099 -21.395874023437496 16.500000000000004 -0.18944545090198514 -0.50938662886619557 0.52134123444557201 12.787724494934084 19.624420166015629 -3.3264908790588374 6.2212200164794931
decision_type=2 2 2 2 8 10 2 8 2 8 10 10 8 10
left_child=-1 2 -2 -4 5 -3 -5 8 -8 10 -6 12 -11 -14
right_child=1 4 3 6 9 -7 7 -9 -10 11 -12 -13 13 -15
leaf_value=0.0013076568866609202 0.0039520720802357114 0 -0.0010821171961810446 0.00018384122896097219 0.003646955428923117 0.0070290756955026989 -0.0050242209010649573 -0.0066872552955690853 0 0.0018660676125911413 -0.003437900171317068 0.0035061510381592391 -0.0034105849459895822 -0.00069203471253993928
leaf_weight=4640.4108771122992 133.22951074503362 117.94433199800551 1267.0007084216923 109.32170234620571 486.95293806307018 124.91816033795476 329.22748552262783 551.73665844276547 239.46915218606591 222.30354437604547 235.12283553369343 166.52462927624583 527.04320689849555 1309.8317262083292
leaf_count=55291 1648 1420 15196 1497 5595 1405 3737 6473 3174 3018 2710 1933 6468 15795
internal_value=0 -0.00102296 -0.00235553 -0.0027193 6.57861e-05 0.00373992 -0.00435626 -0.00483339 -0.00289979 -0.000232093 0.00127265 -0.000741085 -0.00111583 -0.00150489
internal_weight=0 5820.63 2629.99 2496.76 3190.64 242.862 1229.75 1120.43 568.697 2947.78 722.076 2225.7 2059.18 1836.87
internal_count=125360 70069 31725 30077 38344 2825 14881 13384 6911 35519 8305 27214 25281 22263
is_linear=0
shrinkage=0.0101079


Tree=9
num_leaves=15
num_cat=0
split_feature=28 27 29 30 6 13 15 27 29 20 21 5 20 17
split_gain=115.827 91.2524 84.5248 55.0211 56.7848 52.8526 38.3558 37.5949 34.1186 63.6356 47.2335 29.694 27.701 27.1096
threshold=-0.18436925113201139 0.098011311143636717 -0.60785761475563038 0.81174489855766307 2.880749106407166 0.0027094144606962804 12.271079540252687 -0.88186877965927113 0.87837970256805431 -1.1056172847747801 0.73258510231971752 -4.7566146850585929 3.5133588314056401 13.500000000000002
decision_type=2 2 2 2 8 10 10 2 2 10 10 8 10 2
left_child=-1 2 -2 6 5 -5 8 -4 10 -10 -3 -9 -8 -13
right_child=1 3 7 4 -6 -7 12 11 9 -11 -12 13 -14 -15
leaf_value=0.0011387462046846726 0.0052109962317014773 -0.0016044679126444225 -0.0013344730613702432 0.0019620722410914559 -0.0015134175775553659 0.0098829740021720708 -0.0032818122949496804 0.00087302444401084211 -0.0019784775303288366 0.0062433548456430153 0.0029426086022859466 0 0.0011608495985876725 -0.0047640338964919067
leaf_weight=4848.6172862928361 133.69637306965888 865.18971295468509 1161.1997107677162 242.21370482444763 174.46694257110357 147.77009438164532 606.44892724789679 107.8001939561218 143.48170838691294 237.9810509365052 308.29528358206153 122.9172318931669 167.12008991651237 1180.3804914634675
leaf_count=57877 1666 10498 13939 2852 2081 1855 7410 1361 1836 2793 3391 1602 1946 14115
internal_value=0 -0.000993738 -0.00232667 0.000241928 0.00305981 0.00519736 -0.000431576 -0.0027484 0.000462833 0.0030686 -0.000364286 -0.00386995 -0.00226822 -0.00429595
internal_weight=0 5598.96 2705.99 2892.97 564.451 389.984 2328.52 2572.3 1554.95 381.463 1173.48 1411.1 773.569 1303.3
internal_count=125222 67345 32683 34662 6788 4707 27874 31017 18518 4629 13889 17078 9356 15717
is_linear=0
shrinkage=0.0101079


Tree=10
num_leaves=15
num_cat=0
split_feature=28 27 29 27 5 7 3 2 11 14 17 7 12 15
split_gain=121.32 94.5368 68.2649 50.7454 32.3791 30.9502 69.6493 64.7479 53.4262 33.0181 29.4976 23.3927 19.5818 40.1891
threshold=-0.20576497167348859 -1.0000000180025095e-35 -0.60785761475563038 -0.88186877965927113 -4.5686748027801505 -8.813203811645506 0.20817289501428607 0.52134123444557201 0.12782762944698337 -8.1217765808105451 17.500000000000004 3.6769578456878667 0.050030466169118888 6.2851662635803232
decision_type=2 2 2 2 8 8 10 8 10 10 2 10 10 10
left_child=-1 2 -2 -4 -5 -3 -7 9 12 -8 -6 -11 13 -9
right_child=1 5 3 4 10 6 7 8 -10 11 -12 -13 -14 -15
leaf_value=0.0012185129974801106 0.0042684294852187912 0.0020496737757955789 -0.0012570308513082846 0.00069930399416757126 0 -0.006473208554500268 0.0067475957185444925 -0.0031093880086628216 0.0050612657019474035 -0.0017620792592529897 -0.005325989188360216 0.0038015861236871127 -0.0029967570087132572 0.00082134418250718873
leaf_weight=4780.1353694610298 136.36464215442538 712.21915004774928 1178.3088533319533 106.48037855140865 117.25743825547397 167.64032466709614 184.03238394111395 395.47094042040408 138.6982819288969 133.7741092517972 1006.0265064556152 150.23005788587034 479.88158010691404 750.09194087795913
leaf_count=57046 1678 8722 14245 1348 1597 1922 2156 4772 1623 1345 11981 1988 5333 9479
internal_value=0 -0.000966955 -0.00241026 -0.00281752 -0.00426301 0.000203138 -0.000332816 0.000130743 -0.000739877 0.00345668 -0.00477076 0.00106454 -0.00128103 -0.000512102
internal_weight=0 5656.48 2544.44 2408.07 1229.76 3112.04 2399.82 2232.18 1764.14 468.037 1123.28 284.004 1625.44 1145.56
internal_count=125235 68189 30849 29171 14926 37340 28618 26696 21207 5489 13578 3333 19584 14251
is_linear=0
shrinkage=0.0101079


Tree=11
num_leaves=15
num_cat=0
split_feature=28 27 30 12 7 15 2 3 21 8 11 7 18 27
split_gain=127.498 83.462 51.3886 42.3988 60.0959 35.2899 67.7905 49.1658 39.2521 30.3886 28.3671 27.6478 27.3793 24.6686
threshold=-0.24825246632099149 0.054511256515979774 0.81174489855766307 0.033547900617122657 -0.73991817235946644 12.271079540252687 0.51576262712478649 0.19789481163024905 0.36415298283100134 0.81548145413398754 0.023032436147332195 12.067694187164308 63.500000000000007 -0.88186877965927113
decision_type=2 2 2 8 10 10 10 10 10 10 10 10 2 2
left_child=-1 9 5 4 -4 6 -3 -7 10 13 -8 -9 -13 -2
right_child=1 2 3 -5 -6 7 8 11 -10 -11 -12 12 -14 -15
leaf_value=0.0012561632591789871 -0.0015597109849558655 0.0038261730791882085 0.0009216697053635877 -0.0010321559139551426 0.0088265404721499449 -0.0081751524213537329 -0.0051931949359410772 -0.0029049692713991344 0.0019491431370417733 -0.0005840668548111065 -0.00087371590272664393 -0.0029182025212919119 0.0031507107853169275 -0.0040072790606384238
leaf_weight=4644.6696816664189 826.10752233304083 419.69541249610484 235.39906258508563 186.38518585078418 181.93980675749481 114.80024290271103 210.84785131551325 388.92129998281598 349.5139907989651 825.67877489328384 672.85383439995348 103.41200119443238 212.72197874821723 1079.898771872744
leaf_count=55257 10078 4953 2795 2272 2179 1303 2466 4703 3906 9832 8340 1481 2480 13202
internal_value=0 -0.000988736 0.000141157 0.0027758 0.00455974 -0.000492324 0.000338142 -0.00220324 -0.000832522 -0.00227288 -0.00198541 -0.00109691 0.0010184 -0.00297806
internal_weight=0 5808.18 3076.49 603.724 417.339 2472.77 1652.91 819.856 1233.22 2731.69 883.702 705.055 316.134 1906.01
internal_count=125247 69990 36878 7246 4974 29632 19665 9967 14712 33112 10806 8664 3961 23280
is_linear=0
shrinkage=0.0101079


Tree=12
num_leaves=15
num_cat=0
split_feature=28 2 3 0 13 13 3 2 3 18 0 28 12 8
split_gain=107.795 55.3669 55.9634 47.1273 32.2837 30.707 28.2888 36.6524 24.5355 23.8516 26.9422 22.449 31.2087 22.2887
threshold=-0.31107263267040247 0.52134123444557201 0.22622041404247287 0.55045765638351452 0.015149880666285755 0.040874492377042777 0.34376183152198797 0.8736701011657716 0.25068025290966039 9.5000000000000018 0.65612006187438976 0.88186877965927135 -0.032540183514356606 0.81548145413398754
decision_type=2 8 10 10 10 10 10 10 10 2 10 2 10 10
left_child=-1 2 4 5 -2 13 7 8 -5 -4 -11 -8 -13 -3
right_child=1 3 9 6 -6 -7 11 -9 -10 10 -12 12 -14 -15
leaf_value=0.0012202459040567899 0.00098450533884751894 -0.00530950473953265 -0.00065275285518491522 -0.0038927195278643228 -0.0059560064991595963 0.00032179580137203247 -0.0015252643416183737 0.0051400950864292768 0.0011287444517962372 0.0014020419510032073 0.0064162145887390713 0.0033982483073487593 -0.0010904713296743054 -0.00051887605100749102
leaf_weight=4414.9390228167176 121.56165539473295 541.3618375658989 116.01833870634437 131.73092585802078 124.30876225233078 158.9603847078979 3032.6287763919681 163.70067406073213 327.88935884274542 240.77498581260443 254.26087965257466 237.5867862533778 423.40821073018014 146.93299206905067
leaf_count=52562 1351 6713 1418 1656 1331 1979 36687 1857 3937 3119 2778 2991 4994 1758
internal_value=0 -0.000857348 0.00149126 -0.00125652 -0.00243844 -0.00344078 -0.000813152 0.00113619 -0.000263852 0.00314849 0.00411631 -0.00115472 0.00048275 -0.00436193
internal_weight=0 6021.12 856.925 5164.2 245.87 847.255 4316.94 623.321 459.62 611.054 495.036 3693.62 660.995 688.295
internal_count=125131 72569 9997 62572 2682 10450 52122 7450 5593 7315 5897 44672 7985 8471
is_linear=0
shrinkage=0.0101079


Tree=13
num_leaves=15
num_cat=0
split_feature=28 27 29 27 30 20 13 3 16 0 3 17 20 27
split_gain=113.063 85.6798 56.7773 65.1181 51.8228 43.8147 51.5763 28.032 45.4859 24.7106 29.4665 22.6448 31.2319 34.1683
threshold=-0.29026740789413447 -0.032717135734856122 -0.60785761475563038 -0.88186877965927113 0.81174489855766307 0.90860694646835338 0.0027094144606962804 0.22294290363788608 0.31681060791015631 0.68687647581100475 0.29540288448333746 17.500000000000004 -0.18944545090198514 -0.50938662886619557
decision_type=2 2 2 2 2 8 10 10 8 8 10 2 8 2
left_child=9 2 -2 -4 7 6 -6 8 -3 -1 -11 -5 13 -13
right_child=1 4 3 11 5 -7 -8 -9 -10 10 -12 12 -14 -15
leaf_value=0.0051543646543591431 0.0040272914237644997 0.001528849321891357 -0.00097525225974695769 0 0.0014778140315295375 -0.00053456239866917377 0.008944977247338011 0 -0.0062188518604295168 -0.0012727677052253982 0.0014018821617951338 -0.0049242382145470946 -0.0065806015400378245 0
leaf_weight=160.17916255071759 130.18231558427215 111.61505605652928 1334.7185871861875 112.5877872724086 245.3103362172842 238.17453137226403 169.56266484037042 2349.3218152523041 189.92754674330354 450.23933656327426 3871.2913520783186 324.88213174045086 517.96384905092418 225.32592249847949
leaf_count=1418 1619 1273 16114 1554 2898 2805 2103 28334 2214 5203 46690 3719 6130 3010
internal_value=0 -0.000849607 -0.00220378 -0.00255351 0.000225117 0.00276595 0.00473203 -0.000391734 -0.00325313 0.00127413 0.00111212 -0.00428575 -0.00473714 -0.00286282
internal_weight=0 5949.57 2645.66 2515.48 3303.91 653.048 414.873 2650.86 301.543 4481.71 4321.53 1180.76 1068.17 550.208
internal_count=125084 71773 32146 30527 39627 7806 5001 31821 3487 53311 51893 14413 12859 6729
is_linear=0
shrinkage=0.0101079


Tree=14
num_leaves=15
num_cat=0
split_feature=28 27 29 30 27 5 13 3 2 15 5 17 2 14
split_gain=99.5045 88.8676 67.9827 54.1007 41.2997 40.8873 41.6591 40.0199 53.6201 39.338 34.3487 30.6319 23.4796 21.8906
threshold=-0.20576497167348859 0.032717135734856136 -0.60785761475563038 0.81174489855766307 -0.88186877965927113 0.78853935003280651 0.0027094144606962804 0.21147869527339938 0.51576262712478649 13.57502317428589 -4.7566146850585929 18.500000000000004 0.60248953104019176 -6.9212689399719229
decision_type=2 2 2 2 2 8 10 10 8 10 8 2 8 10
left_child=-1 2 -2 7 -4 6 -5 9 13 -3 -6 -12 -13 -9
right_child=1 3 4 5 10 -7 -8 8 -10 -11 11 12 -14 -15
leaf_value=0.0010984495896367138 0.004466844547425573 0 -0.0012108500007674511 0.0017459123933302413 0.0012770509778150085 -0.00020347421838596161 0.0088882908216917599 0.0049532350432451621 -0.000761945785148662 -0.0077618462766871534 0 -0.00014266255429116966 -0.0054712547458737396 0.00036269213341038486
leaf_weight=4790.1852238886058 134.7957325167954 116.0109472181648 1182.60598513484 212.40868111141026 105.10346869938076 230.19101777672768 159.20330235734582 264.83060486800969 1726.3948479797691 132.54513101279736 132.430205501616 110.36047953739762 949.45354682952166 209.44261336140335
leaf_count=56975 1682 1220 14302 2533 1324 2728 1945 3201 20896 1614 1788 1561 11151 2413
internal_value=0 -0.000878938 -0.00224527 0.000281459 -0.00263897 0.00298418 0.00502988 -0.000373356 4.84854e-05 -0.00415651 -0.00389505 -0.00438998 -0.00495931 0.00304791
internal_weight=0 5665.78 2614.75 3051.03 2479.95 601.803 371.612 2449.22 2200.67 248.556 1297.35 1192.24 1059.81 474.273
internal_count=125333 68358 31808 36550 30126 7206 4478 29344 26510 2834 15824 14500 12712 5614
is_linear=0
shrinkage=0.0101079


Tree=15
num_leaves=15
num_cat=0
split_feature=28 27 13 27 27 12 7 0 2 15 11 12 15 27
split_gain=108.541 77.6561 33.8976 33.6513 30.8178 46.906 30.0434 24.5711 38.5792 48.4011 25.9607 30.982 23.4724 20.7281
threshold=-0.24825246632099149 -0.032717135734856122 -0.074669700115919099 -0.91080963611602772 -0.50938662886619557 -0.0056913821026682845 -21.395874023437496 0.65612006187438976 0.52134123444557201 11.761616706848146 0.12782762944698337 0.048097690567374236 6.1509842872619638 -0.2693240344524383
decision_type=2 2 8 2 2 8 10 10 8 10 10 10 10 2
left_child=-1 3 6 -2 -5 13 -3 -4 9 -9 11 12 -10 -6
right_child=1 2 7 4 5 -7 -8 8 10 -11 -12 -13 -14 -15
leaf_value=0.0012200388999076526 -0.00082329116769383232 0 -0.001249922677934435 -0.0046363812458658565 0.0042419368335110553 -0.0041507583053851695 0.0069194743833662009 0.0059483609919137696 -0.0012577554811570484 -0.0016202876927286988 0.0039226365484898666 -0.0030460450390653801 0.0019101174427680844 -0.00075391811003290099
leaf_weight=4652.6177352983505 1147.9680006355047 120.20401927269995 1184.1691691856831 751.65886833146214 126.6540950294584 334.16947864182293 130.18831402622163 253.37678754888475 442.91659993678331 114.06136266328394 136.6880172342062 368.72633968107402 487.95450094528496 199.62584620714188
leaf_count=55307 13858 1443 14665 8991 1672 4224 1456 2822 5508 1306 1600 3973 6095 2402
internal_value=0 -0.000850577 0.00017843 -0.00216462 -0.00321624 -0.00150484 0.00369837 -0.000111701 0.000615318 0.00350574 -0.0001107 -0.000586322 0.000361693 0.0011167
internal_weight=0 5798.36 3238.29 2560.08 1412.11 660.449 250.392 2987.89 1803.72 367.438 1436.29 1299.6 930.871 326.28
internal_count=125322 70015 38868 31147 17289 8298 2899 35969 21304 4128 17176 15576 11603 4074
is_linear=0
shrinkage=0.0101079


Tree=16
num_leaves=15
num_cat=0
split_feature=28 27 29 27 13 5 17 2 14 23 7 5 29 13
split_gain=105.312 88.069 59.1435 42.1973 30.1924 29.18 26.4727 23.0609 21.8192 21.459 21.0295 17.845 16.4784 27.6622
threshold=-0.2693240344524383 0.032717135734856136 -0.60785761475563038 -0.88186877965927113 -0.074669700115919099 -4.6603760719299308 17.500000000000004 0.60248953104019176 -12.673990249633787 0.69480201601982128 -21.395874023437496 -1.880977928638458 0.87837970256805431 0.010664400178939106
decision_type=2 2 2 2 8 8 2 8 10 8 10 8 2 10
left_child=9 2 -2 8 10 -5 -7 -8 11 -1 -3 -4 13 -10
right_child=1 4 3 5 -6 6 7 -9 12 -11 -12 -13 -14 -15
leaf_value=0.004665861603640035 0.0040604187112757741 0.00015376598146467479 -0.0013241444902680455 0.00088286560068605877 -5.6432550027105724e-06 0 -5.6890550106216804e-05 -0.0053544070828001238 0.0013199392645199196 0.0010212211695930038 0.0064479790806973901 -0.0059884813893882989 0.0023603184437521094 -0.002650777971271136
leaf_weight=172.42189160734415 134.60916810110211 116.5558728761971 271.88630351796746 104.54468244314194 2908.8775298949331 124.82551548443735 109.31483706831932 942.54762740246952 285.765714276582 4389.3883980661631 123.66053729690611 144.13168119825423 177.97400258108974 423.0926400218159
leaf_count=1635 1653 1382 3167 1328 35007 1710 1556 11137 3516 52579 1380 1809 2266 4959
internal_value=0 -0.000870392 -0.00220209 -0.00255494 0.000269017 -0.00386839 -0.00432768 -0.00484646 -0.00121738 0.0011754 0.00365614 -0.0031145 -0.000263176 -0.00099651
internal_weight=0 5867.79 2718.69 2584.08 3149.09 1281.23 1176.69 1051.86 1302.85 4561.81 240.216 416.018 886.832 708.858
internal_count=125084 70870 33101 31448 37769 15731 14403 12693 15717 54214 2762 4976 10741 8475
is_linear=0
shrinkage=0.0101079


Tree=17
num_leaves=15
num_cat=0
split_feature=28 22 30 3 29 16 13 17 3 6 21 13 18 30
split_gain=111.944 44.7319 39.2062 35.9873 24.3248 55.3687 36.5466 23.8287 23.5916 23.5213 22.6543 19.6545 18.8894 20.6164
threshold=-0.22706275433301923 -0.88122525811195362 -0.56174489110708226 0.53824102878570568 0.6078576147556306 0.62934648990631115 0.0027094144606962804 17.500000000000004 0.27624371647834783 -1.7268755435943601 -6.3822364807128897 0.039612563326954849 84.500000000000014 1.0000000180025095e-35
decision_type=2 10 2 10 2 10 10 2 10 10 10 10 2 2
left_child=12 7 -3 4 6 9 10 -2 -7 -6 -4 -9 -1 -14
right_child=1 2 3 -5 5 8 -8 11 -10 -11 -12 -13 13 -15
leaf_value=0.00081729251607931791 0.00090015372434081497 -0.0016735423564296847 0.0037798169564224626 -0.00089522164008767175 -2.2368818673511744e-05 -0.0062174659047263782 0.0061381842887401799 -0.0040955044747632893 -0.00047063389973068035 0.0039562525157408488 -0.0018284864463088957 -0.00016638985484759502 0.0010799920216761967 0.004426499123584028
leaf_weight=3870.8747718185186 134.09195023775101 1826.1142339222133 120.86688553355634 1430.4737486783415 237.80729776807129 126.42368624545634 223.47506476938725 764.99901963025331 201.46178557351232 333.16696535423398 157.19761775992811 183.4655559938401 507.6011474840343 347.43037417344749
leaf_count=46299 1815 21658 1355 17129 2833 1450 2649 9800 2423 3856 1840 2460 5785 4088
internal_value=0 -0.000962649 -0.000519544 0.000213097 0.0013727 0.00031926 0.00314804 -0.00281469 -0.00289819 0.00225075 0.000503386 -0.00338523 0.00113636 0.00251388
internal_weight=0 5739.54 4656.99 2830.87 1400.4 898.86 501.54 1082.56 327.885 570.974 278.065 948.465 4725.91 855.032
internal_count=125440 69268 55193 33535 16406 10562 5844 14075 3873 6689 3195 12260 56172 9873
is_linear=0
shrinkage=0.0101079


Tree=18
num_leaves=15
num_cat=0
split_feature=0 7 3 16 14 20 15 16 12 2 7 23 29 2
split_gain=76.2987 34.0804 45.2512 53.935 33.0631 27.4738 27.0239 31.1694 32.5787 25.632 31.909 30.921 35.4983 34.986
threshold=0.66313701868057262 5.1113359928131112 0.36932794749736791 0.15085242688655856 -14.738520622253416 -0.31889991462230677 11.571428298950197 0.77437078952789318 0.0066114072687923917 1.6612205505371096 -11.402538299560545 1.1055324673652651 1.0000000180025095e-35 0.86397829651832592
decision_type=10 10 8 10 10 8 10 10 8 8 10 10 2 10
left_child=1 2 3 -1 -5 -4 -3 -8 -9 10 -2 12 13 -12
right_child=9 6 5 4 -6 -7 7 8 -10 -11 11 -13 -14 -15
leaf_value=0.0058320451913401825 0.0025164785987445912 0.0039063492749369291 -0.001865144032358644 -0.0050157900546419663 0.00030114470898963961 -0.0054322100900283899 -0.0034505749877068777 0.0057825694516552882 -0.00069889020096241866 -0.00056929268911437006 0.0025983265262127329 0.0016046557441647918 -0.00089668777759479114 -0.00046554286572025785
leaf_weight=112.18574959784746 901.0584538448602 145.72204715758562 481.18680958077312 183.17807851545513 283.43482039123774 516.15937263891101 264.50499412044883 98.714313009753823 277.47483864426613 1920.1096679158509 780.13184065930545 1618.6311239860952 2161.5851793885231 697.18411763012409
leaf_count=1269 10824 1759 6042 2167 3363 6158 2735 1275 3614 23900 9016 19774 25047 8280
internal_value=0 -0.00162517 -0.00247995 -0.00015284 -0.00174786 -0.00377875 4.43625e-05 -0.000807204 0.000977539 0.000436784 0.00075734 0.000444949 -6.20766e-05 0.00113017
internal_weight=0 2362.56 1576.14 578.799 466.613 997.346 786.416 640.694 376.189 8078.7 6158.59 5257.53 3638.9 1477.32
internal_count=125223 28382 18999 6799 5530 12200 9383 7624 4889 96841 72941 62117 42343 17296
is_linear=0
shrinkage=0.0101079


Tree=19
num_leaves=15
num_cat=0
split_feature=23 27 30 3 14 7 3 2 32 2 20 13 2 15
split_gain=55.1314 95.1494 58.2343 51.9021 43.4657 38.802 52.6459 40.6225 32.6979 30.4997 29.0881 28.6264 22.023 20.2502
threshold=1.0881810784339907 -0.50938662886619557 0.81174489855766307 0.38659423589706426 -17.280143737792965 -8.4741864204406721 0.21147869527339938 0.51576262712478649 1.0000000180025095e-35 0.51016658544540416 0.12257599085569383 -0.051160141825675957 4.2149424552917489 27.012022972106937
decision_type=10 2 2 8 10 8 10 8 2 8 10 10 8 10
left_child=1 4 5 10 -1 9 -7 -8 -6 -3 -4 -11 13 -2
right_child=12 2 3 -5 8 6 7 -9 -10 11 -12 -13 -14 -15
leaf_value=-0.0068065258076525428 0.0011484650687394089 0.0054582134758021242 0.0064361308349305188 0.00021941532127643011 -0.0064214917951963104 -0.0053585158040264638 0.0017475101532357766 -0.0010853558495506166 -0.0012801016342891523 -0.00093996366534082219 0.0011525629507473903 0.0027121077990350595 -0.0024420882179942865 0.0055293062355661988
leaf_weight=230.04819512180984 2823.4984881728888 148.28484317474067 311.11622654087842 700.9366623852402 144.00084042549133 246.50665302947164 619.21800269559026 2781.3066306374967 1097.4243307653815 518.32219805568457 197.28308303840458 359.37629809603095 151.91951072774827 111.30181385576725
leaf_count=2806 34119 1723 3281 8749 1588 2789 6916 32943 13852 6195 2366 4506 2104 1265
internal_value=0 -0.000470528 9.89478e-05 0.00207413 -0.00276321 -0.000406109 -0.000901142 -0.000554864 -0.0019445 0.00130805 0.00451171 0.000520134 0.00113738 0.00134228
internal_weight=0 7353.82 5882.35 1209.34 1471.47 4673.01 3647.03 3400.52 1241.43 1025.98 508.399 877.698 3086.72 2934.8
internal_count=125202 87714 69468 14396 18246 55072 42648 39859 15440 12424 5647 10701 37488 35384
is_linear=0
shrinkage=0.0101079


Tree=20
num_leaves=15
num_cat=0
split_feature=28 27 29 27 13 3 2 7 7 5 18 20 16 16
split_gain=97.4022 73.7678 56.955 55.0797 30.8153 55.2174 57.602 31.0345 25.3285 23.3002 23.148 22.121 26.8972 49.5715
threshold=-0.24825246632099149 -1.0000000180025095e-35 -0.60785761475563038 -0.88186877965927113 -0.074669700115919099 0.21147869527339938 0.52134123444557201 19.624420166015629 -21.395874023437496 -4.5686748027801505 9.5000000000000018 -3.4498451948165889 0.28542286157608038 0.16981409490108493
decision_type=2 2 2 2 8 10 8 10 10 8 2 10 10 10
left_child=-1 2 -2 -4 8 -6 10 11 -3 -5 -7 -8 13 -13
right_child=1 4 3 9 5 6 7 -9 -10 -11 -12 12 -14 -15
leaf_value=0.0010854770865388128 0.0039958073126983617 0 -0.00097306138359312937 0.0001416700926403478 -0.0049736391169598318 -0.00059395841030319778 0.0021598892693608387 0.0038976184328650006 0.0064618361606869961 -0.0044787153159144616 0.0041618563416474129 0.00063802603821215445 -0.00053584079633787313 -0.0065643146266989487
leaf_weight=4654.5794791020453 134.86756020784378 114.67766792885959 1267.1914947219193 104.69744283519685 215.79152235388756 115.18179699033499 209.73414318822324 142.97462232410908 130.05786071904004 1102.6776644941419 446.13379550166428 150.36589246056974 1441.7149462290108 223.86790514551103
leaf_count=55206 1663 1375 15399 1320 2570 1396 2820 1611 1435 13507 5128 2065 17379 2482
internal_value=0 -0.000876154 -0.002135 -0.00249671 0.000143399 -0.000133448 0.000247153 -0.00048613 0.00353941 -0.00404635 0.00311991 -0.000828926 -0.00120392 -0.00360947
internal_weight=0 5799.93 2609.43 2474.57 3190.5 2945.76 2729.97 2168.66 244.736 1207.38 561.316 2025.68 1815.95 374.234
internal_count=125356 70150 31889 30226 38261 35451 32881 26357 2810 14827 6524 24746 21926 4547
is_linear=0
shrinkage=0.0101079


Tree=21
num_leaves=15
num_cat=0
split_feature=28 27 29 27 30 6 13 15 2 3 7 21 2 7
split_gain=85.5769 71.59 60.9413 43.6816 42.3948 48.7781 46.2631 36.0376 64.5067 44.6751 40.2309 39.0961 25.8504 25.4218
threshold=-0.2693240344524383 0.076279435306787505 -0.60785761475563038 -0.89194178581237782 0.81174489855766307 2.880749106407166 0.0027094144606962804 12.271079540252687 0.51576262712478649 0.21147869527339938 12.067694187164308 0.42396885156631475 0.60248953104019176 -8.4741864204406721
decision_type=2 2 2 2 2 8 10 10 10 10 10 10 10 10
left_child=-1 2 -2 -4 7 6 -6 8 -3 -9 -11 13 -5 -10
right_child=1 4 3 12 5 -7 -8 9 11 10 -12 -13 -14 -15
leaf_value=0.0010483906790117519 0.0044541818267760892 0.0038923561955617131 -0.000907354836576661 0.00023357360375327453 0.0016120975212779057 -0.0014343870377024957 0.0087482413034837003 -0.0070432055403490974 0 -0.0029935523686685306 0.00189162442581209 0.0021920662957985167 -0.0040382438184586936 -0.0033767645030727809
leaf_weight=4574.4761218912899 132.11238572001457 424.65506788529456 1257.2944716922939 142.76559506729245 257.01270328462124 188.25921686924994 160.82070790231228 144.50841720588505 425.08683814480901 389.65813435986638 287.93075089156628 342.38106437772512 1239.2397354580462 465.82134183123708
leaf_count=54218 1637 4974 15226 2209 3009 2219 1984 1734 5260 4678 3559 3809 14799 5680
internal_value=0 -0.000795107 -0.00197364 -0.00232261 0.000252409 0.00263851 0.00456159 -0.000320752 0.000518349 -0.002051 -0.000860623 -0.000627573 -0.00356895 -0.00176566
internal_weight=0 5857.55 2771.41 2639.3 3086.13 606.093 417.833 2480.04 1657.94 822.097 677.589 1233.29 1382.01 890.908
internal_count=124995 70777 33871 32234 36906 7212 4993 29694 19723 9971 8237 14749 17008 10940
is_linear=0
shrinkage=0.0101079


Tree=22
num_leaves=15
num_cat=0
split_feature=28 27 29 0 13 3 7 12 29 15 29 27 7 29
split_gain=97.9624 79.0172 60.839 38.6245 29.6784 57.9451 25.0108 32.5572 27.6428 22.62 35.1298 35.5423 40.8689 22.7105
threshold=-0.20576497167348859 0.054511256515979774 -0.60785761475563038 0.61392813920974743 -0.074669700115919099 0.21147869527339938 19.624420166015629 0.050030466169118888 1.0000000180025095e-35 6.1509842872619638 1.0000000180025095e-35 0.41268247365951544 8.4430146217346209 0.6078576147556306
decision_type=2 2 2 10 8 10 10 10 2 10 2 2 10 2
left_child=-1 2 -2 -4 -3 -6 7 9 -9 13 11 -11 -13 -7
right_child=1 4 3 -5 5 6 -8 8 -10 10 -12 12 -14 -15
leaf_value=0.0010805267177494506 0.0041785603803465446 0.003641629500316402 -0.0044002453976097087 -0.0016224768999256651 -0.0051294764058805271 -0.0020012240239879221 0.0044366167830367136 -0.0051022790928686983 -6.6929450061768326e-05 -0.00086125956066727049 0.00010293799887152184 0.0077938241712255073 0 0.0012672657806279632
leaf_weight=4829.70078025572 135.09858806245029 232.17880540899932 790.26153771951795 1703.278682494536 205.57056089304388 474.51652996987104 137.32761777378619 193.63426423072815 287.8190251160413 107.52829989977181 661.72440175898373 228.09783968515694 105.39660777896643 375.06203209981322
leaf_count=57176 1643 2651 9487 21050 2454 5906 1545 2084 3310 1247 8113 2831 1348 4555
internal_value=0 -0.0008794 -0.00215852 -0.00252975 0.000227287 -5.2867e-05 0.000351305 9.10508e-05 -0.00222291 0.000688782 0.00164799 0.00383478 0.00545303 -0.000512609
internal_weight=0 5637.49 2628.64 2493.54 3008.86 2776.68 2571.11 2433.78 481.453 1952.33 1102.75 441.023 333.494 849.579
internal_count=125400 68224 32180 30537 36044 33393 30939 29394 5394 24000 13539 5426 4179 10461
is_linear=0
shrinkage=0.0101079


Tree=23
num_leaves=15
num_cat=0
split_feature=28 27 29 27 30 15 6 16 29 12 16 7 20 17
split_gain=85.938 68.4718 56.7573 48.6871 46.9399 39.5985 37.3271 39.6357 33.8031 53.7238 41 30.3771 23.9042 21.3607
threshold=-0.22706275433301923 -0.05451125651597976 -0.60785761475563038 -0.88186877965927113 0.81174489855766307 12.271079540252687 2.880749106407166 0.44079835712909704 0.87837970256805431 -0.0084173274226486666 0.48332017660140997 -8.4741864204406721 3.5133588314056401 16.500000000000004
decision_type=2 2 2 2 2 8 8 10 2 10 10 10 10 2
left_child=-1 2 -2 -4 5 8 7 -6 10 -10 11 -3 -7 -5
right_child=1 4 3 13 6 12 -8 -9 9 -11 -12 -13 -14 -15
leaf_value=0.0009652122961818719 0.0042893380236103838 0.00019162364925690576 -0.0010424527956842899 0 0.0017220798447525152 -0.0031835564687224004 -0.00092720858867075863 0.0083374191200933298 -0.0006307205756882567 0.0062749345717502394 0.0020216388357914036 -0.0034842672128401085 0.0006955249322796029 -0.0044507011677550612
leaf_weight=4732.5374974794686 121.92784778028727 409.34845834411681 1220.9836555365473 104.14310870505869 290.40110266208649 669.08497816510499 197.93099037371576 149.79464134760201 214.89034465327859 216.20928101055324 438.20193213038146 462.41885463707149 189.43558691442013 1031.7663756031543
leaf_count=56092 1498 5113 14824 1449 3326 8246 2345 1915 2810 2419 4841 5562 2205 12656
internal_value=0 -0.000874609 -0.00213676 -0.0024991 8.1978e-05 -0.000509595 0.00253217 0.00416738 0.000347502 0.00278927 -0.00043683 -0.00172548 -0.00228228 -0.00401202
internal_weight=0 5716.54 2478.82 2356.89 3237.72 2599.59 638.127 440.196 1741.07 431.1 1309.97 871.767 858.521 1135.91
internal_count=125301 69209 30427 28929 38782 31196 7586 5241 20745 5229 15516 10675 10451 14105
is_linear=0
shrinkage=0.0101079


Tree=24
num_leaves=15
num_cat=0
split_feature=0 12 30 3 17 22 3 30 23 2 16 22 2 12
split_gain=77.0119 30.63 39.3043 39.5468 35.3285 24.9087 36.5266 39.1207 25.0295 20.2459 25.3788 19.0138 17.9036 19.6219
threshold=0.65257418155670177 0.0032368615502491598 0.81174489855766307 0.38433498144149786 22.500000000000004 0.51869317889213573 0.47250367701053625 0.81174489855766307 1.0881810784339907 0.51576262712478649 0.64598032832145702 -0.78169858455657948 2.1980377435684209 -0.084528736770153032
decision_type=10 8 2 10 2 10 10 2 10 10 10 10 10 10
left_child=1 2 9 -4 -3 6 7 -2 12 10 -1 -6 13 -8
right_child=5 4 3 -5 11 -7 8 -9 -10 -11 -12 -13 -14 -15
leaf_value=0.0039464548024987804 0.0003437537653618386 -0.00012732922254139189 0.007255417859165815 -0.00040189210508984654 -0.0059881006425107387 0.0014242896438454156 0.0018886921384028629 0.0033330014050476624 0.00060307963563659541 -0.0024245044984442942 -0.0023470174074364607 -0.0023900241006542481 -0.0031649441888329738 -0.001111187550284659
leaf_weight=128.71250076591969 1996.8945027701557 351.44940639846027 111.58920734748244 139.93613413721323 336.86026557721198 2009.1929974947125 239.42994925566018 585.33691818080842 1261.9998852089047 653.97224101237953 111.96907143853605 394.72363300807774 379.16057333536446 1750.7746211625636
leaf_count=1637 22803 4385 1162 1746 4255 24265 3110 6529 15392 7966 1253 4527 4572 21741
internal_value=0 -0.00166874 -0.000468876 0.00295263 -0.00288926 0.000446294 0.000122186 0.00104482 -0.000523574 -0.00149253 0.000873385 -0.00414628 -0.00114071 -0.000724182
internal_weight=0 2229.21 1146.18 251.525 1083.03 8222.79 6213.6 2582.23 3631.37 894.654 240.682 731.584 2369.37 1990.2
internal_count=125343 26931 13764 2908 13167 98412 74147 29332 44815 10856 2890 8782 29423 24851
is_linear=0
shrinkage=0.0101079


Tree=25
num_leaves=15
num_cat=0
split_feature=28 27 29 30 27 6 11 13 5 17 21 2 16 3
split_gain=89.4606 73.5407 54.418 50.5803 45.926 45.3312 38.1705 37.0382 32.3948 29.8364 26.7151 25.9203 61.3966 42.6914
threshold=-0.24825246632099149 -0.032717135734856122 -1.0000000180025095e-35 0.81174489855766307 -0.91080963611602772 2.4130053520202641 0.058089166879653938 0.0027094144606962804 -3.352785468101501 66.500000000000014 8.7895331382751483 0.52134123444557201 0.36516357958316809 0.22294290363788608
decision_type=2 2 2 2 2 8 8 10 8 2 10 8 10 10
left_child=-1 2 6 11 -4 7 9 -5 -6 -2 -10 12 -3 -14
right_child=1 3 4 5 8 -7 -8 -9 10 -11 -12 -13 13 -15
leaf_value=0.00098837304104392484 0 0.0054112305602787292 -0.0011605155312831488 0.0018656810021684159 0 -0.0010104331605219768 -0.0016215369935142663 0.0082565733076625236 -0.0057123103839273569 0.0070698730169514411 -0.00055912882787382591 -0.0011225372357573404 -0.0057340682990347025 0.00091767683856789077
leaf_weight=4659.0828789435327 103.10077355243266 224.39780413731933 913.65441638603806 260.54904587008059 166.0711754001677 210.02255296707153 288.78273395262659 165.47852569818497 814.67058584839106 120.84250849671662 139.82758987508714 1904.9687075410038 127.90401725843549 333.7057873364538
leaf_count=55141 1421 2690 11102 3071 2132 2518 3298 2005 9947 1443 1869 23226 1366 3862
internal_value=0 -0.000892551 -0.00217463 0.000109559 -0.00291815 0.00265615 0.00069699 0.00454306 -0.0042978 0.0038166 -0.00500992 -0.000505977 0.00114127 -0.000902388
internal_weight=0 5773.98 2546.95 3227.03 2034.22 636.05 512.726 426.028 1120.57 223.943 954.498 2590.98 686.008 461.61
internal_count=125091 69950 31212 38738 25050 7594 6162 5076 13948 2864 11816 31144 7918 5228
is_linear=0
shrinkage=0.0101079


Tree=26
num_leaves=15
num_cat=0
split_feature=22 2 30 11 2 13 3 21 21 2 13 29 3 3
split_gain=70.0361 35.986 32.5786 32.9947 34.8194 42.8778 28.7381 25.9449 25.8567 22.7561 21.5324 20.7753 16.5556 31.3591
threshold=-0.8710973560810088 0.60248953104019176 -0.56174489110708226 0.073718450963497176 1.6612205505371096 0.065056383609771742 0.21147869527339938 8.6304583549499529 6.8224735260009775 0.83378213644027721 -0.018097154796123501 -1.0000000180025095e-35 0.44724760949611669 0.2841507494449616
decision_type=10 8 2 10 8 10 10 10 10 10 10 2 10 10
left_child=1 -1 6 12 5 -5 -2 -6 11 -7 -8 -3 13 -4
right_child=2 8 3 4 7 9 10 -9 -10 -11 -12 -13 -14 -15
leaf_value=0.00078692564109097095 -0.0044234346149336625 0 -0.0022007183094985079 0.0033246754461766417 -0.0018393316417141213 -0.0040424210570332254 -0.0014706914180798929 0.0020117811250136915 0.00059687990241022329 0.0018160294911943372 0.00024755507840016228 -0.0047182077676965672 -0.00033558385362229197 0.0021500817165576811
leaf_weight=260.34799680486321 172.38137619383633 107.05331592448056 200.22816244326532 1266.3240697085857 397.42381049133837 129.83033553883433 1045.248718097806 310.19341680034995 125.75127615407109 116.48509647510946 2461.9493943098933 655.27852029539645 2388.9513063728809 783.37595302611589
leaf_count=3371 1931 1444 2166 14188 4628 1409 13305 3567 1676 1359 28463 8541 30005 8990
internal_value=0 -0.00237663 0.000261231 0.000749603 0.00170546 0.00256876 -0.000470107 -9.10705e-05 -0.00334807 -0.00114111 -0.000255093 -0.00405087 0.000105923 0.00121343
internal_weight=0 1148.43 9272.39 5592.81 2220.26 1512.64 3679.58 707.617 888.083 246.315 3507.2 762.332 3372.56 983.604
internal_count=125043 15032 110011 66312 25151 16956 43699 8195 11661 2768 41768 9985 41161 11156
is_linear=0
shrinkage=0.0101079


Tree=27
num_leaves=15
num_cat=0
split_feature=28 2 3 22 13 30 3 28 7 20 28 0 22 3
split_gain=96.0069 55.2768 47.4356 39.5239 29.3255 23.7905 32.8587 28.1315 34.5863 26.2566 22.6789 21.5282 22.4362 20.3536
threshold=-0.2693240344524383 0.54128915071487438 0.22622041404247287 -0.88122525811195362 0.015149880666285755 1.0000000180025095e-35 0.34376183152198797 0.69930991530418407 -8.6445393562316877 2.0909914970397954 0.52803644537925731 0.69032070040702831 0.50114741921424877 0.86540615558624279
decision_type=2 8 10 10 10 2 10 2 8 10 2 8 10 10
left_child=11 2 4 -3 -2 9 -7 -8 -9 13 -11 -1 -13 -5
right_child=1 3 -4 5 -6 6 7 8 -10 10 -12 12 -14 -15
leaf_value=0.0046102053230484266 0.00093262028567728781 -0.003187216063773628 0.0027462017558396753 -0.0027873366757121495 -0.0056654016943508238 0.0037658972137433596 -0.0015349721816890819 0.0058992296806715284 0 0.0017792425346571262 -0.0018226262059936142 0.00039529874072032821 0.0019062288307244684 -6.9445446505879833e-05
leaf_weight=174.15141283906996 122.76539757475257 889.96610813215375 702.72815878875554 1254.4702306687832 123.71385036036372 211.2182323615998 906.98567376472056 122.28357583098114 421.35265918076038 391.41101142205298 312.69737473502755 2734.8086827006191 1672.5267807710916 402.71980162709951
leaf_count=1552 1377 11678 8448 15682 1363 2431 10947 1412 5087 4821 3423 32302 20300 4425
internal_value=0 -0.000816825 0.00138819 -0.00125255 -0.00229041 -0.000809312 9.46985e-05 -0.000428988 0.00133844 -0.00146089 0.000120346 0.0011344 0.000980154 -0.00215452
internal_weight=0 5862.31 949.207 4913.1 246.479 4023.14 1661.84 1450.62 543.636 2361.3 704.108 4581.49 4407.34 1657.19
internal_count=125248 71094 11188 59906 2740 48228 19877 17446 6499 28351 8244 54154 52602 20107
is_linear=0
shrinkage=0.0101079


Tree=28
num_leaves=15
num_cat=0
split_feature=28 27 29 30 12 7 27 11 3 16 11 5 21 17
split_gain=79.9984 74.9932 50.8913 45.931 44.1478 55.8456 44.072 35.7058 30.2202 30.693 29.1652 28.5122 28.3247 26.4309
threshold=-0.24825246632099149 -0.032717135734856122 -1.0000000180025095e-35 0.81174489855766307 0.033547900617122657 -0.86044716835021962 -0.91959547996520985 0.058089166879653938 0.21147869527339938 0.62934648990631115 0.039632065221667297 -4.5686748027801505 8.9431371688842791 66.500000000000014
decision_type=2 2 2 2 8 10 2 8 10 8 10 8 10 2
left_child=-1 2 7 8 5 -5 -4 13 9 -3 -10 -8 -13 -2
right_child=1 3 6 4 -6 -7 11 -9 10 -11 -12 12 -14 -15
leaf_value=0.00096935789428637868 0 0 -0.0010585805490076058 0.00091435291106277568 -0.0012163343843677535 0.0083012329534877093 0.00051150352144792245 -0.0015474792654875831 -0.0013427808421436478 -0.0067587597252772745 0.00093404072694655007 -0.0053097597654959494 -0.00011752828940205027 0.0068184164225688591
leaf_weight=4686.3887864146382 101.94498839974403 111.25032872892916 887.67529342137277 246.15479273349047 192.95614051446319 197.79741162061691 104.87105665169656 289.50314272008836 982.47721648029983 136.89127438701689 1361.6284274626523 897.77557163871825 140.41878559626639 118.73286191001534
leaf_count=55364 1429 1243 10829 2911 2366 2314 1389 3314 11311 1671 16973 11048 1871 1425
internal_value=0 -0.000807037 -0.00210476 0.000204145 0.00262728 0.00437985 -0.00282363 0.000677876 -0.000381601 -0.00368123 -4.27613e-06 -0.00414301 -0.0046522 0.0037288
internal_weight=0 5770.08 2540.92 3229.16 636.908 443.952 2030.74 510.181 2592.25 248.142 2344.11 1143.07 1038.19 220.678
internal_count=125458 70094 31305 38789 7591 5225 25137 6168 31198 2914 28284 14308 12919 2854
is_linear=0
shrinkage=0.0101079


Tree=29
num_leaves=15
num_cat=0
split_feature=28 2 3 29 0 17 13 0 3 15 28 21 12 29
split_gain=78.3372 54.6417 48.6932 42.7474 42.0894 34.6348 25.1934 22.7542 25.2686 21.6686 21.4569 19.8742 27.3696 37.3774
threshold=-0.31107263267040247 0.52134123444557201 0.22622041404247287 -0.60785761475563038 0.55045765638351452 20.500000000000004 0.015149880666285755 0.68321305513381969 0.29262866079807287 17.80626201629639 0.31107263267040258 8.6304583549499529 0.061829322949051864 1.0000000180025095e-35
decision_type=2 8 10 2 10 2 10 8 10 10 2 10 10 2
left_child=7 2 6 -3 5 -5 -2 -1 -9 -7 -4 12 13 -6
right_child=1 3 10 4 11 9 -8 8 -10 -11 -12 -13 -14 -15
leaf_value=0.0048090691821222825 0.00078353634098934206 0.0042648097647176187 0 0.0016665011015207331 0.00052530350243933761 -0.005013107980542943 -0.0053428290954752001 -0.0014171846795430364 0.0010891262437677826 0 0.0042192386687186735 0.00074181342561791756 -0.0033456481663831678 -0.0017281769680759745
leaf_weight=149.38186170347035 122.62413845025003 131.62581552378833 183.35995171964169 101.36353079602122 1212.1889410465956 601.57913457229733 121.29345777630806 440.19104729406536 3844.7114663589746 104.04560764878988 441.64906100928783 587.09097638912499 531.68069137074053 1871.8347755428404
leaf_count=1314 1358 1600 2042 1264 14767 7692 1341 5012 46014 1213 5387 7203 6264 22637
internal_value=0 -0.000797608 0.00151701 -0.00119832 -0.0013562 -0.00347914 -0.00217161 0.000971683 0.000820154 -0.00428502 0.00302939 -0.000933386 -0.00121756 -0.000830227
internal_weight=0 6010.34 868.927 5141.41 5009.78 806.988 243.918 4434.28 4284.9 705.625 625.009 4202.8 3615.7 3084.02
internal_count=125108 72768 10128 62640 61040 10169 2699 52340 51026 8905 7429 50871 43668 37404
is_linear=0
shrinkage=0.0101079


Tree=30
num_leaves=15
num_cat=0
split_feature=28 27 27 0 30 16 15 2 11 0 2 2 13 11
split_gain=87.4565 65.167 61.1255 37.5832 35.4279 31.4634 25.7963 34.7184 30.3425 22.6582 21.5912 19.8414 24.2048 22.6137
threshold=-0.24825246632099149 -0.50938662886619557 -0.88186877965927113 0.67995214462280285 -0.56174489110708226 0.12160655111074449 10.912005424499513 0.52134123444557201 0.12659852951765063 0.68687647581100475 0.58980724215507518 0.43492281436920172 0.037621885538101203 0.089506372809410109
decision_type=2 2 2 10 2 8 10 10 10 8 10 10 10 10
left_child=9 2 -2 4 -3 -6 7 -5 -8 -1 -11 -7 -13 -14
right_child=1 3 -4 6 5 11 8 -9 -10 10 -12 12 13 -15
leaf_value=0.0044990028748440576 -0.0010532031977519181 -0.0027680421836235756 -0.0049496803224132347 0.0052052174100791848 0.0045393748827273128 -0.003728608815293247 -0.0016223580767058916 0.00086442976220953399 0.0032755756735293119 -0.00097327085493476169 0.0011008592741619597 -0.00095086569953474693 0.0061485806530438523 0
leaf_weight=178.34587148763239 1250.8657388966531 771.48864202387631 638.55748290754855 244.43879941850901 130.46254180930555 164.72264532186091 587.35454504191875 903.90300654619932 154.58675139397383 562.44202254712582 3948.4096096083522 685.61568891815841 102.31565489247441 131.17964664287865
leaf_count=1594 15258 9275 7766 2726 1540 2213 6999 10918 1783 6737 47043 8640 1455 1482
internal_value=0 -0.000869921 -0.00240604 -0.000107444 -0.00108577 0 0.000899209 0.00185172 -0.000524861 0.000987246 0.000832073 -0.000581442 0 0.00276702
internal_weight=0 5765.49 1889.42 3876.07 1985.78 1214.3 1890.28 1148.34 741.941 4689.2 4510.85 1083.83 919.111 233.495
internal_count=125429 70055 23024 47031 24605 15330 22426 13644 8782 55374 53780 13790 11577 2937
is_linear=0
shrinkage=0.0101079


Tree=31
num_leaves=15
num_cat=0
split_feature=28 27 30 29 20 13 13 27 20 27 3 2 11 14
split_gain=74.4111 69.5278 50.7852 50.125 35.6615 39.3086 31.8562 32.3829 34.0327 34.9983 29.1885 48.5184 38.7596 37.2367
threshold=-0.22706275433301923 0.032717135734856136 0.81174489855766307 -1.0000000180025095e-35 0.97325029969215404 0.0027094144606962804 0.040874492377042777 -0.93585023283958424 -0.31889991462230677 -0.50938662886619557 0.22294290363788608 0.52134123444557201 0.050817966461181648 -14.994294643402098
decision_type=2 2 2 2 8 10 10 2 8 2 10 8 10 8
left_child=-1 3 10 -2 5 -4 7 -5 9 -9 13 -12 -13 -3
right_child=1 2 4 6 -6 -7 -8 8 -10 -11 11 12 -14 -15
leaf_value=0.000958270771849245 0.0007445771018466642 0.0009173795290309348 0.0016222872398766587 -0.0013991171190016257 -0.000244095882705216 0.0083835506548380276 0 -0.0044938881805013323 -0.0061632269330511172 0.00070771412433308356 0.0028616264088744551 -0.0023283473903941906 0.000681903105680134 -0.0061969065022714391
leaf_weight=4754.6080032922328 532.4013235848397 109.7588953897357 227.65317087993026 674.01069137081504 217.46119786053896 164.61456415429711 374.07243350334466 299.02021209895611 543.08756492473185 208.34933167137206 476.47965480387211 830.07510108314455 878.50153291784227 175.10326550714672
leaf_count=56177 6402 1227 2684 8159 2572 1993 4873 3607 6493 2840 5592 9847 10879 2109
internal_value=0 -0.000752053 0.00026746 -0.00195811 0.00286833 0.00466677 -0.00266323 -0.00324093 -0.00436581 -0.0023004 -0.000365109 1.78463e-05 -0.000760815 -0.00336487
internal_weight=0 5710.59 3079.65 2630.94 609.729 392.268 2098.54 1724.47 1050.46 507.37 2469.92 2185.06 1708.58 284.862
internal_count=125454 69277 36903 32374 7249 4677 25972 21099 12940 6447 29654 26318 20726 3336
is_linear=0
shrinkage=0.0101079


Tree=32
num_leaves=15
num_cat=0
split_feature=28 27 29 27 13 3 2 11 7 15 12 29 21 3
split_gain=83.5892 75.0368 53.5096 37.1529 30.0504 48.7688 43.419 40.3974 27.3229 21.3529 31.8309 46.4778 30.8798 32.414
threshold=-0.18436925113201139 -0.032717135734856122 -0.60785761475563038 -0.89194178581237782 -0.074669700115919099 0.20817289501428607 0.52134123444557201 0.12918811291456225 -21.395874023437496 6.2212200164794931 0.049034805968403823 1.0000000180025095e-35 -6.26204490661621 0.52405533194541942
decision_type=2 2 2 2 8 10 8 10 10 10 10 2 10 10
left_child=-1 2 -2 -4 8 -6 -7 9 -3 12 -11 -12 -8 -14
right_child=1 4 3 -5 5 6 7 -9 -10 10 11 -13 13 -15
leaf_value=0.00090897122627408493 0.0038212688014145038 0 -0.0011967746437620641 -0.0038472753768659372 -0.0049982893759151041 0.0026715011979500333 0.00082646827238057612 0.0044035319319101424 0.0065693205840797065 0.0011323701563146643 -0.0057088570755869476 0.00033822921924417783 -0.0059767119876788406 -0.00030906685571178283
leaf_weight=4914.3933974895626 129.16673148423433 114.85645921900868 1103.9614988155663 1193.9372619446367 190.58159691281617 564.66916989907622 196.07885103113949 151.30437744408846 127.80805676057935 800.40981132909656 205.28511372767389 301.76311079598963 271.60358125902712 189.87680067121983
leaf_count=58001 1566 1392 13465 14919 2301 6578 2626 1726 1396 10095 2205 3485 3163 2461
internal_value=0 -0.000900087 -0.0022304 -0.00259966 0.000126632 -0.000152267 0.000190367 -0.000459794 0.00349279 -0.000870385 -8.73471e-05 -0.00207968 -0.00234759 -0.00377405
internal_weight=0 5541.3 2427.07 2297.9 3114.24 2871.57 2680.99 2116.32 242.665 1965.02 1307.46 507.048 657.559 461.48
internal_count=125379 67378 29950 28384 37428 34640 32339 25761 2788 24035 15785 5690 8250 5624
is_linear=0
shrinkage=0.0101079


Tree=33
num_leaves=15
num_cat=0
split_feature=22 2 23 27 30 12 15 2 16 14 14 27 11 2
split_gain=77.1747 39.4414 29.9057 42.8671 37.3415 38.5974 35.8638 34.3504 34.6792 31.0741 29.7004 28.4806 42.7578 28.7855
threshold=-0.85200193524360646 0.60248953104019176 1.1055324673652651 -0.60003554821014393 1.0000000180025095e-35 -0.065409172326326356 13.802658081054689 0.50483357906341564 0.53977343440055858 -7.7315332889556876 -17.280143737792965 0.82531082630157482 0.041016219183802612 0.60248953104019176
decision_type=10 8 10 2 2 10 10 10 10 10 10 2 10 8
left_child=1 -1 3 10 6 -6 7 9 -9 -5 -2 12 -7 -14
right_child=2 -3 -4 4 5 11 -8 8 -10 -11 -12 -13 13 -15
leaf_value=0.00084433398985641879 -0.0056552265941201205 -0.0033399543645722812 0.0011830671895404524 0.0054099112473312309 0.0048823074614158107 -0.00065769987551073843 -0.0020982120315508226 -0.0011815335080199389 0.0019420059460512999 0 -0.0010582083901073116 -0.001045881898067882 0.0064012158610024647 0.0018129514449830276
leaf_weight=281.55953750386834 175.76656634360552 942.01361043378711 2969.3157598916441 222.3866760134697 275.0510600283742 474.33977041766047 871.62903716042638 1295.9858238529414 491.01658609136939 207.23834512755275 880.96553417108953 555.98075650259852 203.62647273764014 573.91281034052372
leaf_count=3611 2172 12426 35916 2761 3017 5717 10558 15006 5475 1951 11185 6558 2145 6540
internal_value=0 -0.00234494 0.000349235 -4.27839e-05 0.000330328 0.00137778 -0.000364712 0.000303594 -0.0002961 0.00285224 -0.00189595 0.000804004 0.00165908 0.00311668
internal_weight=0 1223.57 9197.22 6227.9 5171.17 2082.91 3088.26 2216.63 1787 429.625 1056.73 1807.86 1251.88 777.539
internal_count=125038 16037 109001 73085 59728 23977 35751 25193 20481 4712 13357 20960 14402 8685
is_linear=0
shrinkage=0.0101079


Tree=34
num_leaves=15
num_cat=0
split_feature=28 27 29 27 30 5 15 2 21 3 11 11 5 21
split_gain=92.0188 66.8662 55.824 39.8702 38.2834 37.4437 31.7022 62.5902 40.3517 36.3908 32.7804 31.785 30.8986 32.6917
threshold=-0.2693240344524383 0.054511256515979774 -0.60785761475563038 -0.91080963611602772 0.81174489855766307 0.87097403407096874 12.271079540252687 0.52134123444557201 0.36415298283100134 0.20817289501428607 0.091023221611976637 0.020122855901718143 -5.1628923416137686 8.4606337547302264
decision_type=2 2 2 2 2 8 10 10 10 10 10 10 8 10
left_child=-1 2 -2 -4 6 -6 7 -3 11 -8 -11 -9 -5 -14
right_child=1 4 3 12 5 -7 9 8 -10 10 -12 -13 13 -15
leaf_value=0.001104631121469164 0.0040578176870548427 0.003634880079369982 -0.00088848701441485189 0.0014422052444668563 0.0043308609074427335 -0.00064147938717476493 -0.0067131425995393401 -0.0057040498593971412 0.0021018648976717461 -0.0026075253083057519 0.0018855341081458314 -0.00085083320411066831 -0.0045690594845389371 0
leaf_weight=4597.6856960672885 137.51034112460911 449.53590135090053 1182.0837596636266 105.04931022040546 389.3648491166532 229.74084568023682 133.16734087839723 175.28207144327462 346.8003832064569 442.57466809265316 246.37140874378383 702.78602502308786 1104.5360449589789 190.01780584082007
leaf_count=54227 1674 5235 14344 1369 4645 2712 1599 2096 3884 5430 3040 8704 13595 2527
internal_value=0 -0.000805739 -0.001963 -0.00231035 0.000193641 0.00243574 -0.000351929 0.000427115 -0.00073252 -0.00197675 -0.000939585 -0.00190617 -0.00347113 -0.00390705
internal_weight=0 5834.82 2719.2 2581.69 3115.62 619.106 2496.52 1674.4 1224.87 822.113 688.946 878.068 1399.6 1294.55
internal_count=125081 70854 33509 31835 37345 7357 29988 19919 14684 10069 8470 10800 17491 16122
is_linear=0
shrinkage=0.0101079


Tree=35
num_leaves=15
num_cat=0
split_feature=28 27 27 0 16 7 11 12 11 3 3 0 9 21
split_gain=77.2487 55.2511 59.4523 36.1548 34.2395 31.2001 30.3504 28.6965 59.65 26.8245 25.0984 23.3152 22.7818 20.4367
threshold=-0.24825246632099149 -0.49049438536167139 -0.88186877965927113 0.65612006187438976 0.16248964518308642 3.2838500738143925 0.08028052002191545 0.049034805968403823 0.049300871789455421 0.57061064243316661 0.35393686592578893 0.46740078926086431 0.088501408696174635 4.4534432888031015
decision_type=2 2 2 10 8 10 10 10 10 10 10 10 10 10
left_child=-1 2 -2 4 10 -6 11 12 -9 -10 -3 -7 -5 -14
right_child=1 3 -4 7 5 6 -8 8 9 -11 -12 -13 13 -15
leaf_value=0.00096611014677684508 -0.00085095591285438781 0.005702284241300694 -0.0046640440758741221 0.0035653858508914249 -0.0029874114543085753 -0.002322508455324764 -0.0026118356542723883 -0.0059833918598175039 0.0044808149492909675 -0.0011720520743371517 -0.00043937996828833352 0.0030930275758358486 0.0013103929294295521 -0.0022744346321662222
leaf_weight=4685.4356440361589 1256.0971301980317 109.91866404935718 649.50774753652513 402.69355136528611 857.70068416930735 95.048274232074618 277.7006328701973 171.30856453813612 139.99946946464479 181.71525812521577 133.35128944553435 304.19166709110141 1017.986462412402 179.3082029428333
leaf_count=55204 15241 1217 8011 4984 10460 1242 3377 2035 1505 1884 1809 4135 11980 2318
internal_value=0 -0.000779218 -0.0021852 -7.36918e-05 -0.00114054 -0.0017149 -2.81043e-05 0.000814114 -0.00126052 0.00121175 0.00226329 0.00168482 0.00148154 0.000728908
internal_weight=0 5776.53 1905.6 3870.92 1777.91 1534.64 676.941 2093.01 493.023 321.715 243.27 399.24 1599.99 1197.29
internal_count=125402 70198 23252 46946 22240 19214 8754 24706 5424 3389 3026 5377 19282 14298
is_linear=0
shrinkage=0.0101079


Tree=36
num_leaves=15
num_cat=0
split_feature=22 30 0 27 15 13 3 17 13 7 16 17 18 0
split_gain=65.9879 37.0632 41.8645 41.5027 38.8824 54.8668 47.1762 35.073 32.3722 26.984 36.7126 25.7782 24.5269 22.1654
threshold=-0.97043821215629567 1.0000000180025095e-35 0.66313701868057262 -0.69930991530418385 12.682841300964357 0.013436177279800178 0.36932794749736791 62.500000000000007 0.040874492377042777 -7.6472191810607901 0.28948214650154119 18.500000000000004 81.500000000000014 0.6968885362148286
decision_type=10 2 10 2 10 10 10 2 10 8 10 2 2 10
left_child=11 2 4 12 5 6 -2 8 13 -9 -11 -1 -3 -5
right_child=1 3 -4 7 -6 -7 -8 9 -10 10 -12 -13 -14 -15
leaf_value=0.0017124051894301447 0.0011790282771078078 -0.0015937627955263981 0.0001182391343874533 -0.0027269056178017967 -0.0047903737009695555 0.0055110990471687986 -0.0041874459669563983 0.0047647651948139061 0.0032594110313264547 -0.0022286160542856486 0.0028510309687272985 -0.0034955110304849889 0.0026987568659242707 0.00051101795911486056
leaf_weight=96.706012554466724 275.7472671829164 783.94333692267537 4681.0330668706447 261.26431910507381 355.31869174353778 112.97284506633878 376.07061810791492 484.81284668855369 358.97375059500337 179.53174840472639 566.31404462456703 699.89385957270861 151.55645612068474 1066.7286694720387
leaf_count=1355 3126 9259 55745 3218 4381 1417 4222 5614 4378 2100 6620 9310 2039 12480
internal_value=0 0.000210422 -0.000294597 0.00098033 -0.00204491 -0.000682215 -0.00186841 0.00157825 0.000596414 0.00287946 0.00156438 -0.00280267 -0.000839197 -0.00010762
internal_weight=0 9654.27 5801.14 3853.13 1120.11 764.791 651.818 2917.63 1686.97 1230.66 745.846 796.6 935.5 1327.99
internal_count=125264 114599 68891 45708 13146 8765 7348 34410 20076 14334 8720 10665 11298 15698
is_linear=0
shrinkage=0.0101079


Tree=37
num_leaves=15
num_cat=0
split_feature=28 27 27 0 30 16 18 2 3 11 12 29 29 14
split_gain=74.1188 64.2051 48.4469 37.1021 36.2936 35.2496 27.3064 24.1137 34.8557 28.5232 34.3154 28.5251 18.5373 32.3124
threshold=-0.14132478833198545 -0.50938662886619557 -0.87137606739997853 0.68687647581100475 -0.56174489110708226 0.12160655111074449 85.500000000000014 0.52134123444557201 0.33278526365756994 0.049300871789455421 0.05208470672369004 1.0000000180025095e-35 0.87837970256805431 -8.4642748832702619
decision_type=2 2 2 10 2 8 2 8 10 10 10 2 2 10
left_child=6 2 12 4 -3 -6 -1 8 -5 10 11 -9 -2 -14
right_child=1 3 -4 7 5 -7 -8 9 -10 -11 -12 -13 13 -15
leaf_value=0.00053045680265666174 -0.0018160966660077441 -0.0027139430682241762 -0.0047906367171972764 0.00031844348915225295 0.0048819934419834119 -0.00052395375204386974 0.0025089322723927244 0.0031148461951585938 0.0072814742859919354 0.0016242351705365464 -0.0058136532774216805 -0.0020354227898994764 -0.0019830724829737359 0.0053149725233887562
leaf_weight=4195.9053395092487 871.69608383998275 768.70210981182754 588.57088375650346 179.94818452931941 130.98901302181184 1087.6862912233919 879.35914738848805 177.64387562312186 135.00811430439353 823.16934639401734 124.36390479840338 261.9274675976485 120.59187562204897 105.69830770604312
leaf_count=49863 10658 9256 7236 2098 1550 13828 9978 2220 1373 9868 1489 3133 1332 1406
internal_value=0 -0.000817348 -0.00244693 -5.79473e-05 -0.00100454 5.08472e-05 0.000884475 0.00102319 0.0035304 0.000408662 -0.00129283 0 -0.00112957 0.00131485
internal_weight=0 5376 1686.56 3689.44 1987.38 1218.68 5075.26 1702.06 314.956 1387.1 563.935 439.571 1097.99 226.29
internal_count=125288 65447 20632 44815 24634 15378 59841 20181 3471 16710 6842 5353 13396 2738
is_linear=0
shrinkage=0.0101079


Tree=38
num_leaves=15
num_cat=0
split_feature=28 27 29 27 23 15 2 2 13 15 13 6 29 17
split_gain=68.8951 57.7916 43.1276 33.4686 23.032 19.435 45.2434 21.7431 22.1668 21.2047 30.9449 23.3539 19.9502 18.2832
threshold=-0.2693240344524383 0.098011311143636717 -0.60785761475563038 -0.90159028768539418 0.69480201601982128 12.271079540252687 0.51576262712478649 0.43492281436920172 0.037621885538101203 6.2212200164794931 -0.074669700115919099 -0.89085704088211048 0.87837970256805431 14.500000000000002
decision_type=2 2 2 2 8 8 8 10 10 10 10 10 2 2
left_child=4 2 -2 -4 -1 6 12 -7 -9 10 -8 -12 -3 -5
right_child=1 5 3 13 -6 7 9 8 -10 -11 11 -13 -14 -15
leaf_value=0.0044477934322686239 0.003471826649409111 0.0017769009461546996 -0.00085096920245966799 8.2826690267536892e-05 0.00070281654615794113 -0.0041459231946641608 0.0029831157731581796 -0.002484032612630349 0.00087966949912427958 0.001126650713093107 -0.00084731095375341196 -0.0051710319311716506 0.0065078504923873704 -0.0035606709325413581
leaf_weight=172.48073038458824 135.52066331915557 321.39879710972309 1209.369370104745 133.11474039778113 4444.5797258708626 173.4185774512589 132.93893071822822 294.02559033408761 572.14107376895845 739.67095109447837 481.68142941780388 185.77058705873787 151.45569342561066 1300.2730387151241
leaf_count=1628 1644 3587 14714 1781 52732 2183 1560 3369 6929 8854 6169 2205 1687 16264
internal_value=0 -0.000792401 -0.00184625 -0.00214346 0.000858585 0.000155755 0.000745873 -0.000945308 -0.000227536 -7.29506e-05 -0.00123184 -0.00215557 0.00345582 -0.00319556
internal_weight=0 5830.78 2778.28 2642.76 4617.06 3052.5 2012.92 1039.59 866.167 1540.06 800.391 667.452 472.854 1433.39
internal_count=125306 70946 34403 32759 54360 36543 24062 12481 10298 18788 9934 8374 5274 18045
is_linear=0
shrinkage=0.0101079


Tree=39
num_leaves=15
num_cat=0
split_feature=28 14 21 16 29 2 21 22 30 15 14 13 30 2
split_gain=75.4598 43.4642 45.1211 29.7525 34.8625 30.368 45.2102 38.044 31.3998 40.9463 23.7312 23.6806 25.4587 22.2234
threshold=-0.24825246632099149 -29.851069450378414 -10.478163719177244 0.16613701730966571 -0.60785761475563038 0.60248953104019176 8.6304583549499529 -0.86138388514518727 0.81174489855766307 12.787724494934084 -4.4986822605133048 -0.037744812667369836 1.0000000180025095e-35 3.9973435401916508
decision_type=2 8 10 10 2 8 10 10 2 10 10 10 2 8
left_child=-1 -2 -3 11 -5 8 7 -7 9 -6 -11 12 -4 -8
right_child=1 2 3 4 5 6 13 -9 -10 10 -12 -13 -14 -15
leaf_value=0.00095961000043719917 0.0051443018724682222 -0.0048403462848100112 0.000597632371972176 0.0043282866834137984 0.0010735519646392806 -0.004309680003601454 0.0017983335439838587 -0.0014515402049288166 0.0046178498333888755 -0.0065270413768418762 -0.00050524645174232182 -0.00032248553185646768 0.0069943484977381641 -0.0030242595993056598
leaf_weight=4678.6444010417908 114.81908159144223 278.27473580278456 166.19050553441048 113.42740981467068 642.46853656135499 633.98306701332331 509.46544932946563 2270.2578134536743 144.37048484757543 131.0041532907635 163.3360792491585 349.90517505258322 116.35024119913578 108.43944379687309
leaf_count=55101 1155 3527 2101 1371 7531 8270 6205 27201 1747 1482 2200 4337 1555 1285
internal_value=0 -0.000768335 -0.000902964 -0.000683969 -0.00096524 -0.00111141 -0.00156758 -0.00209903 0.000338054 -0.000310608 -0.00341676 0.00133696 0.00348605 0.000860675
internal_weight=0 5742.29 5627.47 5349.2 4716.75 4603.33 3522.15 2904.24 1081.18 936.809 294.34 632.446 282.541 617.905
internal_count=125068 69967 68812 65285 57292 55921 42961 35471 12960 11213 3682 7993 3656 7490
is_linear=0
shrinkage=0.0101079


Tree=40
num_leaves=15
num_cat=0
split_feature=22 28 27 30 12 27 0 16 21 11 30 27 22 28
split_gain=65.4558 33.8244 28.2723 26.9329 40.899 24.811 24.7848 24.0999 32.7321 23.4039 21.2678 20.0055 19.6361 19.5729
threshold=-0.85200193524360646 -0.3317298144102096 -0.49049438536167139 1.0000000180025095e-35 0.017155312001705173 -0.91080963611602772 0.68687647581100475 0.27334529161453253 -7.3789548873901358 0.039177602156996734 0.81174489855766307 -0.50938662886619557 0.50114741921424877 0.4904943853616715
decision_type=10 2 2 2 10 2 10 10 10 10 2 2 10 2
left_child=11 6 5 -4 7 -3 -2 8 -5 -6 -9 13 -8 -1
right_child=1 2 3 4 9 -7 12 10 -10 -11 -12 -13 -14 -15
leaf_value=-0.00027620545100403974 0.0049451921151706284 -0.0005897632836733373 -0.00055180632717430486 0.0040060801144876897 -0.0037219103105290124 -0.0034332582087951793 0.00017538949732660091 0.0019421009330900538 -0.0018176652137583639 0.00058675942950765065 0.0067616487187668432 -0.001238343371139963 0.0016130538636523427 -0.0055788214853112793
leaf_weight=118.06037080101669 146.14307396672666 1210.3551305104047 1862.0447355210781 167.99919015169144 178.19516181200743 443.22108447924256 2550.9008407238871 239.51284707710147 208.74766873195767 380.41971484012902 205.03522030264139 813.87898609228432 1638.9374005552381 277.10481616854668
leaf_count=1558 1253 14604 22135 1893 2223 5440 29917 2740 2470 4322 2423 10894 19773 3502
internal_value=0 0.000256743 -0.000312779 0.000225448 0.00130073 -0.00138858 0.000908504 0.00273697 0.000701883 -0.000747804 0.00433115 -0.00223685 0.000749319 -0.0041304
internal_weight=0 9231.51 4895.53 3241.95 1379.91 1653.58 4335.98 821.295 376.747 558.615 444.548 1209.04 4189.84 395.165
internal_count=125147 109193 58250 38206 16071 20044 50943 9526 4363 6545 5163 15954 49690 5060
is_linear=0
shrinkage=0.0101079


Tree=41
num_leaves=15
num_cat=0
split_feature=28 27 27 0 12 2 15 12 15 30 21 0 17 0
split_gain=73.3224 54.4218 56.9351 35.8106 32.9371 31.1572 32.4449 22.8514 22.6011 22.3886 25.26 21.2574 20.9391 23.6582
threshold=-0.24825246632099149 -0.49049438536167139 -0.88186877965927113 0.66313701868057262 -1.0000000180025095e-35 0.52134123444557201 10.810234069824221 -0.084528736770153032 23.539887428283695 1.0000000180025095e-35 0.12262150645256044 0.69032070040702831 17.500000000000004 0.57973802089691173
decision_type=2 2 2 10 8 8 10 10 10 2 10 8 2 10
left_child=11 2 -2 4 9 6 -5 -7 -9 -3 -11 -1 -6 -14
right_child=1 3 -4 5 12 7 -8 8 -10 10 -12 -13 13 -15
leaf_value=0.0043050876484999751 -0.00081836798657295372 -0.0010598804599341223 -0.0045740594701871072 0.0054852348316456034 0 0.0041380440304884421 -0.00061649635874650181 -0.00049218541164546123 0.0037210178150397428 0.00023049923398768817 0.005918463085828724 0.00082297410863122335 -0.004643222174178902 -0.00034856708223155299
leaf_weight=186.56838034652174 1244.8414894230664 488.57335489243269 640.13888198696077 256.2691802084446 284.10287043638527 134.85130955278873 115.39813477732241 1387.4742596410215 135.34623129665852 267.25473095849156 117.52426162362099 4513.4703636635095 449.94840199127793 215.38285866379738
leaf_count=1655 15221 6351 7946 2771 3559 1757 1363 16518 1593 3333 1380 53639 5713 2432
internal_value=0 -0.000724641 -0.0021285 -2.43405e-05 -0.00106049 0.000886951 0.00350967 0.000261201 -7.45703e-05 0.000315758 0.00215232 0.000976555 -0.00236119 -0.00333285
internal_weight=0 5737.11 1884.98 3852.13 1822.79 2029.34 371.667 1657.67 1522.82 873.352 384.779 4700.04 949.434 665.331
internal_count=125231 69937 23167 46770 22768 24002 4134 19868 18111 11064 4713 55294 11704 8145
is_linear=0
shrinkage=0.0101079


Tree=42
num_leaves=15
num_cat=0
split_feature=28 27 27 20 15 16 3 7 12 20 15 23 16 20
split_gain=72.5452 58.6448 56.5911 26.6367 40.0677 25.2645 38.2699 28.8379 32.4289 31.1696 30.7986 29.1595 27.899 23.0837
threshold=-0.24825246632099149 -0.49049438536167139 -0.89194178581237782 -3.270298838615417 2.5991147756576543 0.16248964518308642 0.20817289501428607 3.6769578456878667 0.067948222160339369 2.3587180376052861 10.912005424499513 0.57597327232360851 0.28542286157608038 -2.1442788839340206
decision_type=2 2 2 8 10 8 10 10 10 10 10 10 10 10
left_child=-1 2 -2 4 -3 13 -7 8 9 11 -9 -8 -13 -5
right_child=1 3 -4 5 -6 6 7 10 -10 -11 -12 12 -14 -15
leaf_value=0.00092745936393429855 -0.00086446991978802578 -0.00032029548979951313 -0.00457198388414406 -0.0011270656878170483 0.0064556932010521751 -0.0047613085713898422 -0.0032502239931521191 0.0038613093273554625 -0.0059389956603564421 0.0026537260355854655 0 -0.0026472112086881124 0.0012948024715426774 0.0038409904359336536
leaf_weight=4694.9699783138931 1208.574777841568 183.55125411599874 672.89844451099634 128.94900388270617 147.43452451564372 206.32656027376652 502.08566435053945 258.91371328569949 130.61635736748576 219.84907961450517 1047.4395052939653 278.95484121702611 497.74529661051929 256.2137553896755
leaf_count=55233 14746 2388 8412 1624 1971 2517 6473 3236 1514 2479 12901 3121 5489 3122
internal_value=0 -0.000765383 -0.00222499 -4.01087e-05 0.00265588 -0.000309749 -0.000620522 -0.000304138 -0.00120862 -0.000741448 0.000793562 -0.00136891 -8.13357e-05 0.00208505
internal_weight=0 5739.55 1881.47 3858.08 330.986 3527.09 3141.93 2935.6 1629.25 1498.63 1306.35 1278.79 776.7 385.163
internal_count=125226 69993 23158 46835 4359 42476 37730 35213 19076 17562 16137 15083 8610 4746
is_linear=0
shrinkage=0.0101079


Tree=43
num_leaves=15
num_cat=0
split_feature=28 2 3 0 7 20 0 3 28 28 28 20 30 3
split_gain=68.8164 43.6641 46.0537 32.4862 33.7212 28.614 25.2359 23.9007 19.9302 21.3561 19.4189 35.5203 19.5789 19.8565
threshold=-0.3317298144102096 0.52134123444557201 0.22622041404247287 0.53129699826240551 5.1113359928131112 -0.060681169852614396 0.68321305513381969 0.29262866079807287 0.33172981441020971 0.82531082630157482 0.86046862602233898 -2.6578199863433833 1.0000000180025095e-35 0.52405533194541942
decision_type=2 8 10 10 10 10 8 10 2 2 2 10 2 10
left_child=6 2 5 4 -3 -2 -1 -8 -4 -10 -5 -12 13 -13
right_child=1 3 8 10 -6 -7 7 -9 9 -11 11 12 -14 -15
leaf_value=0.004968106759275245 -0.005715825545691988 -0.0045603362137348934 0 -0.0010550399566584944 4.6153119469578107e-05 0.00081872182165091843 -0.0013803991486690192 0.0010695026938190748 0.0065924045508293869 0.0017024596395450256 0.0050187620571878529 0.00022070747756936524 0.0012936135014119893 -0.0041906051608794131
leaf_weight=151.90732361748815 116.32058803550899 480.94313719123602 194.56758426316082 3586.2348793298006 217.22968636080623 129.54237332753837 435.25592560693622 3800.653251953423 191.4554963093251 237.02768019028008 146.28082484379411 186.68221326172352 371.02613047137856 188.44247330725193
leaf_count=1280 1309 6210 2152 43717 2693 1423 4933 45307 2276 2944 1950 2126 4608 2206
internal_value=0 -0.000693744 0.00137456 -0.00105022 -0.00308469 -0.0021921 0.000967869 0.000806192 0.00285571 0.00405739 -0.000719339 0.000582186 -0.000275876 -0.00192887
internal_weight=0 6045.75 868.914 5176.84 698.173 245.863 4387.82 4235.91 623.051 428.483 4478.67 892.432 746.151 375.125
internal_count=125134 73614 10104 63510 8903 2732 51520 50240 7372 5220 54607 10890 8940 4332
is_linear=0
shrinkage=0.0101079


Tree=44
num_leaves=15
num_cat=0
split_feature=28 27 27 0 18 16 2 3 13 20 14 21 14 28
split_gain=62.1974 66.6509 46.3454 35.1243 26.1754 24.2877 24.2268 37.4581 21.7861 23.7947 21.1716 25.6845 29.7658 20.0685
threshold=-0.14132478833198545 -0.50938662886619557 -0.7866188883781432 0.65612006187438976 85.500000000000014 0.15865366160869601 0.52134123444557201 0.27624371647834783 -0.030866147018969056 1.4866327047348025 -17.105867385864254 -3.7531758546829219 -9.1531996726989728 0.93585023283958446
decision_type=2 2 2 10 2 8 8 10 10 10 10 10 10 2
left_child=4 2 10 5 -1 13 7 -5 9 -7 -2 -12 -13 -3
right_child=1 3 -4 6 -6 8 -8 -9 -10 -11 11 12 -14 -15
leaf_value=0.00048241616929478056 -0.004223530850997732 0.0051224509248397176 -0.0056728808962631678 -0.00046967251629148572 0.0024165254841764408 -0.0059124514227364457 0.00038618569182759878 0.005843520162104948 -0.00080868709303370963 0 0.0022980034852722662 -0.0047534931982582502 -0.00044011411281017474 -0.00052109930998764213
leaf_weight=4218.41472893022 234.67403230816126 103.3702618740499 349.78056002222002 143.88791274465621 880.80531933344901 198.75317411497235 1557.6415792554617 222.63284513354301 1198.4715714845806 114.56587035208941 201.61824145168066 221.37509158626199 671.05818436853588 124.07830808125436
leaf_count=49913 2798 1282 4248 1626 9967 2619 18685 2440 15078 1331 2691 2343 8640 1543
internal_value=0 -0.000731736 -0.00239504 2.27256e-05 0.000827544 -0.00100463 0.000972609 0.00329784 -0.00148407 -0.00386061 -0.00147439 -0.000822766 -0.00158631 0.00195453
internal_weight=0 5341.91 1678.51 3663.4 5099.22 1739.24 1924.16 366.521 1511.79 313.319 1328.73 1094.05 892.433 227.449
internal_count=125204 65324 20720 44604 59880 21853 22751 4066 19028 3950 16472 13674 10983 2825
is_linear=0
shrinkage=0.0101079


Tree=45
num_leaves=15
num_cat=0
split_feature=22 28 27 2 27 13 3 7 2 7 23 3 12 15
split_gain=62.6179 33.9805 35.6875 30.4392 28.362 25.4165 38.8389 26.9344 25.8447 24.7088 23.2315 25.7693 21.9042 18.4803
threshold=-0.8710973560810088 -0.35222910344600672 -0.49049438536167139 0.60248953104019176 -0.89194178581237782 -0.074669700115919099 0.20817289501428607 -21.395874023437496 0.52134123444557201 19.624420166015629 0.69480201601982128 0.29262866079807287 -0.082844555377960191 18.362400054931644
decision_type=10 2 2 8 2 10 10 10 8 10 10 10 10 10
left_child=3 10 4 -1 -3 7 -7 -4 -8 12 -2 -12 -10 -5
right_child=1 2 5 13 -6 6 8 -9 9 -11 11 -13 -14 -15
leaf_value=0.00064196654664407766 0.0048141109512040122 -0.000712155847478645 0 -0.003664149702878003 -0.0038730113856223236 -0.0044261075298890999 0.0023551934705737911 0.0059981841181909919 0.0028636878662504695 0.0033670076224455747 -0.0015446936909625467 0.0010600232463540893 -0.00074705386060000024 0.00062116635442465307
leaf_weight=264.39629654400051 149.48033330962062 1304.2031573392451 131.28426477313042 775.39381792396307 387.18571502156556 178.38595978356898 523.12015123292804 150.44944061897695 177.10814999975264 182.78111349605024 414.86394843831658 3705.4740328397602 1986.4628053512424 97.972116826102138
leaf_count=3416 1337 15758 1553 10404 4802 2142 5963 1622 2211 2029 4609 44034 23877 1297
internal_value=0 0.000280173 -0.000277222 -0.00222447 -0.00147371 0.000320423 3.50695e-05 0.00318514 0.000337489 -0.000101333 0.00094442 0.000785581 -0.000423801 -0.00313625
internal_weight=0 9290.8 5020.98 1137.76 1691.39 3329.59 3047.86 281.734 2869.47 2346.35 4269.82 4120.34 2163.57 873.366
internal_count=125054 109937 59957 15117 20560 39397 36222 3175 34080 28117 49980 48643 26088 11701
is_linear=0
shrinkage=0.0101079


end of trees

feature_importances:
Column_27=72
Column_2=54
Column_3=52
Column_28=48
Column_29=41
Column_13=36
Column_7=34
Column_30=32
Column_0=29
Column_15=28
Column_21=26
Column_16=25
Column_12=23
Column_11=21
Column_17=19
Column_20=19
Column_14=18
Column_22=16
Column_5=15
Column_23=12
Column_6=10
Column_18=8
Column_4=2
Column_8=2
Column_9=1
Column_32=1

parameters:
[boosting: gbdt]
[objective: binary]
[metric: auc]
[tree_learner: serial]
[device_type: cpu]
[data_sample_strategy: bagging]
[data: ]
[valid: ]
[num_iterations: 600]
[learning_rate: 0.0101079]
[num_leaves: 15]
[num_threads: 2]
[seed: 1337]
[deterministic: 0]
[force_col_wise: 0]
[force_row_wise: 0]
[histogram_pool_size: -1]
[max_depth: -1]
[min_data_in_leaf: 1280]
[min_sum_hessian_in_leaf: 0.001]
[bagging_fraction: 0.829452]
[pos_bagging_fraction: 1]
[neg_bagging_fraction: 1]
[bagging_freq: 1]
[bagging_seed: 1337]
[feature_fraction: 0.727545]
[feature_fraction_bynode: 1]
[feature_fraction_seed: 1337]
[extra_trees: 0]
[extra_seed: 18955]
[early_stopping_round: 0]
[early_stopping_min_delta: 0]
[first_metric_only: 0]
[max_delta_step: 0]
[lambda_l1: 4.00664]
[lambda_l2: 7.63247]
[linear_lambda: 0]
[min_gain_to_split: 0]
[drop_rate: 0.1]
[max_drop: 50]
[skip_drop: 0.5]
[xgboost_dart_mode: 0]
[uniform_drop: 0]
[drop_seed: 17763]
[top_rate: 0.2]
[other_rate: 0.1]
[min_data_per_group: 100]
[max_cat_threshold: 32]
[cat_l2: 10]
[cat_smooth: 10]
[max_cat_to_onehot: 4]
[top_k: 20]
[monotone_constraints: ]
[monotone_constraints_method: basic]
[monotone_penalty: 0]
[feature_contri: ]
[forcedsplits_filename: ]
[refit_decay_rate: 0.9]
[cegb_tradeoff: 1]
[cegb_penalty_split: 0]
[cegb_penalty_feature_lazy: ]
[cegb_penalty_feature_coupled: ]
[path_smooth: 0]
[interaction_constraints: ]
[verbosity: -1]
[saved_feature_importance_type: 0]
[use_quantized_grad: 0]
[num_grad_quant_bins: 4]
[quant_train_renew_leaf: 0]
[stochastic_rounding: 1]
[linear_tree: 0]
[max_bin: 255]
[max_bin_by_feature: ]
[min_data_in_bin: 3]
[bin_construct_sample_cnt: 200000]
[data_random_seed: 4404]
[is_enable_sparse: 1]
[enable_bundle: 1]
[use_missing: 1]
[zero_as_missing: 0]
[feature_pre_filter: 1]
[pre_partition: 0]
[two_round: 0]
[header: 0]
[label_column: ]
[weight_column: ]
[group_column: ]
[ignore_column: ]
[categorical_feature: ]
[forcedbins_filename: ]
[precise_float_parser: 0]
[parser_config_file: ]
[objective_seed: 4113]
[num_class: 1]
[is_unbalance: 0]
[scale_pos_weight: 1]
[sigmoid: 1]
[boost_from_average: 1]
[reg_sqrt: 0]
[alpha: 0.9]
[fair_c: 1]
[poisson_max_delta_step: 0.7]
[tweedie_variance_power: 1.5]
[lambdarank_truncation_level: 30]
[lambdarank_norm: 1]
[label_gain: ]
[lambdarank_position_bias_regularization: 0]
[eval_at: ]
[multi_error_top_k: 1]
[auc_mu_weights: ]
[num_machines: 1]
[local_listen_port: 12400]
[time_out: 120]
[machine_list_filename: ]
[machines: ]
[gpu_platform_id: -1]
[gpu_device_id: -1]
[gpu_use_dp: 0]
[num_gpu: 1]

end of parameters

pandas_categorical:null
