tree
version=v4
num_class=1
num_tree_per_iteration=1
label_index=0
max_feature_idx=33
objective=binary sigmoid:1
feature_names=Column_0 Column_1 Column_2 Column_3 Column_4 Column_5 Column_6 Column_7 Column_8 Column_9 Column_10 Column_11 Column_12 Column_13 Column_14 Column_15 Column_16 Column_17 Column_18 Column_19 Column_20 Column_21 Column_22 Column_23 Column_24 Column_25 Column_26 Column_27 Column_28 Column_29 Column_30 Column_31 Column_32 Column_33
feature_infos=[0.22403052449226379:4.806818962097168] [0.027025075629353523:26.170040130615234] [0.17134076356887817:8.6723108291625977] [0.087584272027015686:1] [-28.67047119140625:41.262332916259766] [-36.190670013427734:42.326030731201172] [-36.841156005859375:62.500308990478516] [-45.158794403076172:63.120437622070312] [-22.455821990966797:30.680826187133789] [0:0.95389312505722046] [0:0.64536702632904053] [0:0.40022626519203186] [-0.51016271114349365:0.5480339527130127] [-0.15783818066120148:0.22172828018665314] [-46.22015380859375:17.161741256713867] [-8.3726015090942383:64.2962646484375] [0:1] [0:95] [0:95] [-1:1] [-29.775985717773438:44.984848022460938] [-30.712318420410156:55.0223388671875] [-2.5033562183380127:15.253066062927246] [0.17266726493835449:4.0791497230529785] [-1:1] [0:1] [0:1] [-1:1] [-1:1] [-0.78183150291442871:0.97492790222167969] [-0.90096884965896606:1] [0:1] [0:1] none
tree_sizes=1734 1803 1760 1782 1782

Tree=0
num_leaves=15
num_cat=0
split_feature=28 27 29 27 5 13 3 7 12 29 7 15 29 27
split_gain=150.308 96.9879 70.2946 56.7691 34.2502 33.0239 62.9933 25.2717 27.6153 32.5211 24.1669 23.242 35.8231 50.7727
threshold=-0.24825246632099149 -1.0000000180025095e-35 -0.60785761475563038 -0.88186877965927113 -4.5686748027801505 -0.074669700115919099 0.20817289501428607 19.624420166015629 0.050030466169118888 1.0000000180025095e-35 -21.395874023437496 6.1509842872619638 1.0000000180025095e-35 0.39271505177021032
decision_type=2 2 2 2 8 8 10 10 10 2 10 10 2 2
left_child=-1 2 -2 -4 -5 10 -7 8 11 -10 -3 -8 13 -13
right_child=1 5 3 4 -6 6 7 -9 9 -11 -12 12 -14 -15
leaf_value=-1.031023057930043 -1.0280725249662941 -1.0324305539532797 -1.0337341592466704 -1.0317369946911934 -1.037359310081049 -1.0378977733204637 -1.0330816176341309 -1.0282429242403088 -1.037602144359876 -1.0324305539532797 -1.0258474550596424 -1.0342722151784363 -1.0324305539532797 -1.0268540552988492
leaf_weight=4602.269646640867 135.08319135755301 118.8115679435432 1276.938761420548 106.95573301240802 1129.24240408279 204.08684682101011 904.50886407122016 149.33181560784578 199.96344589814544 318.37911259755492 127.22057464532554 114.35694301873446 712.15955076180398 346.52687402255833
leaf_count=55115 1696 1426 15302 1345 13445 2369 11126 1723 2144 3619 1425 1356 8706 4387
internal_value=-1.03243 -1.03346 -1.03489 -1.03529 -1.03684 -1.03229 -1.03258 -1.03218 -1.03243 -1.03449 -1.02878 -1.0319 -1.03095 -1.02878
internal_weight=0 5843.57 2648.22 2513.14 1236.2 3195.35 2949.31 2745.23 2595.89 518.343 246.032 2077.55 1173.04 460.884
internal_count=125184 70069 31788 30092 14790 38281 35430 33061 31338 5763 2851 25575 14449 5743
is_linear=0
shrinkage=1


Tree=1
num_leaves=15
num_cat=0
split_feature=28 27 29 30 6 13 27 15 2 3 21 17 5 7
split_gain=142.981 94.7676 77.8009 50.7294 63.7389 60.5594 50.5613 39.5225 93.4457 46.3656 34.5263 32.947 37.4952 30.7066
threshold=-0.2693240344524383 0.076279435306787505 -0.60785761475563038 0.81174489855766307 2.9579768180847172 0.0027094144606962804 -0.90159028768539418 12.472054481506349 0.51576262712478649 0.21147869527339938 0.42396885156631475 12.500000000000002 -4.9601135253906241 10.724523544311525
decision_type=2 2 2 2 8 10 2 10 10 10 10 2 8 10
left_child=-1 2 -2 7 5 -5 -4 8 -3 -9 -10 -8 -13 -11
right_child=1 3 6 4 -6 -7 11 9 10 13 -12 12 -14 -15
leaf_value=0.0013501462216657034 0.0048421520491265515 0.0045058467392752079 -0.0011891193517342682 0.001680729575995014 -0.0019703042801327642 0.0098355324775207878 0.0007270777938186597 -0.0072747727012247481 -0.0020272942607046174 -0.0033394359947684672 0.0016224414974222517 0.0008506234288438143 -0.0049939576605358459 0.00093287986416793725
leaf_weight=4526.5604306738824 134.50794861838222 422.38010217063129 1229.7698087450117 256.68949019163847 181.05581045895815 157.91540754400194 119.48165718652308 148.68464640341699 889.09444416873157 307.53144259564579 357.57920823432505 108.25330719724298 1235.4601202718914 350.82522624917328
leaf_count=54249 1677 5038 14740 3032 2169 2007 1576 1733 10865 3722 3956 1384 14581 4327
internal_value=0 -0.00103624 -0.00236997 0.000181096 0.00281908 0.0050043 -0.00275786 -0.000443917 0.000424752 -0.00227728 -0.000944663 -0.00403579 -0.00449099 -0.00101739
internal_weight=0 5899.23 2827.47 3071.76 595.661 414.605 2692.96 2476.1 1669.05 807.041 1246.67 1463.2 1343.71 658.357
internal_count=125056 70807 33958 36849 7208 5039 32281 29641 19859 9782 14821 17541 15965 8049
is_linear=0
shrinkage=0.0101079


Tree=2
num_leaves=15
num_cat=0
split_feature=28 27 29 30 27 6 16 3 2 11 21 14 5 17
split_gain=131.132 99.7711 69.5995 64.0734 55.8202 50.7106 40.2245 33.9526 64.2561 39.1247 32.745 29.6574 27.7848 26.3158
threshold=-0.22706275433301923 -1.0000000180025095e-35 -0.60785761475563038 0.81174489855766307 -0.88186877965927113 2.880749106407166 0.44079835712909704 0.21147869527339938 0.52134123444557201 0.049300871789455421 2.9039891958236699 -7.604315757751464 -4.5686748027801505 16.500000000000004
decision_type=2 2 2 2 2 8 10 10 8 10 10 10 8 2
left_child=-1 2 -2 7 -4 6 -5 10 11 -10 -3 -9 -6 -14
right_child=1 3 4 5 12 -7 -8 8 9 -11 -12 -13 13 -15
leaf_value=0.0012180707177214111 0.0042676385767109366 0 -0.0013301816290081645 0.0024704593959853352 0.00011507106835865684 -0.0010398775617344899 0.0093867906502035602 0.0054119378211327923 -0.0026291387926695073 0.00032694393210568713 -0.0074144288768159703 0.00031909580890746383 0 -0.0054132592948054527
leaf_weight=4695.7188766486943 134.85152943432331 126.23248687759042 1228.6149166747928 278.84735156409442 107.27402610704303 192.19832150638103 141.64073065109551 252.5848856754601 844.1691663172096 939.95343448035419 129.76724876463413 246.72178664058447 112.79754820279777 1020.1067317891866
leaf_count=56171 1673 1373 14781 3245 1356 2262 1868 3094 9906 11635 1518 2864 1533 11998
internal_value=0 -0.00105616 -0.00251819 0.000141825 -0.00291721 0.00306477 0.00502062 -0.000554562 -0.000139131 -0.00105438 -0.00399513 0.003018 -0.00443923 -0.00490387
internal_weight=0 5755.76 2603.64 3152.12 2468.79 612.686 420.488 2539.43 2283.43 1784.12 256 499.307 1240.18 1132.9
internal_count=125277 69106 31341 37765 29668 7375 5113 30390 27499 21541 2891 5958 14887 13531
is_linear=0
shrinkage=0.0101079


Tree=3
num_leaves=15
num_cat=0
split_feature=28 27 30 12 7 15 2 27 27 12 20 7 30 7
split_gain=137.264 89.9172 56.311 50.1834 66.6185 42.59 85.993 35.8356 50.4004 53.33 28.4926 26.7052 23.6191 17.8329
threshold=-0.2693240344524383 0.032717135734856136 0.81174489855766307 0.033547900617122657 -0.73991817235946644 12.374284744262697 0.51576262712478649 -0.89194178581237782 -0.50938662886619557 -0.0098081361502408964 3.5133588314056401 3.4152274131774907 1.0000000180025095e-35 -8.4741864204406721
decision_type=2 2 2 8 10 10 10 2 2 8 10 10 2 10
left_child=-1 7 5 4 -4 6 -3 -2 -9 -10 -7 13 -11 -8
right_child=1 2 3 -5 -6 10 11 8 9 12 -12 -13 -14 -15
leaf_value=0.0013474665461713821 -0.0010198106906148335 0.0043002463775038005 0.0010554447758232286 -0.0012196188143850748 0.0092876536478302008 -0.0033537813410478177 0 -0.0053681165501146032 0.0011714541997605717 -0.0067068001239746679 0.00096678507313855615 0.0022501394819007736 -0.0015070972631475946 -0.0026260175799312988
leaf_weight=4527.846070414409 1265.5045869518071 428.07797123119235 242.04738886468112 191.03219177387655 184.53542241454124 652.53765685483813 441.94193934835494 705.4107658509165 367.97082811407745 184.77222204953432 183.05447563156486 214.30817460455 225.65685186721385 634.9948074799031
leaf_count=54191 15189 5092 2890 2331 2236 7984 5459 8290 4529 2286 2120 2651 2837 7198
internal_value=0 -0.000988458 0.000159591 0.00288848 0.00481054 -0.000490915 0.000399965 -0.00232469 -0.00339953 -0.00152921 -0.00235906 -0.000879561 -0.00402455 -0.00155116
internal_weight=0 5921.85 3172.53 617.615 426.583 2554.92 1719.32 2749.32 1483.81 778.4 835.592 1291.24 410.429 1076.94
internal_count=125283 71092 37961 7457 5126 30504 20400 33131 17942 9652 10104 15308 5123 12657
is_linear=0
shrinkage=0.0101079


Tree=4
num_leaves=15
num_cat=0
split_feature=28 27 29 27 30 6 13 2 21 3 29 5 16 5
split_gain=135.581 92.3889 76.5105 61.4413 52.1818 49.4655 46.1307 36.4579 80.7588 55.4851 46.2214 29.0692 31.3371 25.3733
threshold=-0.24825246632099149 -0.076279435306787477 -0.60785761475563038 -0.88186877965927113 0.81174489855766307 2.484503030776978 0.0027094144606962804 0.52134123444557201 -0.56222900748252858 0.21147869527339938 0.87837970256805431 0.99525853991508495 0.16248964518308642 -4.3948411941528311
decision_type=2 2 2 2 2 8 10 8 10 10 2 10 8 8
left_child=-1 2 -2 -4 7 6 -6 8 10 -10 -3 12 -9 -5
right_child=1 4 3 13 5 -7 -8 11 9 -11 -12 -13 -14 -15
leaf_value=0.0013139712364514582 0.0054209591219090405 0.0017762393728219977 -0.0012677356939220072 0 0.001748213378388822 -0.0011622841482893734 0.0087486474258379378 0.00050390132606662516 -0.0070293337223168838 0.00090783597846244904 0.010424496480257478 5.305499649145196e-05 -0.0033718376474608036 -0.0050475126191321228
leaf_weight=4617.9276739470661 109.92875270731747 171.01760389469564 1276.6174540631473 108.96190766617656 270.75994711183012 212.63714278675616 165.69122543558478 264.7528989315033 117.48874145932496 293.99441125802696 112.85465918667614 907.7421209923923 792.29919312149286 1030.3304079212248
leaf_count=55181 1378 2060 15283 1374 3195 2543 2073 3525 1204 3446 1354 10353 9933 12369
internal_value=0 -0.00100226 -0.00245559 -0.00284664 9.79085e-05 0.00266022 0.00460169 -0.000517948 0.00143409 -0.00134854 0.00553624 -0.0012322 -0.00236642 -0.00456034
internal_weight=0 5835.08 2525.84 2415.91 3309.24 649.088 436.451 2660.15 695.355 411.483 283.872 1964.79 1057.05 1139.29
internal_count=125271 70090 30404 29026 39686 7811 5268 31875 8064 4650 3414 23811 13458 13743
is_linear=0
shrinkage=0.0101079


end of trees

feature_importances:
Column_27=12
Column_29=7
Column_7=6
Column_5=5
Column_28=5
Column_30=5
Column_2=4
Column_3=4
Column_6=3
Column_12=3
Column_13=3
Column_15=3
Column_21=3
Column_16=2
Column_17=2
Column_11=1
Column_14=1
Column_20=1

parameters:
[boosting: gbdt]
[objective: binary]
[metric: auc]
[tree_learner: serial]
[device_type: cpu]
[data_sample_strategy: bagging]
[data: ]
[valid: ]
[num_iterations: 600]
[learning_rate: 0.0101079]
[num_leaves: 15]
[num_threads: 2]
[seed: 2024]
[deterministic: 0]
[force_col_wise: 0]
[force_row_wise: 0]
[histogram_pool_size: -1]
[max_depth: -1]
[min_data_in_leaf: 1280]
[min_sum_hessian_in_leaf: 0.001]
[bagging_fraction: 0.829452]
[pos_bagging_fraction: 1]
[neg_bagging_fraction: 1]
[bagging_freq: 1]
[bagging_seed: 2024]
[feature_fraction: 0.727545]
[feature_fraction_bynode: 1]
[feature_fraction_seed: 2024]
[extra_trees: 0]
[extra_seed: 29642]
[early_stopping_round: 0]
[early_stopping_min_delta: 0]
[first_metric_only: 0]
[max_delta_step: 0]
[lambda_l1: 4.00664]
[lambda_l2: 7.63247]
[linear_lambda: 0]
[min_gain_to_split: 0]
[drop_rate: 0.1]
[max_drop: 50]
[skip_drop: 0.5]
[xgboost_dart_mode: 0]
[uniform_drop: 0]
[drop_seed: 2449]
[top_rate: 0.2]
[other_rate: 0.1]
[min_data_per_group: 100]
[max_cat_threshold: 32]
[cat_l2: 10]
[cat_smooth: 10]
[max_cat_to_onehot: 4]
[top_k: 20]
[monotone_constraints: ]
[monotone_constraints_method: basic]
[monotone_penalty: 0]
[feature_contri: ]
[forcedsplits_filename: ]
[refit_decay_rate: 0.9]
[cegb_tradeoff: 1]
[cegb_penalty_split: 0]
[cegb_penalty_feature_lazy: ]
[cegb_penalty_feature_coupled: ]
[path_smooth: 0]
[interaction_constraints: ]
[verbosity: -1]
[saved_feature_importance_type: 0]
[use_quantized_grad: 0]
[num_grad_quant_bins: 4]
[quant_train_renew_leaf: 0]
[stochastic_rounding: 1]
[linear_tree: 0]
[max_bin: 255]
[max_bin_by_feature: ]
[min_data_in_bin: 3]
[bin_construct_sample_cnt: 200000]
[data_random_seed: 6648]
[is_enable_sparse: 1]
[enable_bundle: 1]
[use_missing: 1]
[zero_as_missing: 0]
[feature_pre_filter: 1]
[pre_partition: 0]
[two_round: 0]
[header: 0]
[label_column: ]
[weight_column: ]
[group_column: ]
[ignore_column: ]
[categorical_feature: ]
[forcedbins_filename: ]
[precise_float_parser: 0]
[parser_config_file: ]
[objective_seed: 12337]
[num_class: 1]
[is_unbalance: 0]
[scale_pos_weight: 1]
[sigmoid: 1]
[boost_from_average: 1]
[reg_sqrt: 0]
[alpha: 0.9]
[fair_c: 1]
[poisson_max_delta_step: 0.7]
[tweedie_variance_power: 1.5]
[lambdarank_truncation_level: 30]
[lambdarank_norm: 1]
[label_gain: ]
[lambdarank_position_bias_regularization: 0]
[eval_at: ]
[multi_error_top_k: 1]
[auc_mu_weights: ]
[num_machines: 1]
[local_listen_port: 12400]
[time_out: 120]
[machine_list_filename: ]
[machines: ]
[gpu_platform_id: -1]
[gpu_device_id: -1]
[gpu_use_dp: 0]
[num_gpu: 1]

end of parameters

pandas_categorical:null
