tree
version=v4
num_class=1
num_tree_per_iteration=1
label_index=0
max_feature_idx=33
objective=binary sigmoid:1
feature_names=Column_0 Column_1 Column_2 Column_3 Column_4 Column_5 Column_6 Column_7 Column_8 Column_9 Column_10 Column_11 Column_12 Column_13 Column_14 Column_15 Column_16 Column_17 Column_18 Column_19 Column_20 Column_21 Column_22 Column_23 Column_24 Column_25 Column_26 Column_27 Column_28 Column_29 Column_30 Column_31 Column_32 Column_33
feature_infos=[0.22403052449226379:4.806818962097168] [0.027025075629353523:26.170040130615234] [0.17134076356887817:8.6935958862304688] [0.087584272027015686:1] [-28.67047119140625:41.262332916259766] [-36.190670013427734:42.326030731201172] [-36.841156005859375:62.500308990478516] [-41.300331115722656:63.120437622070312] [-22.455821990966797:30.680826187133789] [0:0.95389312505722046] [0:0.64536702632904053] [0:0.40022626519203186] [-0.51016271114349365:0.51874518394470215] [-0.15357083082199097:0.22172828018665314] [-45.028751373291016:17.161741256713867] [-6.6708002090454102:64.2962646484375] [0:1] [0:95] [0:95] [-1:1] [-29.775985717773438:44.984848022460938] [-30.525325775146484:55.0223388671875] [-2.8409864902496338:15.253066062927246] [0.049656935036182404:5.4310722351074219] [-1:1] [0:1] [0:0.99820786714553833] [-1:1] [-1:1] [-0.78183150291442871:0.97492790222167969] [-0.90096884965896606:1] [0:1] [0:1] [0.8888888955116272:4.5999999046325684]
tree_sizes=8603 8747

Tree=0
num_leaves=79
num_cat=0
split_feature=29 13 7 22 18 29 16 22 29 16 15 15 18 13 20 9 13 13 13 13 15 16 6 4 15 15 8 13 13 18 16 13 8 5 13 22 13 29 33 8 6 9 29 18 13 13 17 7 17 11 22 7 9 6 15 15 11 5 17 16 11 29 16 7 5 16 15 20 22 29 5 20 18 20 29 29 29 5
split_gain=55.132 46.779 70.3481 55.7393 33.8077 39.268 27.7328 20.7522 20.0685 19.3972 27.6541 23.6308 18.0538 19.1066 15.9764 15.2085 19.5183 18.0376 26.3402 22.0165 34.904 21.3801 19.3708 18.6016 14.8299 15.6245 14.6828 14.2381 16.4441 14.1392 15.9853 13.991 13.9159 13.7754 17.63 13.3554 13.2695 13.8555 13.218 12.9528 12.9104 12.6265 12.3809 12.2335 20.6634 13.8438 12.0923 12.0129 16.8818 11.8814 11.8733 12.2401 11.8639 11.8026 17.7586 11.7978 11.3306 11.2601 10.801 10.681 18.1695 15.3573 15.6152 14.6024 10.5393 10.4374 10.6545 10.2466 10.5202 17.7139 10.2347 10.1121 9.9391 9.64592 9.50669 32.2803 11.5967 10.8584
threshold=-0.60785761475563038 -0.025763431563973423 1.4183980822563174 -0.81112250685691822 59.500000000000007 1.0000000180025095e-35 0.58153787255287182 -0.28654265403747553 1.0000000180025095e-35 0.83781209588050853 11.630152702331545 13.6784725189209 56.500000000000007 -0.0064344636630266896 2.009684801101685 0.38538201153278356 0.0407948736101389 0.060149064287543304 0.050272462889552123 0.074507795274257674 24.697244644165043 0.87993800640106212 6.1310200691223153 1.5939457416534426 6.4351632595062265 9.439488887786867 -1.3751570582389829 -0.047646645456552499 -0.06776555627584456 22.500000000000004 0.67171797156333934 0.064538676291704192 2.3256961107254033 0.53463256359100353 0.050272462889552123 -0.073107268661260591 0.038839196786284454 -1.0000000180025095e-35 0.99736112356185924 -0.15005134791135785 1.9755923151969912 0.23170811682939532 1.0000000180025095e-35 80.500000000000014 0.01581455767154694 -0.0034612116869539018 32.500000000000007 -2.7315329313278194 48.500000000000007 0.11349148303270341 -0.60908290743827809 8.4965205192565936 0.091000951826572432 2.0346065759658818 3.4024989604949956 14.904253959655763 0.016808504238724712 -2.6704913377761836 44.500000000000007 0.68266823887825023 0.035801747813820846 -1.0000000180025095e-35 0.3800989836454392 5.7597429752349862 -2.8579488992691036 0.10436765849590303 8.5870523452758807 -0.60161849856376637 -0.38297888636589045 0.87837970256805431 -1.524462044239044 0.2168945446610451 49.500000000000007 -1.3924014568328855 0.6078576147556306 1.0000000180025095e-35 -1.0000000180025095e-35 2.2891150712966923
decision_type=2 2 2 2 2 2 2 2 2 2 2 2 2 2 2 2 2 2 2 2 2 2 2 2 2 2 2 2 2 2 2 2 2 2 2 2 2 2 10 2 2 2 2 2 2 2 2 2 2 2 2 2 2 2 2 2 2 2 2 2 2 2 2 2 2 2 2 2 2 2 2 2 2 2 2 2 2 2
left_child=-1 3 6 4 27 -6 8 53 38 10 43 50 -8 41 24 17 42 18 26 23 39 -22 -23 31 67 58 52 28 -2 49 33 -19 -28 34 -31 -24 37 -32 -3 -21 -35 -14 -17 56 45 -45 -47 -15 -49 55 -11 -52 -13 54 73 -12 -4 -56 -26 61 -61 -58 -63 70 -57 -40 -67 68 69 -10 -64 -65 -62 -5 75 76 -55 -76
right_child=1 2 9 7 5 -7 12 -9 14 11 29 15 13 47 -16 16 -18 19 -20 20 21 22 35 -25 25 -27 32 -29 -30 30 36 -33 -34 40 -36 -37 -38 -39 65 -41 -42 -43 -44 44 -46 46 -48 48 -50 -51 51 -53 -54 74 57 64 59 -59 -60 60 72 62 63 71 -66 66 -68 -69 -70 -71 -72 -73 -74 -75 77 -77 -78 -79
leaf_value=-0.93003155999210008 -0.90433797536866989 -0.90233123132557003 -0.90762269652938876 -0.90721831844039968 -0.84370039440362898 -0.88557738206371661 -0.92719753493883961 -0.90443168362242221 -0.90312600568014811 -0.86879380174482468 -0.91831349836396581 -0.90317313797852961 -0.93172607588521983 -0.91938563180671695 -0.87849083318234544 -0.88633541391300907 -0.91841392065989547 -0.89616993357238239 -0.91509409450163681 -0.93144232825041373 -0.86370559436741767 -0.91193495563954063 -0.87702748571088784 -0.90204979182968148 -0.90530876924702619 -0.89061560156872099 -0.90444130160026326 -0.91027012921739781 -0.86787888496532095 -0.91846325670872597 -0.89416789410283759 -0.86756671109709516 -0.88420338161994827 -0.8611715258593946 -0.88352778919940766 -0.90312600568014811 -0.90318800008048472 -0.9169320467754617 -0.89955606002574529 -0.90312600568014811 -0.90009379086692021 -0.90608194922907703 -0.90777897855675527 -0.91737655060622225 -0.91827956466019012 -0.87711040064112455 -0.90349515715650408 -0.90696658015747134 -0.87874735618401534 -0.93169722384355946 -0.88390843084047499 -0.90846430398678679 -0.87673335392679042 -0.89643515287662212 -0.86961593935400272 -0.88180960657003982 -0.90710695895813509 -0.89053582487325689 -0.92450214886095905 -0.91940100618602083 -0.9055597568883762 -0.90673002494168198 -0.89253432914642117 -0.88989340405077111 -0.91009485370646082 -0.92035334451345552 -0.90166454587783385 -0.91284240956601326 -0.90298859404264697 -0.8745623871450986 -0.87302270889228728 -0.90850411251202245 -0.88065072786580745 -0.8848930636410598 -0.89997090191935802 -0.87218870778973001 -0.92672188670610522 -0.92754874548769484
leaf_weight=152.24626157991588 44.142400216311216 174.41080575436354 176.99161041527987 188.40203497745097 75.899064620956779 134.5424121376127 276.94357070326805 1148.7143826838583 105.15470866672695 67.093698592856526 176.5172209776938 46.991353699937463 119.98293847031891 72.814097959548235 44.789685072377324 92.773978594690561 186.68860717490315 55.974088009446859 237.56546187028289 67.948527416214347 47.667871814221144 96.202559936791658 101.49813738465309 78.126050032675266 103.87374163977802 47.89784062281251 443.46281904168427 81.146935088559985 48.894063198938966 66.615911779925227 58.790786238387227 140.43439092487097 78.661475716158748 36.766439106315374 47.508111994713545 59.934610452502966 560.65794728323817 386.48642288893461 63.982212919741869 63.088706178590655 37.343334386125207 66.514423565939069 122.49663178622723 42.699011506512761 167.07535511814058 73.4712745975703 60.020399527624249 133.71732601523399 59.138612926006317 76.571900818496943 120.1848766785115 57.098524620756507 101.76933107897639 42.584248162806034 65.013893919065595 39.305026354268193 126.33577586710453 400.39831418171525 169.84321624785662 90.912177164107561 59.715255388990045 95.080076389014721 103.50626196153462 217.7557423170656 66.364146864041686 507.13494681566954 65.821251325309277 141.69759739004076 538.95723968185484 78.067647127434611 174.61091788299382 75.969772318378091 60.908344382420182 46.27961989864707 52.874019986018538 62.969854272902012 52.217422703281045 53.982357181608677
leaf_count=1863 612 4727 2226 2641 838 1587 3321 14431 1416 607 2214 538 1458 880 655 1000 2094 613 2607 746 589 1352 1125 797 1339 562 5291 950 547 1005 852 1496 947 503 697 576 7221 4770 565 702 723 775 1527 604 1888 887 844 1655 724 828 1305 600 1194 583 743 490 1487 4760 2028 986 612 1182 1202 2678 998 4062 593 1791 6617 962 2121 1015 590 729 584 780 664 577
internal_value=-0.903126 -0.902835 -0.904505 -0.897396 -0.881552 -0.869402 -0.910382 -0.900339 -0.907613 -0.901464 -0.903801 -0.898273 -0.918001 -0.912097 -0.903901 -0.899936 -0.907754 -0.897958 -0.902273 -0.89255 -0.899107 -0.890634 -0.89634 -0.882514 -0.904984 -0.913268 -0.897615 -0.896942 -0.885003 -0.908079 -0.90563 -0.875167 -0.901362 -0.893688 -0.903333 -0.886764 -0.907942 -0.913764 -0.91315 -0.918269 -0.878977 -0.923095 -0.898619 -0.899475 -0.906912 -0.896305 -0.888987 -0.904009 -0.898235 -0.915975 -0.884993 -0.892028 -0.885182 -0.89543 -0.892351 -0.911192 -0.897269 -0.887243 -0.917533 -0.895386 -0.904242 -0.892969 -0.89021 -0.887373 -0.899616 -0.916174 -0.918127 -0.901922 -0.89967 -0.890384 -0.879853 -0.894878 -0.893049 -0.902783 -0.903434 -0.896588 -0.91291 -0.913849
internal_weight=0 10612.4 8114.38 2498.06 384.625 210.441 2770.74 2113.44 2041.63 5343.64 3077.98 2265.66 729.111 452.167 1230.28 2021.28 401.959 1619.33 908.45 710.875 436.34 305.303 257.635 274.535 1185.49 321.615 670.885 174.183 93.0365 1552.93 1194.17 196.408 522.124 188.234 114.124 161.433 1005.94 445.277 811.349 131.037 74.1098 186.497 215.271 1525.05 343.266 176.191 133.492 265.67 192.856 358.758 244.377 177.283 148.761 964.722 700.094 282.186 1181.79 465.412 273.717 1004.79 211.536 793.259 666.923 571.843 105.669 636.938 572.956 863.877 722.18 183.222 278.117 293.726 120.624 234.682 264.628 157.772 94.8017 106.856
internal_count=131348 129485 98459 31026 4534 2425 34130 26492 25317 64329 38623 25706 8813 5492 15370 23194 4621 18573 10577 7996 5090 3642 3053 2906 14715 3929 7970 2109 1159 20301 15771 2109 6238 2928 1702 1701 12843 5622 9947 1448 1226 2233 2527 18322 4223 2335 1731 3259 2379 4530 2512 1905 1732 12061 8873 3702 14099 5503 3367 11873 2188 9685 8198 7016 1488 5220 4655 10786 8995 2378 3323 3693 1202 3370 3188 2027 1247 1161
is_linear=0
shrinkage=1


Tree=1
num_leaves=79
num_cat=0
split_feature=22 16 7 18 16 16 17 12 20 28 7 10 16 20 17 21 6 4 18 21 10 28 21 17 28 21 33 22 16 8 16 7 28 10 8 22 12 12 12 2 4 10 21 28 20 16 28 7 22 7 21 6 28 12 17 22 21 7 12 20 6 21 7 28 28 21 7 16 6 2 20 4 2 21 33 22 7 20
split_gain=33.7312 29.0323 22.8518 31.0098 22.9895 22.4497 19.5599 16.0813 23.0532 15.8726 22.038 27.7813 17.1133 16.637 15.8251 17.7216 15.6229 14.4177 13.6485 22.8992 16.457 18.0946 12.6021 21.1571 17.6034 15.1031 14.6489 12.4237 12.0193 11.906 11.8313 13.0913 11.4851 11.3798 10.9655 10.9617 10.9301 10.6848 19.8883 36.6538 12.1112 11.8337 13.7784 15.1682 29.786 10.829 10.4513 12.6828 12.0234 11.6913 13.9636 11.2833 13.0487 10.237 10.2286 10.0331 9.94594 9.88257 9.67883 9.65975 9.37825 10.8854 12.5567 10.0971 9.69451 9.28651 9.18673 8.97085 11.7096 9.91621 8.92443 8.90279 9.31703 9.14932 8.78795 8.51001 11.4018 8.50843
threshold=-0.95941346883773793 0.81024748086929332 -3.3269642591476436 58.500000000000007 0.34628184139728552 0.67536354064941417 44.500000000000007 0.004426192957907916 1.1389002799987795 0.22706275433301928 2.6696240901947026 0.092159990221261992 0.34221552312374121 -1.2409493923187254 59.500000000000007 5.2229673862457284 -2.053557157516479 -1.7654936909675596 13.500000000000002 -1.0879371166229246 0.13610958307981494 0.8491516411304475 -3.0414083003997798 40.500000000000007 0.97854062914848339 -4.9505670070648184 0.99736112356185924 0.38912644982337957 0.87376391887664806 -1.2752727866172788 0.32507745921611791 2.5373247861862187 0.56457334756851207 0.24959900975227359 -1.4011941552162168 -0.31473937630653376 -0.039551122114062302 0.060674035921692855 0.14164188504219058 2.2160948514938359 0.53323131799697887 0.18066333234310153 11.801658630371096 -0.09801131114363669 1.013956665992737 0.87701725959777843 -0.86046862602233876 18.651693344116214 -0.25847883522510523 0.24705136567354205 3.2515419721603398 0.61255875229835521 0.8491516411304475 0.026283021084964279 17.500000000000004 -0.38297888636589045 2.1785790920257573 20.547912597656254 -0.0024903346784412857 -0.60161849856376637 11.835202693939211 9.5362715721130389 5.4928631782531747 -0.83743050694465626 -0.49049438536167139 9.7079086303710955 5.9049651622772226 0.59400734305381786 6.5551855564117441 0.57524120807647716 2.6821490526199345 2.1343982219696049 1.2932813763618471 11.801658630371096 1.0013927817344668 -1.1753174066543577 6.8673329353332528 -3.6117289066314693
decision_type=2 2 2 2 2 2 2 2 2 2 2 2 2 2 2 2 2 2 2 2 2 2 2 2 2 2 10 2 2 2 2 2 2 2 2 2 2 2 2 2 2 2 2 2 2 2 2 2 2 2 2 2 2 2 2 2 2 2 2 2 2 2 2 2 2 2 2 2 2 2 2 2 2 2 8 2 2 2
left_child=2 5 3 59 -4 7 37 8 9 10 12 27 16 55 -8 -16 33 66 -11 20 21 32 25 24 30 -9 -25 -12 75 -27 -24 67 -20 -2 -35 -18 -21 41 60 -40 -41 42 43 45 -45 70 48 49 -19 -48 56 -52 -53 -46 -47 -14 58 -42 -51 -1 61 62 64 -63 -39 -30 -7 68 69 -32 -3 72 -65 -74 -17 76 -6 -22
right_child=1 6 4 -5 28 17 14 22 -10 18 11 -13 13 -15 15 74 35 46 19 36 77 -23 23 26 -26 29 -28 -29 65 -31 31 -33 -34 34 -36 -37 -38 38 39 40 57 -43 -44 44 53 54 47 -49 -50 50 51 52 -54 -55 -56 -57 -58 -59 -60 -61 -62 63 -64 71 -66 -67 -68 -69 -70 -71 -72 -73 73 -75 -76 -77 -78 -79
leaf_value=0.012849234671845631 -0.0048927780252171066 0.017314939071328309 -0.025050010308845697 0.03362460543241879 0.0036206002333912524 -0.011898717278066115 0.024116307328277495 -0.0064255189113913945 0.013487827152586241 -0.0017266989460894976 0.01995541300194148 -0.0073125715138126976 0.013840389739778414 -0.019154119754394475 0.02105826225375404 -0.010823424382992816 0.023694272255786252 -0.030826214684823567 0.017271038357719089 0.0088195599683147906 0.013491141605569143 0.0052969951724595368 0.01364805264995802 0.00018604814337340266 -0.027444880350143641 -0.0013833344326541592 -0.021401132881681616 -0.0004696745262654274 0.026871229928688123 0.022020927388721127 0.0079562395645345427 0.0056572612121153949 0.040818946669103871 -0.0088051823544573003 0.017101344572770693 0.00010356367834784727 -0.012554662247907078 0.020814001882262841 0.029358400976555975 0.0091055647730379358 -0.02274657999578927 0.022036594401016282 -0.018337720541822932 -0.010589183239828524 0.0081969237473367741 -0.00052012006361321843 -0.01605672367157196 -0.029391475498533708 -0.0084291372978740568 0.0073534333490203937 -0.018656337702948271 0.00045285243055412177 -0.024290528327293771 0.029989238636470364 -0.022329450917575107 -0.0075591703694933357 0.011109004925425596 0.0024811722772436588 -0.015883152612066891 -0.012334603773088126 -0.014192699362283458 -0.012216299582487138 -0.010201531745165911 0.026937769621277828 -0.0056181945262789076 0.0023209546786583627 0.0078171650961984772 -0.014795798397478263 0.015056291647568351 -0.0082182500412954669 -0.0056900783301883154 -0.0045297483119647024 0.016284381930412751 -0.0073837227232904541 0.012890046268183483 0.0072261557023886487 -0.022095562158583815 -0.0053290770840315289
leaf_weight=71.279682358726859 1208.8250031489879 100.69708027131855 47.989260099828243 146.36210753768682 81.592793967574835 60.058320177718997 155.29923978075385 153.67815205641091 273.93708034418523 495.54088623076677 230.5328337661922 183.41914534755051 53.723739853128791 269.18011542782187 87.047793259844184 110.85833458974957 73.843726588413119 89.164350863546133 140.34197988174856 70.84642699919641 76.064670484513044 146.8224928304553 89.257865451276302 80.908289669081569 54.515672117471695 68.572595365345478 253.02759306132793 76.960517441853881 85.147012878209352 106.64559779688716 88.21169843710959 252.27339473366737 78.309697724878788 45.047074664384127 96.192671274766326 94.19702628441155 134.31414780206978 50.989869441837072 112.98107600957155 102.47410768084228 67.606007589027286 81.663725409656763 48.44222691655159 73.167459703981876 83.116910468786955 213.64748302660882 180.33112427219748 46.562933869659901 133.38420768640935 64.340038413181901 143.53853155300021 281.51091262698174 47.378704153001308 131.77957639098167 53.850595586001873 194.68010345287621 179.35179920867085 51.100262243300676 73.464490076526999 49.056702954694629 154.93986129388213 55.956212872639298 377.17326111532748 65.730066942051053 52.765975700691342 58.063122129067779 190.19071656838059 186.11525646597147 59.454803599044681 452.50612601265311 45.787123918533325 73.673769189044833 68.32785040140152 56.662818437442183 39.696625685319304 242.80235606618226 54.863596705719829 123.23388432711363
leaf_count=924 14571 1184 568 1758 1052 671 1807 2191 3431 5888 2655 2385 677 3216 990 1026 934 1101 1786 946 1032 1819 1330 2166 626 857 2165 897 816 1423 1008 3489 957 601 1210 1360 1747 563 1001 1378 871 932 626 823 936 2490 2173 695 1788 752 1703 3668 629 1412 669 2552 2089 837 862 524 1679 598 4320 576 514 576 2264 2298 734 5592 611 778 701 551 986 2946 690 1564
internal_value=0 -0.000567475 0.0089136 0.0198373 0.00361693 -0.00200595 0.00364159 -0.000737893 0.000850033 -6.35954e-05 -0.0021573 0.00641444 -0.00425702 -0.0113799 0.0129272 0.00512798 -0.00177246 -0.00699064 0.00407169 0.00785605 0.0125821 0.0182774 -0.00425758 -0.00601749 -0.00308662 0.00368373 -0.0160875 0.0147477 0.00651658 0.0127667 -0.00177131 -0.00319158 0.0265177 -0.00343554 0.00848779 0.01107 -0.00491246 0.00187827 -0.000680214 0.00875733 -0.00189093 0.00588786 0.00395621 0.0056608 0.0135932 0 -0.00900564 -0.00692184 -0.0180117 -0.00567429 -0.00317117 -0.00813172 -0.00321938 0.0220934 -0.00536006 -0.00258871 0.00407553 -0.0117681 -0.00479099 0.00212275 -0.00405229 -0.00196887 -0.00631422 0.00440164 0.00721573 0.0175892 0.00277855 -0.00610693 -0.00324995 -0.00545016 0.00984092 0.00823271 0.0134047 0.00528275 -0.00408013 0.00206537 -0.00671347 0.00174075
internal_weight=0 9915.89 837.157 266.698 570.458 7400.46 2515.44 5911.18 4066.01 3792.08 2526.6 490.912 2035.69 517.584 392.902 237.603 1518.11 1489.28 1265.47 769.933 564.773 365.474 1845.17 1516.27 1182.33 328.896 333.936 307.493 522.469 175.218 1127.82 1038.56 218.652 1350.06 141.24 168.041 205.161 2122.53 1290.38 334.161 221.18 832.152 750.488 702.046 288.064 413.982 1239.03 1016.48 222.549 969.916 789.584 472.428 328.89 214.896 267.498 248.404 317.156 118.706 137.805 120.336 956.22 801.28 480.929 320.351 103.756 143.21 250.249 786.288 600.173 540.718 146.484 264.395 190.721 124.991 150.555 379.259 136.456 199.299
internal_count=131215 121361 9854 3206 6648 92502 28859 74107 50228 46797 31058 5937 25121 6445 4809 3002 18676 18395 15739 9851 7158 4562 23879 19408 15077 4471 4331 3552 6080 2280 14451 13121 2743 16382 1811 2294 2693 24050 14367 4087 3086 9683 8751 8125 3171 4954 15460 12571 2889 11876 9703 6000 4297 2348 3159 3229 3703 1708 1614 1448 10280 8601 5397 3204 1077 1392 2935 9632 7334 6600 1795 2606 1828 1252 2012 4688 1742 2596
is_linear=0
shrinkage=0.0454652


end of trees

feature_importances:
Column_16=15
Column_7=13
Column_13=13
Column_22=11
Column_20=10
Column_21=10
Column_29=10
Column_28=9
Column_15=8
Column_6=7
Column_17=7
Column_18=7
Column_12=6
Column_5=5
Column_8=5
Column_4=4
Column_10=4
Column_2=3
Column_9=3
Column_11=3
Column_33=3

parameters:
[boosting: gbdt]
[objective: binary]
[metric: auc]
[tree_learner: serial]
[device_type: cpu]
[data_sample_strategy: bagging]
[data: ]
[valid: ]
[num_iterations: 600]
[learning_rate: 0.0454652]
[num_leaves: 79]
[num_threads: 2]
[seed: 1337]
[deterministic: 0]
[force_col_wise: 0]
[force_row_wise: 0]
[histogram_pool_size: -1]
[max_depth: -1]
[min_data_in_leaf: 525]
[min_sum_hessian_in_leaf: 0.001]
[bagging_fraction: 0.774687]
[pos_bagging_fraction: 1]
[neg_bagging_fraction: 1]
[bagging_freq: 1]
[bagging_seed: 1337]
[feature_fraction: 0.515409]
[feature_fraction_bynode: 1]
[feature_fraction_seed: 1337]
[extra_trees: 0]
[extra_seed: 18955]
[early_stopping_round: 0]
[early_stopping_min_delta: 0]
[first_metric_only: 0]
[max_delta_step: 0]
[lambda_l1: 1.07292]
[lambda_l2: 4.08529]
[linear_lambda: 0]
[min_gain_to_split: 0]
[drop_rate: 0.1]
[max_drop: 50]
[skip_drop: 0.5]
[xgboost_dart_mode: 0]
[uniform_drop: 0]
[drop_seed: 17763]
[top_rate: 0.2]
[other_rate: 0.1]
[min_data_per_group: 100]
[max_cat_threshold: 32]
[cat_l2: 10]
[cat_smooth: 10]
[max_cat_to_onehot: 4]
[top_k: 20]
[monotone_constraints: ]
[monotone_constraints_method: basic]
[monotone_penalty: 0]
[feature_contri: ]
[forcedsplits_filename: ]
[refit_decay_rate: 0.9]
[cegb_tradeoff: 1]
[cegb_penalty_split: 0]
[cegb_penalty_feature_lazy: ]
[cegb_penalty_feature_coupled: ]
[path_smooth: 0]
[interaction_constraints: ]
[verbosity: -1]
[saved_feature_importance_type: 0]
[use_quantized_grad: 0]
[num_grad_quant_bins: 4]
[quant_train_renew_leaf: 0]
[stochastic_rounding: 1]
[linear_tree: 0]
[max_bin: 255]
[max_bin_by_feature: ]
[min_data_in_bin: 3]
[bin_construct_sample_cnt: 200000]
[data_random_seed: 4404]
[is_enable_sparse: 1]
[enable_bundle: 1]
[use_missing: 1]
[zero_as_missing: 0]
[feature_pre_filter: 1]
[pre_partition: 0]
[two_round: 0]
[header: 0]
[label_column: ]
[weight_column: ]
[group_column: ]
[ignore_column: ]
[categorical_feature: ]
[forcedbins_filename: ]
[precise_float_parser: 0]
[parser_config_file: ]
[objective_seed: 4113]
[num_class: 1]
[is_unbalance: 0]
[scale_pos_weight: 1]
[sigmoid: 1]
[boost_from_average: 1]
[reg_sqrt: 0]
[alpha: 0.9]
[fair_c: 1]
[poisson_max_delta_step: 0.7]
[tweedie_variance_power: 1.5]
[lambdarank_truncation_level: 30]
[lambdarank_norm: 1]
[label_gain: ]
[lambdarank_position_bias_regularization: 0]
[eval_at: ]
[multi_error_top_k: 1]
[auc_mu_weights: ]
[num_machines: 1]
[local_listen_port: 12400]
[time_out: 120]
[machine_list_filename: ]
[machines: ]
[gpu_platform_id: -1]
[gpu_device_id: -1]
[gpu_use_dp: 0]
[num_gpu: 1]

end of parameters

pandas_categorical:null
