tree
version=v4
num_class=1
num_tree_per_iteration=1
label_index=0
max_feature_idx=33
objective=binary sigmoid:1
feature_names=Column_0 Column_1 Column_2 Column_3 Column_4 Column_5 Column_6 Column_7 Column_8 Column_9 Column_10 Column_11 Column_12 Column_13 Column_14 Column_15 Column_16 Column_17 Column_18 Column_19 Column_20 Column_21 Column_22 Column_23 Column_24 Column_25 Column_26 Column_27 Column_28 Column_29 Column_30 Column_31 Column_32 Column_33
feature_infos=[0.22403052449226379:4.806818962097168] [0.027025075629353523:26.170040130615234] [0.17134076356887817:8.6935958862304688] [0.087584272027015686:1] [-28.67047119140625:41.262332916259766] [-36.190670013427734:42.326030731201172] [-36.841156005859375:62.500308990478516] [-41.300331115722656:63.120437622070312] [-22.455821990966797:30.680826187133789] [0:0.95389312505722046] [0:0.64536702632904053] [0:0.40022626519203186] [-0.51016271114349365:0.51874518394470215] [-0.15357083082199097:0.22172828018665314] [-45.028751373291016:17.161741256713867] [-6.6708002090454102:64.2962646484375] [0:1] [0:95] [0:95] [-1:1] [-29.775985717773438:44.984848022460938] [-30.525325775146484:55.0223388671875] [-2.8409864902496338:15.253066062927246] [0.049656935036182404:5.4310722351074219] [-1:1] [0:1] [0:0.99820786714553833] [-1:1] [-1:1] [-0.78183150291442871:0.97492790222167969] [-0.90096884965896606:1] [0:1] [0:1] [0.8888888955116272:4.5999999046325684]
tree_sizes=1722 1798 1787 1804 1784 1805

Tree=0
num_leaves=15
num_cat=0
split_feature=27 28 0 11 15 11 23 16 30 23 33 30 30 2
split_gain=141.174 74.51 42.1596 39.8708 39.5419 44.7603 38.9231 35.5437 35.5339 31.7192 28.7307 18.9713 16.735 45.4544
threshold=-0.49049438536167139 0.41268247365951544 0.5937505066394807 0.017639062367379669 3.7513583898544316 0.019761160947382454 1.6560110449790957 0.7553674876689912 1.0000000180025095e-35 1.053622901439667 1.0013927817344668 -0.56174489110708226 1.0000000180025095e-35 0.59864532947540294
decision_type=2 2 2 2 2 2 2 2 2 2 8 2 2 2
left_child=1 3 12 -1 9 7 8 -6 -5 10 11 -4 -2 -14
right_child=2 -3 4 6 5 -7 -8 -9 -10 -11 -12 -13 13 -15
leaf_value=-1.0506384287354136 -1.0551843931075973 -1.0571157569693328 -1.0444902759562784 -1.0535215027971421 -1.0509486641320278 -1.0523247305986496 -1.0521333124958039 -1.0458890679805222 -1.0567122947741991 -1.052364851180748 -1.0526518415410919 -1.0491008970173621 -1.0471804216597498 -1.0547185736088918
leaf_weight=405.74296988174319 471.70651355572045 751.45045813173056 181.98846282437444 866.22315703704953 811.76473649218678 4573.6484554558992 716.76073860563338 179.66868942044675 660.12003481201828 331.46204031258821 140.86920357681811 329.52635519206524 112.39277731627226 244.27097681164742
leaf_count=5363 7946 9893 1527 10855 10789 56688 9977 2142 8337 4021 4203 3089 1711 4166
internal_value=-1.05265 -1.05431 -1.05182 -1.05349 -1.05155 -1.05189 -1.05403 -1.04995 -1.05494 -1.04967 -1.04839 -1.04729 -1.05394 -1.05239
internal_weight=0 3400.3 7377.3 2648.85 6548.93 5565.08 2243.1 991.433 1526.34 983.846 652.384 511.515 828.37 356.664
internal_count=140707 44425 96282 34532 82459 69619 29169 12931 19192 12840 8819 4616 13823 5877
is_linear=0
shrinkage=1


Tree=1
num_leaves=15
num_cat=0
split_feature=27 22 11 0 9 15 13 7 15 30 13 15 30 14
split_gain=134.216 53.7259 56.5999 39.8432 28.9135 33.1965 47.3918 39.1418 40.2488 32.5431 29.3818 23.0351 22.4033 21.8074
threshold=-0.49049438536167139 -0.033338472247123711 0.015494732186198236 0.58045995235443126 0.28869250416755682 4.0281827449798593 -0.022404013201594349 2.5373247861862187 13.487364292144777 -0.56174489110708226 -0.069173388183116899 8.7978858947753924 -0.56174489110708226 -10.799446105957029
decision_type=2 2 2 2 2 2 2 2 2 2 2 2 2 2
left_child=1 2 -1 -2 5 10 9 8 -8 -7 -5 -11 -4 -12
right_child=3 -3 12 4 -6 6 7 -9 -10 11 13 -13 -14 -15
leaf_value=0.0014234916359623612 -0.001428473039092579 -0.00014595815386011466 -0.001866122114429222 0.0079998312837649809 -5.2145591909009236e-05 -0.0038290131373268916 0.0024414938747482984 0.00079690059877112948 0.0091376900876820842 -0.00073431951034744658 0.0010951793705536114 0.0043560052922320741 -0.004405438254013779 0.0057628237107505984
leaf_weight=267.9429189953953 752.03605614416301 1413.6042494419962 673.31281269714236 120.76320766471326 1854.101943673566 286.74330842494965 944.89997687004507 2238.6534083113074 103.02886613830924 386.99312031455338 444.99080657586455 108.39815108664334 1034.2444087490439 142.43167755194008
leaf_count=3554 12626 19303 8438 1712 23088 3835 11973 27973 1396 4859 5907 1326 13060 1654
internal_value=0 -0.00168288 -0.00275744 0.000744415 0.000998306 0.00141392 0.00104403 0.00158091 0.00319952 -0.00115416 0.00344869 0.000348195 -0.00344052 0.0023544
internal_weight=0 3389.1 1975.5 7383.04 6631 4776.9 4068.72 3286.58 1047.93 782.135 708.186 495.391 1707.56 587.422
internal_count=140704 44355 25052 96349 83723 60635 51362 41342 13369 10020 9273 6185 21498 7561
is_linear=0
shrinkage=0.0101079


Tree=2
num_leaves=15
num_cat=0
split_feature=28 32 29 29 3 3 28 29 23 13 16 13 30 7
split_gain=71.0645 81.312 97.4745 54.9296 49.8045 42.3126 33.9741 37.2716 33.0502 28.1492 24.104 30.6359 45.7744 23.9753
threshold=-0.69930991530418385 1.0000000180025095e-35 -1.0000000180025095e-35 -0.60785761475563038 0.50319987535476696 0.91235372424125682 0.41268247365951544 0.87837970256805431 0.52506333589553844 0.031787347048521049 0.15773295611143115 -0.022991897538304325 -0.56174489110708226 -1.0000000180025095e-35
decision_type=2 2 2 2 2 2 2 2 2 2 2 2 2 2
left_child=9 3 4 -2 -3 8 7 -4 -5 -1 -10 12 -12 -13
right_child=1 2 6 5 -6 -7 -8 -9 10 -11 11 13 -14 -15
leaf_value=0.0019632695523258748 0.0060580802851490185 0.0081433127715027694 -0.0029586967188057838 -0.0019635284730267475 0.00030999974943028615 0.0044305559490553179 -0.0052214379549809066 0.00041272139122051525 0.0026167578849060858 -0.000305571825243687 -0.0048035363763567701 0.0022940557516260467 4.8158896187784412e-05 0
leaf_weight=2157.5741631034762 154.84431920573115 98.366073632612824 1279.7782517783344 816.07279933057725 442.58600815199316 210.85960574820638 490.04611213877797 423.53255084715784 390.49048662185669 711.18754427134991 300.36802947707474 590.59005190245807 514.19785177893937 2206.0229382645339
leaf_count=28216 2021 883 16716 11682 6209 2274 6422 5591 5651 9170 4307 7266 6366 28040
internal_value=0 -0.00046714 -0.00187676 0.000270309 0.0019017 7.51349e-05 -0.00283041 -0.00209861 -0.000113804 0.00138741 0.000256335 0 -0.00171961 0.00049917
internal_weight=0 7917.76 2734.31 5183.45 540.952 5028.6 2193.36 1703.31 4817.74 2868.76 4001.67 3611.18 814.566 2796.61
internal_count=140814 103428 35821 67607 7092 65586 28729 22307 63312 37386 51630 45979 10673 35306
is_linear=0
shrinkage=0.0101079


Tree=3
num_leaves=15
num_cat=0
split_feature=27 29 0 11 21 20 27 29 0 11 16 27 21 17
split_gain=138.627 58.4596 83.9989 67.2503 50.9857 46.0451 46.9662 39.3551 29.1033 25.0295 50.2132 18.5655 23.2855 17.6933
threshold=-0.49049438536167139 -1.0000000180025095e-35 1.0379489064216616 0.013393710833042862 -8.2227554321289045 -4.1427826881408683 0.1413247883319855 -0.60785761475563038 0.5937505066394807 0.016808504238724712 0.7553674876689912 -0.72982063889503468 0.45990048348903662 67.500000000000014
decision_type=2 2 2 2 2 2 2 2 2 2 2 2 2 2
left_child=1 11 3 -3 5 -2 -7 -6 -9 10 -10 12 -1 -11
right_child=4 2 -4 -5 7 6 -8 8 9 13 -12 -13 -14 -15
leaf_value=-0.00011090257107124819 0.00074203460193986235 0.0021524509965667191 -0.00063916415005119533 -0.0050440468094676968 0.0057744758151686316 0.00031083033727360954 0.0097864473708522103 -0.0014368427059242824 0.0010548970427362145 -4.7037511899518876e-06 0.0074248272530520326 -0.0021114274056220324 0.0039874652082329664 0.0013402371726750661
leaf_weight=264.47318026795983 288.8593631554395 137.21145076677203 1436.7146949544549 1146.0862791016698 136.2874378412962 90.084053942933679 170.39251604489982 757.59251596592367 798.09020723961294 3655.1643319185823 149.54918088577688 140.44564507342875 257.0137341786176 1337.9680211730301
leaf_count=3554 3600 1818 19745 14084 1745 1225 2534 12459 10607 45414 1781 1830 3290 16936
internal_value=0 -0.001699 -0.00235764 -0.00423504 0.000769704 0.00372303 0.00676256 0.000522523 0.000403175 0.000646172 0.00215384 0.000943056 0.00186081 0.000349086
internal_weight=0 3381.94 2720.01 1283.3 7383.99 549.336 260.477 6834.65 6698.36 5940.77 947.639 661.933 521.487 4993.13
internal_count=140622 44321 35647 15902 96301 7359 3759 88942 87197 74738 12388 8674 6844 62350
is_linear=0
shrinkage=0.0101079


Tree=4
num_leaves=15
num_cat=0
split_feature=27 29 22 11 3 29 3 21 13 27 10 7 21 12
split_gain=129.33 59.8539 76.9623 72.7 46.7182 44.5993 36.6073 39.6089 66.5041 40.6917 30.3295 29.1479 52.5576 40.5164
threshold=-0.49049438536167139 -1.0000000180025095e-35 -0.15230906009674069 0.015494732186198236 0.47579249739646917 -0.60785761475563038 0.91235372424125682 -8.030763626098631 -0.034024512395262711 0.11969653144478799 0.21690098941326144 2.4188547134399419 2.8607612848281865 0.016950452700257305
decision_type=2 2 2 2 2 2 2 2 2 2 2 2 2 2
left_child=1 4 3 -3 -1 -2 7 9 -9 -7 -11 12 13 -10
right_child=5 2 -4 -5 -6 6 -8 8 11 10 -12 -13 -14 -15
leaf_value=0.0069220335778657676 0.006089592798507122 0.0018152717522358008 -0.00042034737078663616 -0.004743180349969899 -9.0705662657975292e-05 -0.00079156793567903097 0.0042397533915614228 -0.0022629254848253095 0.0019101545121272255 0.0069735525066552187 0 7.1493467337888875e-05 0.0058212265399097234 -0.0012413950634079483
leaf_weight=107.20382877998054 151.49814525432885 185.90269454568624 1259.3709461465478 1268.5566345974803 558.67684407904744 159.04169047810137 273.01594929024577 898.01183324120939 1404.2143224813044 247.41525726020336 97.87283462844789 3315.4565047323704 259.35177297890186 569.10245654918253
leaf_count=1001 1949 2459 17196 15947 7715 2132 3035 12056 18323 3505 1294 42735 3276 7753
internal_value=0 -0.00162101 -0.00229085 -0.00387211 0.00104383 0.000764407 0.000640811 0.000489128 0.000267013 0.00320271 0.00513458 0.000686341 0.00157794 0.000979526
internal_weight=0 3379.71 2713.83 1454.46 665.881 7374.98 7223.48 6950.47 6446.14 504.33 345.288 5548.13 2232.67 1973.32
internal_count=140376 44318 35602 18406 8716 96058 94109 91074 84143 6931 4799 72087 29352 26076
is_linear=0
shrinkage=0.0101079


Tree=5
num_leaves=15
num_cat=0
split_feature=27 28 21 13 20 28 7 21 11 29 22 6 29 14
split_gain=120.078 64.1584 37.8448 73.3769 42.3521 60.3067 41.2149 41.0552 35.6465 38.9533 54.5991 33.6841 26.3576 23.2814
threshold=-0.47136868536472315 0.41268247365951544 -8.030763626098631 -0.034024512395262711 -4.1427826881408683 0.9015902876853944 2.4188547134399419 3.1857237815856938 0.017639062367379669 -1.0000000180025095e-35 -0.20490145683288571 3.3499325513839726 -1.0000000180025095e-35 -8.5334453582763654
decision_type=2 2 2 2 2 2 2 2 2 2 2 2 2 2
left_child=1 8 4 -4 -2 -6 7 11 -1 -10 -11 13 -3 -5
right_child=2 12 3 6 5 -7 -8 -9 9 10 -12 -13 -14 -15
leaf_value=0.0018550818346312998 0.00038772706799391663 -5.973128602342268e-05 -0.0021148195478970042 0.0010271061250750955 0.0092730789629168597 -0.00024638272591332079 0.00021702213350647908 0.0060495876770090169 0.0012850719841577458 -0.0041352000787859399 -0.00050103277440622501 -0.0014346284320701929 -0.0050302499456669307 0.0034377622217183967
leaf_weight=419.52591654472053 295.59768080338836 152.18618395924568 921.8207842707634 1088.9184203632176 183.78154805488884 92.318386046215892 3459.2539914026856 226.18992498703301 451.30998062901199 715.63739457540214 1093.807231452316 319.94575302861631 621.7380681373179 734.9268962405622
leaf_count=5537 3669 2008 12380 14504 2545 1392 44369 2806 5834 8652 14991 4357 8235 9348
internal_value=0 -0.00155307 0.000731107 0.000510581 0.00322431 0.00602636 0.000934916 0.00196167 -0.00078873 -0.00130178 -0.00197197 0.0014916 -0.00411478 0.00203088
internal_weight=0 3454.2 7322.75 6751.06 571.698 276.1 5829.23 2369.98 2680.28 2260.75 1809.44 2143.79 773.924 1823.85
internal_count=140627 45257 95370 87764 7606 3937 75384 31015 35014 29477 23643 28209 10243 23852
is_linear=0
shrinkage=0.0101079


end of trees

feature_importances:
Column_29=9
Column_27=8
Column_11=7
Column_13=6
Column_21=6
Column_30=6
Column_28=5
Column_0=4
Column_3=4
Column_7=4
Column_15=4
Column_16=3
Column_22=3
Column_23=3
Column_14=2
Column_20=2
Column_2=1
Column_6=1
Column_9=1
Column_10=1
Column_12=1
Column_17=1
Column_32=1
Column_33=1

parameters:
[boosting: gbdt]
[objective: binary]
[metric: auc]
[tree_learner: serial]
[device_type: cpu]
[data_sample_strategy: bagging]
[data: ]
[valid: ]
[num_iterations: 600]
[learning_rate: 0.0101079]
[num_leaves: 15]
[num_threads: 2]
[seed: 42]
[deterministic: 0]
[force_col_wise: 0]
[force_row_wise: 0]
[histogram_pool_size: -1]
[max_depth: -1]
[min_data_in_leaf: 1280]
[min_sum_hessian_in_leaf: 0.001]
[bagging_fraction: 0.829452]
[pos_bagging_fraction: 1]
[neg_bagging_fraction: 1]
[bagging_freq: 1]
[bagging_seed: 42]
[feature_fraction: 0.727545]
[feature_fraction_bynode: 1]
[feature_fraction_seed: 42]
[extra_trees: 0]
[extra_seed: 12879]
[early_stopping_round: 0]
[early_stopping_min_delta: 0]
[first_metric_only: 0]
[max_delta_step: 0]
[lambda_l1: 4.00664]
[lambda_l2: 7.63247]
[linear_lambda: 0]
[min_gain_to_split: 0]
[drop_rate: 0.1]
[max_drop: 50]
[skip_drop: 0.5]
[xgboost_dart_mode: 0]
[uniform_drop: 0]
[drop_seed: 17869]
[top_rate: 0.2]
[other_rate: 0.1]
[min_data_per_group: 100]
[max_cat_threshold: 32]
[cat_l2: 10]
[cat_smooth: 10]
[max_cat_to_onehot: 4]
[top_k: 20]
[monotone_constraints: ]
[monotone_constraints_method: basic]
[monotone_penalty: 0]
[feature_contri: ]
[forcedsplits_filename: ]
[refit_decay_rate: 0.9]
[cegb_tradeoff: 1]
[cegb_penalty_split: 0]
[cegb_penalty_feature_lazy: ]
[cegb_penalty_feature_coupled: ]
[path_smooth: 0]
[interaction_constraints: ]
[verbosity: -1]
[saved_feature_importance_type: 0]
[use_quantized_grad: 0]
[num_grad_quant_bins: 4]
[quant_train_renew_leaf: 0]
[stochastic_rounding: 1]
[linear_tree: 0]
[max_bin: 255]
[max_bin_by_feature: ]
[min_data_in_bin: 3]
[bin_construct_sample_cnt: 200000]
[data_random_seed: 175]
[is_enable_sparse: 1]
[enable_bundle: 1]
[use_missing: 1]
[zero_as_missing: 0]
[feature_pre_filter: 1]
[pre_partition: 0]
[two_round: 0]
[header: 0]
[label_column: ]
[weight_column: ]
[group_column: ]
[ignore_column: ]
[categorical_feature: ]
[forcedbins_filename: ]
[precise_float_parser: 0]
[parser_config_file: ]
[objective_seed: 16083]
[num_class: 1]
[is_unbalance: 0]
[scale_pos_weight: 1]
[sigmoid: 1]
[boost_from_average: 1]
[reg_sqrt: 0]
[alpha: 0.9]
[fair_c: 1]
[poisson_max_delta_step: 0.7]
[tweedie_variance_power: 1.5]
[lambdarank_truncation_level: 30]
[lambdarank_norm: 1]
[label_gain: ]
[lambdarank_position_bias_regularization: 0]
[eval_at: ]
[multi_error_top_k: 1]
[auc_mu_weights: ]
[num_machines: 1]
[local_listen_port: 12400]
[time_out: 120]
[machine_list_filename: ]
[machines: ]
[gpu_platform_id: -1]
[gpu_device_id: -1]
[gpu_use_dp: 0]
[num_gpu: 1]

end of parameters

pandas_categorical:null
