tree
version=v4
num_class=1
num_tree_per_iteration=1
label_index=0
max_feature_idx=33
objective=binary sigmoid:1
feature_names=Column_0 Column_1 Column_2 Column_3 Column_4 Column_5 Column_6 Column_7 Column_8 Column_9 Column_10 Column_11 Column_12 Column_13 Column_14 Column_15 Column_16 Column_17 Column_18 Column_19 Column_20 Column_21 Column_22 Column_23 Column_24 Column_25 Column_26 Column_27 Column_28 Column_29 Column_30 Column_31 Column_32 Column_33
feature_infos=[0.22403052449226379:4.806818962097168] [0.027025075629353523:24.251049041748047] [0.17134076356887817:8.6935958862304688] [0.087584272027015686:1] [-28.67047119140625:41.262332916259766] [-36.190670013427734:42.326030731201172] [-36.841156005859375:62.500308990478516] [-41.300331115722656:63.120437622070312] [-22.455821990966797:30.680826187133789] [0:0.95389312505722046] [0:0.64536702632904053] [0:0.40022626519203186] [-0.51016271114349365:0.51874518394470215] [-0.15357083082199097:0.22172828018665314] [-45.028751373291016:17.161741256713867] [-6.6708002090454102:64.2962646484375] [0:1] [0:95] [0:95] [-1:1] [-29.775985717773438:44.984848022460938] [-30.525325775146484:55.0223388671875] [-2.8409864902496338:15.253066062927246] [0.049656935036182404:5.4310722351074219] [-1:1] [0:1] [0:0.99820786714553833] [-1:1] [-1:1] [-0.78183150291442871:0.97492790222167969] [-0.90096884965896606:1] [0:1] [0:1] [0.8888888955116272:4.5999999046325684]
tree_sizes=8593 8734 8602 8680

Tree=0
num_leaves=79
num_cat=0
split_feature=11 30 21 33 21 3 18 21 11 28 14 12 21 3 21 21 28 3 12 30 4 8 32 8 18 28 12 21 18 21 14 21 7 18 12 14 14 3 7 3 11 12 7 11 14 7 18 3 7 21 30 14 3 28 3 11 11 28 9 21 3 28 28 30 3 4 28 3 30 9 7 7 7 28 28 3 30 11
split_gain=46.0235 27.8672 43.1859 37.089 40.3652 31.293 30.8525 23.6373 22.1916 19.2771 17.8034 34.5756 53.107 27.761 26.0993 40.9485 29.3986 35.1066 26.8311 23.5437 36.7265 25.8731 22.8067 18.1112 17.7681 17.5671 16.9587 16.2148 16.0573 26.1332 16.1562 15.727 28.1653 17.6792 15.4747 14.6421 24.7903 19.5922 17.8936 15.9838 15.9671 14.5441 14.1688 14.1133 13.7518 31.6867 24.7419 13.6532 13.5237 13.4841 14.6674 13.4196 12.7951 12.4089 21.7561 12.0208 14.226 13.971 13.8401 13.7825 15.814 11.9074 11.8988 11.7636 11.7085 11.6392 10.6801 10.5738 10.3361 10.2869 10.1076 10.0741 9.7669 16.0686 9.62374 9.52011 9.29311 12.016
threshold=0.020649446174502376 0.81174489855766307 3.8473566770553593 1.0013927817344668 11.796216487884523 0.26562599837780004 77.500000000000014 -2.8675720691680904 0.15765893459320071 -0.91080963611602772 -2.7705157995223995 0.064517509192228331 10.786516189575197 0.35750664770603185 1.0902504324913027 10.228551387786867 0.5464349389076234 0.56002935767173778 -0.089477665722370134 1.0000000180025095e-35 -0.8683389127254485 0.85179656744003307 1.0000000180025095e-35 -0.38363033533096308 85.500000000000014 -0.7866188883781432 0.018456335179507736 -2.0867646932601924 83.500000000000014 6.2648546695709237 -2.8805738687515254 -0.43843901157379145 1.0000000180025095e-35 66.500000000000014 -0.0012732767499983309 -17.781632423400875 -20.814738273620602 0.50676673650741588 10.655424118041994 0.42251202464103704 0.057273441925644882 -0.041013868525624268 21.656163215637211 0.090491432696580901 -12.909873962402342 -14.505974292755125 34.500000000000007 0.58798983693122875 23.09106540679932 -2.5479016304016109 1.0000000180025095e-35 -3.7307918071746822 0.67616623640060436 0.076279435306787505 0.45684410631656652 0.11479897797107698 0.041763519868254668 0.032717135734856136 0.36706757545471197 8.9231224060058612 0.72283554077148449 -0.24825246632099149 -0.95032352209091175 -0.56174489110708226 0.44714963436126715 -0.39166031777858729 0.77296444773674022 0.44293461740016943 -0.56174489110708226 0.15811949223279956 10.334121227264406 3.8134068250656132 10.811404228210451 0.69930991530418407 -0.20576497167348859 0.68164643645286571 1.0000000180025095e-35 0.055686917155981071
decision_type=2 2 2 8 2 2 2 2 2 2 2 2 2 2 2 2 2 2 2 2 2 2 2 2 2 2 2 2 2 2 2 2 2 2 2 2 2 2 2 2 2 2 2 2 2 2 2 2 2 2 2 2 2 2 2 2 2 2 2 2 2 2 2 2 2 2 2 2 2 2 2 2 2 2 2 2 2 2
left_child=31 5 6 4 28 8 35 -8 25 42 13 12 23 26 16 22 17 18 -15 20 75 -21 76 -12 64 -2 34 66 29 -4 -30 49 -33 -34 41 36 -3 38 39 40 -37 -11 -7 70 45 -20 -47 -39 -17 50 52 -35 -1 54 -46 56 -13 63 -59 -58 -61 -54 -51 -57 -22 -49 -27 -31 -29 -56 -24 -28 -25 -74 -6 -18 77 -16
right_child=1 2 3 -5 74 9 7 -9 -10 10 11 55 -14 14 15 48 19 -19 44 21 24 -23 43 72 -26 27 71 68 30 67 -32 32 33 51 -36 37 -38 47 -40 -41 -42 -43 -44 -45 53 46 -48 65 -50 62 -52 -53 61 -55 69 57 59 58 -60 60 -62 -63 -64 -65 -66 -67 -68 -69 -70 -71 -72 -73 73 -75 -76 -77 -78 -79
leaf_value=-0.87238957273900042 -0.84561151574019711 -0.88594070639030331 -0.8535013192336609 -0.89876674903491194 -0.89751849945940732 -0.89099199850409205 -0.87718671551087235 -0.90967238113118765 -0.89735838487659825 -0.91120992417624203 -0.85297329308355874 -0.87132480258740863 -0.90548953481556205 -0.90694109630475384 -0.88681143995475153 -0.86080297288618024 -0.89322443015967357 -0.89063971821377652 -0.88594070639030331 -0.87762706442336069 -0.87848345328962829 -0.91335323167489102 -0.88545312563696632 -0.88013695942480596 -0.88594070639030331 -0.8460151210529816 -0.89350520134050171 -0.8938189473734639 -0.87075339571323362 -0.89304248325401692 -0.84469506183656451 -0.90357464117509734 -0.89652771443930168 -0.88866714261312674 -0.91438723329066751 -0.90136280345157338 -0.85274951786369324 -0.90638776019809164 -0.9013320446874834 -0.85645414491836247 -0.86994182148140042 -0.88828553310710245 -0.91539342273290747 -0.89861632437686634 -0.88867140097434449 -0.87271504520070198 -0.83126398530954693 -0.89700126412302517 -0.88987554187077433 -0.90400901708988091 -0.90242319056291653 -0.8692647222577915 -0.88193605355866234 -0.8965890033370042 -0.84644192940693719 -0.90450576113740588 -0.90532007301463224 -0.86747239993843761 -0.89210040876101537 -0.87213410980198436 -0.90083226632148761 -0.90728117070625314 -0.87935178759801236 -0.88136792766116934 -0.8500199415167633 -0.8784808137726493 -0.87791431368619288 -0.87077035004450387 -0.87272825626915107 -0.87756940845253473 -0.86770339936973728 -0.87398265179856394 -0.87565866173766582 -0.84764599008427433 -0.87659237722904959 -0.87054251939803062 -0.90570752804090582 -0.90123354975505621
leaf_weight=89.821320116519928 54.85297423042357 97.395651184022427 112.65987366810441 86.087725091725588 85.863205183297396 880.45068270713091 59.743867753073573 157.7339385971427 61.910923693329096 77.453815039247274 129.77055823616683 47.508934386074543 85.829196967184544 48.951763708144426 241.99300318025053 116.01743800006807 113.29243464954197 1024.6257071346045 88.947674425318837 154.35072231665254 42.948968283832073 52.745970377698541 342.86134585924447 216.43234476447105 45.497241036966443 53.343198016285896 125.34424050524831 82.367347376421094 89.246512290090322 82.782183930277824 164.76512686908245 501.07876409962773 305.35488108918071 179.740035681054 123.96934612840414 46.833008334040642 84.361262341961265 90.991713585332036 41.7667788695544 94.571458986029029 90.074610162526369 214.85794974491 49.51684595271945 132.64962032809854 106.66295481286943 65.292028848081827 64.823125641793013 118.28592925146222 40.519725797697902 40.216076906770468 189.43247528932989 116.11326697841287 74.796389080584049 66.228547981008887 52.543975489214063 75.578458823263645 174.77861048094928 160.13736349530518 60.214879056438804 74.5777060482651 75.790444612503052 67.42981892824173 398.45692181587219 97.485947215929627 207.85259610787034 159.67473474144936 46.254166644066572 82.710013665258884 100.66763935051858 48.182352147996426 80.144067356362939 90.054173683747649 137.19745316915214 66.025037406012416 86.887050155550241 52.647763093933463 234.21030185557902 248.42967481166124
leaf_count=1095 890 1703 1002 2326 604 10592 826 1895 1016 864 1375 513 934 688 2781 1597 1160 12475 1060 2031 518 671 4043 2318 620 969 1686 1469 748 594 1250 6414 3837 2422 1574 837 1051 1077 559 1215 1167 2721 546 1564 1259 748 630 1455 642 481 2219 1363 860 683 575 868 1879 1669 616 802 914 854 5244 1014 2578 2021 654 665 1519 593 1022 1098 1534 695 592 610 2739 2875
internal_value=-0.885941 -0.884358 -0.87937 -0.871389 -0.867922 -0.885668 -0.885512 -0.900531 -0.87337 -0.886408 -0.885425 -0.880976 -0.873162 -0.886865 -0.88536 -0.890118 -0.882278 -0.885726 -0.876376 -0.874333 -0.868661 -0.88685 -0.892841 -0.867917 -0.859178 -0.868743 -0.895642 -0.873913 -0.861761 -0.870043 -0.853276 -0.892045 -0.895639 -0.88887 -0.900961 -0.881436 -0.870175 -0.884779 -0.875571 -0.87053 -0.881172 -0.894789 -0.892467 -0.885941 -0.873093 -0.864614 -0.850665 -0.891506 -0.868541 -0.88736 -0.893175 -0.881092 -0.885677 -0.880271 -0.874725 -0.887427 -0.893285 -0.881982 -0.874409 -0.896783 -0.886294 -0.893879 -0.881868 -0.891392 -0.854505 -0.886235 -0.859459 -0.882102 -0.882445 -0.85996 -0.881834 -0.885495 -0.872926 -0.865747 -0.886745 -0.885941 -0.898132 -0.894282
internal_weight=0 8867.22 1832.43 791.002 704.914 7034.79 1041.43 217.478 399.396 6635.39 5705.43 1401.33 635.255 4304.1 3672.42 1436.83 2235.59 1566.26 541.632 669.336 462.239 207.097 1280.29 549.425 296.299 337.485 631.68 282.632 532.164 278.152 254.012 1962.44 1102.29 601.208 416.281 823.955 181.757 642.198 273.246 231.479 136.908 292.312 929.968 555.655 492.681 219.063 130.115 368.952 156.537 860.153 421.48 295.853 232.048 273.618 207.389 766.072 372.656 393.417 220.352 325.147 150.368 142.226 438.673 173.064 250.802 277.961 99.5974 165.492 183.035 100.726 423.005 215.398 419.655 203.222 172.75 165.94 724.633 490.423
internal_count=131267 106478 21587 7781 5455 84891 13806 2721 6517 78374 67236 15131 6856 52105 44162 17263 26899 18711 6236 8188 5486 2702 15024 5922 3716 5501 7943 4611 4259 2261 1998 24789 14036 7622 5159 11085 2754 8331 3778 3219 2004 3585 11138 6629 5548 2438 1378 4553 2239 10753 5028 3785 2809 3110 2427 8275 4108 4167 2285 3595 1716 1714 5725 1882 3096 3476 1623 1259 2988 1168 5065 2784 4547 2229 1196 1770 8395 5656
is_linear=0
shrinkage=1


Tree=1
num_leaves=79
num_cat=0
split_feature=29 15 13 10 6 13 15 15 27 15 28 13 12 27 27 30 15 6 28 5 12 27 28 29 30 15 0 27 6 30 0 5 29 27 0 15 15 6 12 27 13 30 13 4 13 13 27 0 13 33 28 0 30 0 28 15 28 4 15 13 5 27 13 13 12 27 27 13 0 27 27 8 10 12 27 15 15 12
split_gain=48.227 24.6398 39.5204 40.3583 39.8848 28.2802 24.5423 21.8106 19.7485 28.3055 22.528 28.5999 19.4482 19.3093 18.5792 30.9302 25.1197 18.2499 18.2195 18.1189 27.9152 21.3418 19.8334 22.4918 18.5207 22.4603 22.0484 18.468 17.6826 17.4986 17.4154 17.3865 17.0676 30.9045 24.9014 18.8259 16.2653 16.1225 15.7149 15.6677 15.5626 15.2872 15.2902 14.8023 14.8004 14.2416 13.3256 16.4312 13.0152 12.962 12.7324 12.5739 12.5499 12.4311 12.245 12.1889 11.7218 11.5354 19.2077 11.1738 18.9197 12.161 16.8596 13.5457 10.7297 12.0725 10.5638 10.4544 10.385 10.3237 10.3083 10.205 9.97577 9.96912 11.7941 9.89191 18.1211 10.0612
threshold=-0.60785761475563038 17.16136455535889 -0.02598323859274387 0.098756842315197005 2.0434439182281499 -0.012201858218759297 10.540801525115969 20.491731643676761 -0.95688340067863453 25.748442649841312 0.31107263267040258 0.074807733297348036 -0.034090114757418626 0.076279435306787505 0.50938662886619579 -0.56174489110708226 4.9727966785430917 -3.029834389686584 0.22706275433301928 1.0208675265312197 0.061601875349879272 -0.24825246632099149 -0.37256073951721186 0.87837970256805431 1.0000000180025095e-35 7.685284137725831 0.8828980326652528 -0.92794367671012867 4.4032366275787362 1.0000000180025095e-35 0.80977541208267223 -3.2341244220733638 -1.0000000180025095e-35 0.22706275433301928 1.2436321973800661 7.6222195625305185 4.5522103309631357 6.7550563812255868 0.15315288305282596 0.97381904721260082 0.0030250630807131533 1.0000000180025095e-35 0.10105945542454721 2.0686639547348027 -0.0062172252219170323 0.044921908527612693 0.79989895224571239 1.3179851770401003 -0.052841661497950547 0.99736112356185924 -0.90159028768539418 1.1397319436073305 0.81174489855766307 0.84828808903694164 -0.43245348334312433 6.1719985008239755 0.33172981441020971 2.3669630289077763 21.870628356933597 0.059049498289823539 -1.3665829896926878 0.45201864838600164 0.014781798236072065 0.036747872829437263 0.071938395500183119 1.0000000180025095e-35 -0.45201864838600153 -0.021050089970231053 0.66774338483810436 0.4904943853616715 0.75894212722778331 0.89395189285278331 0.092714525759220137 0.0098698814399540442 0.83743050694465648 13.567583560943605 11.794793128967287 -0.038372386246919625
decision_type=2 2 2 2 2 2 2 2 2 2 2 2 2 2 2 2 2 2 2 2 2 2 2 2 2 2 2 2 2 2 2 2 2 2 2 2 2 2 2 2 2 2 2 2 2 2 2 2 2 10 2 2 2 2 2 2 2 2 2 2 2 2 2 2 2 2 2 2 2 2 2 2 2 2 2 2 2 2
left_child=-1 2 3 4 14 6 32 12 9 -9 43 38 -3 18 17 16 -16 54 53 24 22 27 23 52 25 26 40 -22 75 50 -23 46 -4 34 35 -34 -20 -27 57 55 44 42 -13 45 -7 -10 47 -28 -15 -17 -19 -25 -21 -5 -2 -35 72 58 -12 61 -61 62 -14 -63 65 -47 -38 -36 -62 -30 -8 -58 -26 74 -51 76 77 -24
right_child=1 7 5 13 -6 19 70 8 10 -11 11 41 59 48 15 49 -18 29 36 20 21 30 28 51 56 37 31 -29 69 -31 -32 -33 33 39 67 -37 66 -39 -40 -41 -42 -43 -44 -45 -46 64 -48 -49 -50 73 -52 -53 -54 -55 -56 -57 71 -59 -60 60 68 63 -64 -65 -66 -67 -68 -69 -70 -71 -72 -73 -74 -75 -76 -77 -78 -79
leaf_value=-0.024630968716029118 0.0036185765152868775 -0.015968829936383606 -0.019409131907322658 0.018055646183244435 -0.0061766722657152356 0.021519775578942753 -0.031466616349468034 0 0.020306263833293342 0.040123078474073808 0.011034755343161732 -0.021857835442606575 0.027028421384368416 -0.016255558551338138 0.013601544991909395 -0.0089188432604648538 0.058055350053691321 -0.022945026926054275 0.022677553760651382 0.00019765239691027443 -0.011833207618164985 -0.028889405983840759 0.020760336335073484 -0.028988152503787171 -0.00038140079199151268 -0.0063140806762024609 0.021215823837523035 0.012933089289943434 0.014119991810722444 0.014581321970686564 -0.00604231886824804 -0.010981850385293743 -0.011660247672215849 0.0026415427775980122 0.022973339113397502 -0.039616764158999396 -0.012004549958817836 0.016215560228180288 -0.0026763904803128284 -0.012946732191884067 0.026062130274016361 0.0064773475355286948 0.0087039811048706828 -0.01451325319410892 -0.0080165234941070463 0.019816554258358387 -0.015551249345979722 -0.00024952091691349368 -0.0019262769015435206 0.039346582562182819 0.0015489753916681477 0.00045170993376943532 0.020702869490144445 -0.0070363537280450795 0.032206688531612834 0.022884504681033646 -0.0095698542679288224 0.0058048040260419353 0.049168999926069247 0.00059198465517920119 0.044544848151416724 0 -0.0013426065643907692 0.026919561259615702 -0.010631841543774572 -0.0031069346162276969 0.014993027028946134 -0.0038882173398047193 0.018949922042240296 0.041925690138930403 -0.00374085201239934 -0.026569920601455611 -0.010701941465610413 0.00020866458394737318 0.0096001778002667484 -0.0033108558622009687 0.027465566906664757 0.001414261310288091
leaf_weight=160.77510940097272 52.728056145831943 50.716324159875512 168.08565713465214 43.027632849290967 239.29019173234701 54.684582499787211 130.74445629678667 87.56712044775486 52.032259911298752 57.801770457997918 57.348999748006463 108.79609721153975 45.928278217092156 229.55226051434875 50.278934292495251 43.224260114133358 71.490392558276653 52.421255430206656 143.58236351981759 326.25948409549892 94.420707726851106 104.03927154093981 66.686139287427068 73.839569419622421 485.71194555796683 1060.3805043697357 131.93420909158885 161.39488206990063 89.231011107563972 178.83248691819608 220.310516923666 197.08218133822083 208.26243161596358 142.27397016994655 39.908311804756522 68.41754181496799 64.396563176065683 65.034410992637277 51.942878300324082 58.998164923861623 137.07053869962692 176.65331213921309 42.98545927926898 263.56205999851227 80.631239904090762 60.325713308528066 45.608758449554443 151.12899453379214 321.84662554599345 56.762025371193886 181.46307105198503 43.350882155820727 73.512134600430727 277.61028606444597 94.892715506255627 115.25947868451476 308.04681564681232 55.264969866722822 63.876320661976933 84.96887787617743 52.71835432946682 63.643862523138523 303.4958940576762 108.28777319565415 236.87020626477897 169.79276035167277 49.152568290010095 84.756221905350685 144.05786554887891 49.310840576887131 41.664199084043503 104.48073182813823 330.05290854349732 54.170912973582745 67.131466932594776 136.29908278211951 97.005118662491441 294.82695865444839
leaf_count=1884 634 621 1788 433 2826 707 1728 1015 634 622 647 1339 540 3143 857 1294 837 628 2023 3905 1104 1294 826 861 5846 12682 1701 1949 1039 2202 2581 2302 2618 1932 533 776 681 817 627 727 1851 1579 667 2966 1138 601 476 2009 4044 553 2195 576 888 3737 1251 1397 3985 516 565 922 606 805 3625 1389 2374 2121 539 1201 1523 631 488 1230 3975 518 694 1679 1170 3466
internal_value=0 0.000146189 -0.00100929 0.00408884 0.0101041 -0.00293618 -0.00967935 0.00426869 0.000895426 0.0165871 -0.000816525 0.00610516 0.0100459 -0.00196986 0.0144787 0.0228764 0.0411252 0.0091225 0.00376965 -0.00148723 0.00209076 -0.00608263 0.00592966 -0.000804813 -0.00358068 -0.000763038 0.00502587 0.00356192 0.0107213 0.00397802 -0.0137875 -0.000346784 -0.00648566 -0.00329945 -0.0116713 -0.0192229 0.0127283 -0.00491503 0.0183334 0.0071769 0.0154244 -0.00237391 -0.0128883 -0.00580997 0.00385077 -0.00121831 0.00594028 0.00974498 -0.00805518 0.0120547 -0.00403561 -0.0180472 0.00426033 -0.00333415 0.0226894 0.0121036 -0.00793647 0.0247076 0.0324657 0.0118216 0.0191998 0.00762329 0.00251774 0.0174231 -0.00387545 0.00293503 0 0.00478808 0.0268164 0.0252762 -0.0252845 -0.0142109 -0.00464904 0.0174996 0.0244307 0.00710044 0.0103027 0.00530845
internal_weight=0 10651.2 8312.56 2271.85 1142.69 6040.7 1058.37 2338.64 1484.82 145.369 1339.45 556.868 853.817 1129.17 903.396 343.058 121.769 560.338 577.769 4982.33 1830.49 580.165 1250.32 516.962 3151.85 1923.56 798.141 255.816 733.359 412.717 324.35 525.754 885.962 717.876 401.345 276.68 257.131 1125.41 228.433 316.532 272.386 328.435 151.782 782.583 135.316 519.021 328.672 283.063 551.399 221.289 233.884 117.19 399.772 320.638 147.621 257.533 1228.29 176.49 121.225 803.101 281.745 521.356 349.424 171.932 466.989 230.118 113.549 124.665 196.776 138.542 172.409 412.528 815.765 178.064 123.893 594.817 458.518 361.513
internal_count=131153 129269 102965 29089 14489 73876 13188 26304 16273 1637 14636 5940 10031 14600 11663 4753 1694 6910 7413 60688 21969 6928 15041 6230 38719 23683 10184 3053 8811 5025 3875 6488 10972 9184 5128 3394 3243 13499 2355 4056 3696 3585 2006 8696 1845 5730 4186 3710 7187 3059 2823 1437 4793 4170 1885 3329 15036 1728 1212 9410 3051 6359 4165 2194 5096 2722 1220 1734 2129 1670 2216 5215 9821 1765 1247 7141 5462 4292
is_linear=0
shrinkage=0.0454652


Tree=2
num_leaves=79
num_cat=0
split_feature=16 16 2 3 3 3 4 15 22 3 2 27 28 22 3 2 2 23 3 31 4 28 3 28 0 16 4 3 3 6 2 16 28 28 0 2 16 17 23 23 28 22 2 3 15 0 0 16 28 0 28 22 15 27 23 3 3 27 27 6 2 0 3 3 6 3 0 2 4 3 3 2 22 17 27 15 16 3
split_gain=36.1522 36.6256 33.1467 30.8593 23.5168 23.6132 23.1591 23.9929 20.102 19.556 22.5829 21.6126 20.67 19.3202 25.5872 37.6349 24.8167 20.7002 17.196 20.2346 16.9449 16.6739 22.0956 16.0031 15.6701 15.4932 14.956 18.8102 17.3195 19.0907 13.9667 13.538 13.3187 12.5931 11.6452 13.7633 12.9036 11.4116 10.6582 17.4212 10.7914 10.181 9.86046 22.8436 22.4678 17.1101 13.2934 12.7601 20.1072 12.6256 12.5018 10.473 10.1051 11.2769 12.5616 12.3172 9.61564 9.56617 8.9611 43.5299 19.1901 13.4063 15.7773 15.5954 12.9287 11.942 10.7303 9.3433 9.31085 9.79165 17.8807 18.4239 17.4941 9.1879 8.92504 9.60164 18.5611 8.7276
threshold=0.82306116819381725 0.57456713914871227 0.79186719655990612 0.47187054157257086 0.9055348038673402 0.95635694265365612 1.5247173905372622 16.131503105163578 -0.48233351111412043 0.35750664770603185 0.57660654187202465 -0.2693240344524383 -0.72982063889503468 -0.58022254705429066 0.56002935767173778 0.75607639551162731 1.1759502291679385 0.72657582163810741 0.2571455985307694 1.0000000180025095e-35 -0.9135993719100951 0.81279832124710094 0.35505893826484686 0.37256073951721197 1.0010465383529665 0.90803575515747081 -2.4475471973419185 0.28499393165111547 0.2571455985307694 -0.42469479143619532 0.80088472366333019 0.33787657320499426 0.81279832124710094 -0.83743050694465626 1.022809684276581 1.0196284055709841 0.8941611945629121 26.500000000000004 0.57328814268112194 0.73275285959243786 0.41268247365951544 -0.19838794320821759 1.1825805902481081 0.66299358010292064 14.042866706848146 1.3078234791755678 0.71686473488807689 0.78983184695243847 0.58244305849075328 1.2789225578308108 -0.66746801137924183 0.458666741847992 16.272429466247562 0.91080963611602794 0.47290781140327459 0.40998001396656042 0.43356032669544226 0.7298206388950349 0.4904943853616715 -3.5913606882095332 0.51570862531661998 0.85404661297798168 0.32279427349567419 0.57693797349929821 -1.7555596232414243 0.3004478812217713 1.0306604504585268 0.79623553156852733 2.1939924955368046 0.84542027115821849 0.92256152629852306 2.1307516098022465 0.68702673912048351 79.500000000000014 -0.72982063889503468 25.332494735717777 0.91370463371276867 0.44714963436126715
decision_type=2 2 2 2 2 2 2 2 2 2 2 2 2 2 2 2 2 2 2 2 2 2 2 2 2 2 2 2 2 2 2 2 2 2 2 2 2 2 2 2 2 2 2 2 2 2 2 2 2 2 2 2 2 2 2 2 2 2 2 2 2 2 2 2 2 2 2 2 2 2 2 2 2 2 2 2 2 2
left_child=1 13 3 9 26 -6 7 34 74 10 25 -11 -12 14 16 -16 20 18 -15 -20 -1 38 -23 31 -5 37 33 28 57 -30 -24 -17 -14 -3 35 -4 -37 -2 -22 -40 -41 -13 43 47 49 46 -45 51 -49 -44 -46 52 53 54 -29 -56 -57 -28 60 66 -19 65 -63 -64 -65 -61 -60 -67 69 -62 72 73 -71 -72 -9 76 -76 -18
right_child=2 4 6 24 5 -7 -8 8 -10 11 12 41 32 17 15 23 77 58 19 -21 21 22 30 -25 -26 -27 27 42 29 -31 -32 -33 -34 -35 -36 36 -38 -39 39 40 -42 -43 44 45 50 -47 -48 48 -50 -51 -52 -53 -54 -55 55 56 -58 -59 59 61 68 62 63 64 -66 67 -68 -69 -70 70 71 -73 -74 -75 75 -77 -78 -79
leaf_value=0 -0.02503765453587696 0.020378118581639376 0.0043498306345647157 0.04192890619148832 0.034190343458454356 -2.1040694688643628e-05 -0.0038810159291312726 0.026568457856670287 0.0037952853465620471 -0.030213877196808878 0 -0.0061576722143753928 0.043826384275253941 0.013862269710700009 -0.027733865716787952 -0.017969092680714813 -0.020462000586879425 -0.019662651637579409 -0.0060040770422990029 -0.026950959779627373 0.041589231772403576 -0.013307261275680228 0.0055703488430444469 0.0092888714608366698 0.0092494732629697027 0.01800902154102137 0.0056260369921115614 0.0017069731929016652 0.04087379355443737 0 0.039743320221435688 0.0055587713591051533 0.012166855429122379 -0.0019647177534812895 0.010327630532490696 -0.0052437837305903366 -0.033142364210227808 0.0027961081519785624 0.0071450231698412352 0.018348507754530601 0.049945876253323578 0.020312934325596218 -0.026677380116746904 -0.0068607287340157856 -0.020507415442670381 -0.018342568112148971 0.016682090877464952 0.011060086258216221 -0.019994044470014682 -0.00408121716995225 0.001887136853105275 0 -0.02701792219924911 -0.00055157604324930422 -0.025594290652458905 0.005048993377691071 -0.013908697758736559 -0.018573285912936791 0.0020368224165707893 0.02239052906756767 -0.00082723932907068174 -0.0030620565511201713 0.02663289657197198 -0.010606194514361952 0.016778484314319816 -0.0189961196290875 -0.011212991166202443 0.0062155260712258463 -0.008589146927914482 0.028167022767764428 -0.016447685734822279 0.013600799815970318 -0.0011739443029769809 0.0069274312573527818 0.00020046938101431276 -0.0050226132169387868 0.029050743324365948 0.0039300971901660283
leaf_weight=117.54823912493885 44.706137174740434 64.435079934075475 75.206909542903304 97.73945021443069 53.128168424591422 143.45067797787488 875.94229129143059 139.65476263314486 616.9996163956821 46.139404045417905 50.052911562845111 62.279560035094619 88.396072814241052 62.199386211112142 89.163036726415157 101.94872763566673 53.613218069076538 103.40829480625689 489.27380932494998 119.12573326565325 69.063648717477918 63.942880799993873 70.480989955365658 350.84627711959183 53.386731743812561 73.67967982403934 66.561970578506589 90.396781211718917 41.910832446068525 44.70691411010921 39.508371438831091 89.422520212829113 52.043556744232774 204.23295720107853 65.106960719451308 79.765342373400927 66.606502342969179 72.333808561787009 126.1688467245549 70.499500518664718 44.738582005724311 48.849148809909821 255.51175663992763 63.682350780814886 64.420590100809932 49.532295525074005 167.16302597895265 133.4008778501302 58.441633958369493 72.353176144883037 194.06249067001045 141.89031673409045 97.283477449789643 175.97408152557909 194.68946046382189 57.651347734034061 407.68181565403938 58.027208046987653 207.08931866660714 33.643759360536933 1215.9701200891286 70.045979065820575 244.90794238820672 49.602583205327392 96.331447165459394 59.491477131843567 295.86556686088443 51.353062881156802 221.02576244436204 115.75606247596443 119.64262864179909 111.52968115545809 59.414554981514812 42.266360469162464 89.091262698173523 52.244189305230975 99.922813277691603 56.07800330594182
leaf_count=1525 533 776 759 978 808 1914 9565 1314 6703 455 522 778 1016 1125 1113 1157 686 1036 6396 1297 872 786 915 4762 622 893 1036 1185 530 571 570 1058 530 2226 723 842 624 886 1595 797 584 600 3093 768 836 582 1825 1502 657 912 2701 1731 1085 2142 2472 636 4674 1052 2730 592 15343 1087 2914 548 1117 972 2972 711 2844 1380 1907 1627 741 502 920 673 978 685
internal_value=0 -0.00137623 0.00458166 0.0132402 -0.00545544 0.0094898 0.00177569 0.00567082 0.00901297 0.00789967 0.0134591 -0.00527341 0.0243833 0.000931792 0.00560927 -0.000985086 0.0115003 -0.000726757 -0.00795033 -0.0103376 0.0151398 0.0188699 0.00698048 0.00349873 0.0312462 0.00201496 -0.00657264 -0.00770114 0.00504063 0.0203012 0.0192567 -0.0068392 0.0331072 0.00343992 -0.00575816 -0.0108023 -0.0188184 -0.0079188 0.0251984 0.0196963 0.0323143 0.00536237 -0.00894003 -0.0070374 -0.0140864 0.00460798 0.00997343 -0.00948523 0.00113135 -0.0219494 -0.00374061 -0.0112722 -0.0128712 -0.0112211 -0.0136419 -0.0158151 -0.0114326 -0.0054975 0.000829887 0.0041066 -0.000976186 0.0123084 0.0160677 0.0196158 0.00710999 0 -0.00568878 -0.00708565 6.30758e-05 0.00125938 0.00697942 -0.000158266 0.018143 -0.0100314 0.0172079 0.0112384 0.0159968 -0.0078698
internal_weight=0 8011.56 2850.15 689.606 2900.59 196.579 2160.54 1284.6 997.913 538.48 381.212 157.268 190.493 5110.97 1343.02 631.381 711.642 3767.94 670.599 608.4 601.951 484.403 173.932 542.218 151.126 190.72 2704.01 2435.34 211.207 86.6177 109.989 191.371 140.44 268.668 286.686 221.579 146.372 117.04 310.471 241.407 115.238 111.129 2224.14 1637.79 586.348 280.378 230.845 1357.41 191.843 327.865 258.483 1165.57 1023.68 926.393 750.419 660.023 465.333 124.589 3097.34 1108.33 1989.01 605.376 460.888 390.842 145.934 144.488 502.955 110.845 1885.61 1664.58 448.609 273.439 175.171 161.909 380.913 241.258 189.014 109.691
internal_count=131574 100660 30914 7813 35714 2722 23101 13536 10588 6213 4380 1833 2068 64946 17105 8090 9015 47841 8818 7693 7644 6119 2271 6977 1600 2312 32992 29990 3189 1101 1485 2215 1546 3002 2948 2225 1466 1419 3848 2976 1381 1378 26801 19259 7542 3175 2593 16084 2159 4005 3537 13925 12194 11109 8967 7782 5310 2088 39023 13643 25380 7941 5666 4579 1665 2275 5702 1683 24344 21500 6157 4036 2121 2409 3885 2571 1898 1371
is_linear=0
shrinkage=0.0454652


Tree=3
num_leaves=79
num_cat=0
split_feature=29 11 22 29 11 13 13 29 11 21 21 2 14 13 13 29 2 0 14 13 5 21 2 14 28 28 13 13 2 0 13 18 11 4 29 13 2 28 13 13 29 11 31 28 21 0 22 29 13 28 13 5 14 2 14 8 6 28 13 2 11 14 13 28 2 4 5 29 13 13 21 8 29 28 2 8 29 13
split_gain=52.4516 44.5303 36.3859 20.3656 35.2415 27.7495 25.141 22.9787 19.2262 14.3531 16.2098 11.2587 12.7091 25.512 20.4489 17.1161 15.0627 11.8246 24.5167 16.4264 10.9139 28.7471 21.324 18.7036 18.4614 15.63 20.3355 16.4422 16.1268 15.6014 14.8499 16.9883 19.5659 19.5842 14.5068 13.7471 11.9938 10.0573 25.5865 14.3313 16.4008 14.4101 12.0756 12.048 15.8879 13.4905 13.2669 11.8973 11.0846 10.6161 12.4173 11.016 10.3005 10.4308 9.82401 9.64762 9.37978 16.3924 9.26231 10.7297 9.11793 8.97263 11.2799 10.6798 8.82709 13.8247 10.9844 14.7192 10.3816 13.7886 10.2953 11.4778 9.70219 14.0329 8.76769 8.61862 9.303 9.13247
threshold=-0.60785761475563038 0.020649446174502376 -0.94596341252326954 0.87837970256805431 0.099369972944259657 -0.025434461422264572 0.072388857603073134 1.0000000180025095e-35 0.075824812054634108 2.2305282354354863 5.6699850559234628 2.2690784931182866 -7.4061741828918448 -0.013191557023674248 -0.025434461422264572 1.0000000180025095e-35 1.5194944739341738 0.83361670374870311 -10.482145786285399 -0.01830741390585899 0.5340428650379182 10.406871795654299 0.85874369740486156 -9.923423767089842 0.43245348334312445 0.7298206388950349 -0.04930287413299083 -0.027773463167250153 0.55683371424674999 0.74100926518440258 -0.02263038698583841 79.500000000000014 0.09510019421577455 0.54244741797447216 0.6078576147556306 0.040528561919927604 1.8669780492782595 -0.88186877965927113 0.058280250057578094 0.032277319580316551 -1.0000000180025095e-35 0.04531033709645272 1.0000000180025095e-35 -0.54643493890762318 10.406871795654299 0.86277833580970775 -0.45074972510337824 0.6078576147556306 -0.032076312229037278 -0.35222910344600672 -0.072524826973676668 5.1661717891693124 -1.8436018824577329 1.7098083496093752 -3.1472812891006465 1.2020708322525027 -7.0957560539245597 0.77296444773674022 -0.0074798918794840566 0.73190179467201244 0.12380101531744005 -8.9121999740600568 -0.015245745424181221 -0.05451125651597976 0.85874369740486156 0.83037912845611583 -2.2727452516555782 0.87837970256805431 -0.0044205249287188044 0.016754871234297756 5.7642550468444833 -0.46849557757377619 0.6078576147556306 0.076279435306787505 0.58169162273406994 2.2299519777297978 0.6078576147556306 0.051567131653428085
decision_type=2 2 2 2 2 2 2 2 2 2 2 2 2 2 2 2 2 2 2 2 2 2 2 2 2 2 2 2 2 2 2 2 2 2 2 2 2 2 2 2 2 2 2 2 2 2 2 2 2 2 2 2 2 2 2 2 2 2 2 2 2 2 2 2 2 2 2 2 2 2 2 2 2 2 2 2 2 2
left_child=-1 11 3 4 5 7 -6 -3 -5 -7 -11 12 14 -14 15 -2 54 18 -16 -19 21 23 25 24 35 27 -27 28 -22 -28 31 32 56 -34 -30 -4 64 38 47 41 52 42 48 44 -42 46 -45 -24 -39 51 -51 -43 53 -41 -15 -56 -26 -58 -20 -60 -48 -50 -63 -64 66 68 67 -25 -66 -70 72 -72 -71 -74 -31 76 77 -68
right_child=1 2 20 8 6 9 -8 -9 -10 10 -12 -13 13 16 17 -17 -18 19 58 -21 22 -23 37 36 30 26 29 -29 34 74 -32 -33 33 -35 -36 -37 -38 39 -40 40 43 49 -44 45 -46 -47 60 -49 61 50 -52 -53 -54 -55 55 -57 57 -59 59 -61 -62 62 63 -65 65 -67 75 -69 69 70 71 -73 73 -75 -76 -77 -78 -79
leaf_value=-0.025094446270572068 -0.0035835204448679821 0.0398587252393693 -0.0016487613357382108 0.04261844058202563 0.036306977413902625 -0.018852515090629181 0 0 0.0038650106334775871 0.011970382144201326 -0.017093151145938908 -0.023386839048157613 -0.023839606233420213 -0.0091267368486507225 -0.026457023048128549 0.031352937441982219 0.01906218112430719 0.025090525783870707 -0.012775157026054283 -0.0020629205432469611 0.045659428043811366 0.023609409489379424 0.0064376065030725283 -0.019725892681760494 0.0098647984863801715 -0.025896479205341279 -0.0067860316968973719 0.0075678688215314125 0.026165566351924335 0 -0.001945060165663837 -0.0049106182769548725 -0.0029174465023703152 0.032665779144508501 -0.0029042357179682515 0.019914698070150762 -0.021335921885291802 -0.0085508688283774826 -0.025712642985260617 0.016327664280127659 0.012288198248779154 -0.0077892564389334083 -0.010033544850149621 0.011005253914318811 -0.013934203164430036 0.01612202438248542 0.0028505204888042692 -0.0099971646187639839 0.031009537352965116 0.0083529258056286408 -0.01182970310493631 0.010535792587642992 -0.015230162671462107 -0.0086310356241871538 -0.004202015767004374 0.018138433325922403 0.059945382735320643 0.019263957774063471 -0.0051975988003152276 0.023255614564168785 -0.023995617398624956 -0.010035142667800761 0.00058842565537300365 0.021967311697008975 -0.012521949272373255 -0.0098717939922250975 -0.014660621142010328 0.0040741156225916958 0.021438580948654782 0.0048224781316467029 0.025880926507367365 -0.00080106253376167631 0 -0.029056870928904209 0.022098843993075334 0.013780570668911512 0.001341107255946831 0.00087721371864718988
leaf_weight=162.58501846715808 44.570228222757578 52.861836662515998 1450.7652385719121 74.191442351788282 119.94317371025681 119.26249450445175 57.546868924051523 66.54962863214314 45.763493444770575 107.08810359984636 57.191976526752114 68.766647541895509 178.14978391677141 612.33661721460521 116.04466752894223 65.281144151464105 46.257539182901382 47.480487231165171 60.228133892640471 417.32342553324997 46.434170184656978 94.894024755805731 229.12532580457628 218.68359352275729 40.541327646002173 51.193381680175662 137.13398770242929 741.77588911540806 77.1053511723876 62.087672170251608 162.63708181679249 70.611368238925934 108.25666544772685 39.863091815263033 56.854273792356253 59.545503495261073 80.709355292841792 58.3356266412884 97.431865280494094 63.369636664167047 84.510011298581958 120.210877886042 83.468372374773026 144.98289220966399 98.508479930460453 431.23536540195346 46.710262263193727 145.27713474445045 43.103002617135644 67.259781394153833 450.41179800592363 142.51272681541741 105.47440484911203 65.026993436738849 115.53286971151829 54.745309073477983 42.389134492725134 56.286040300503373 48.357231354340911 50.361460734158754 46.5368080008775 48.879363715648651 88.721118476241827 117.096007572487 69.793043339625001 220.49003814347088 238.80461980588734 64.978747913613915 89.762976758182049 180.55127368867397 63.948836693540215 58.198120191693306 96.744246643036604 50.542676962912083 96.050908537581563 50.745466692373157 266.15171279758215 106.2230532001704
leaf_count=1918 635 602 18989 833 1287 1492 557 823 545 1258 649 785 2295 7770 1681 728 566 566 776 5114 690 1210 2750 2423 552 756 1858 8899 1066 714 2036 963 1486 500 670 876 965 610 953 779 885 1457 966 1547 1033 4618 558 1893 602 879 5150 1668 1242 783 1406 650 574 663 690 726 499 602 1048 1314 840 2531 2981 730 1127 2124 670 641 1083 474 989 519 3250 1353
internal_value=0 0.000606992 0.00199192 0.0119065 0.00814622 0.000523033 0.0247833 0.0186541 0.0288413 -0.00709962 0.00139331 -0.0056375 -0.00490398 -0.00835345 -0.000738048 0.0171297 -0.00486584 -0.00353629 -0.010947 0.000801253 0.00111534 -0.000564207 0.00277897 -0.00119103 0.00180562 0.00765554 -0.000443085 0.0107394 0.0230601 0.00410017 0.00915988 0.0143053 0.0191975 0.00695822 0.0137538 -0.00071496 -0.00449247 0.000526627 -0.00546764 0.00178155 0.00557962 -0.00156795 0.00493005 0.00851859 -0.00156119 0.0113394 0.00235486 0 0.00864655 -0.00529713 -0.00906906 0.00197734 -0.00489057 0.00344266 -0.00643379 0.00295748 0.0313095 0.0389031 0.00045661 0.00919066 -0.0104912 0.012247 0.00844391 0.0131748 -0.00365223 -0.0001659 -0.00664728 -0.014124 0.00330788 0.00552317 0.00207661 0.0131671 -0.00201975 -0.0106333 0.0137743 -0.00330295 -0.00488274 -0.009783
internal_weight=0 10654.8 8729.34 700.399 580.444 402.954 177.49 119.411 119.955 283.543 164.28 1925.44 1856.67 1007.02 849.647 109.851 828.872 739.795 274.991 464.804 8028.94 3982.12 4046.82 3887.22 2030.9 1268.64 346.466 922.17 180.394 295.273 520.585 357.948 287.336 148.12 133.96 1510.31 1856.33 2778.19 471.834 2306.35 1086.35 1220 439.603 852.484 183.018 669.465 238.23 374.402 356.135 780.395 517.672 262.724 233.871 128.397 782.615 170.278 139.217 98.6752 158.947 98.7187 93.2471 297.799 254.696 205.817 1775.62 830.031 945.587 283.662 609.541 539.748 449.985 122.147 327.838 147.287 158.139 661.925 611.179 345.028
internal_count=131390 129472 105084 8046 6668 4824 1844 1425 1378 3399 1907 24388 23603 12687 10916 1363 10392 9553 3873 5680 97038 49560 47478 48350 26639 15642 4317 11325 2426 3561 6774 4738 3775 1986 1736 19865 21711 31836 5596 26240 11944 14296 5142 9140 1918 7222 2604 4643 4176 9154 6029 3125 2804 1562 9826 2056 1789 1237 2192 1416 1057 3566 2964 2362 20746 9490 11256 3153 6959 6119 4992 1311 3681 1557 1703 8103 7584 4334
is_linear=0
shrinkage=0.0454652


end of trees

feature_importances:
Column_28=32
Column_3=30
Column_13=30
Column_2=19
Column_27=19
Column_0=17
Column_15=16
Column_21=16
Column_11=13
Column_29=13
Column_14=12
Column_12=11
Column_30=11
Column_4=10
Column_6=8
Column_7=8
Column_16=7
Column_22=7
Column_5=6
Column_8=6
Column_18=6
Column_23=4
Column_9=2
Column_10=2
Column_17=2
Column_31=2
Column_33=2
Column_32=1

parameters:
[boosting: gbdt]
[objective: binary]
[metric: auc]
[tree_learner: serial]
[device_type: cpu]
[data_sample_strategy: bagging]
[data: ]
[valid: ]
[num_iterations: 600]
[learning_rate: 0.0454652]
[num_leaves: 79]
[num_threads: 2]
[seed: 2024]
[deterministic: 0]
[force_col_wise: 0]
[force_row_wise: 0]
[histogram_pool_size: -1]
[max_depth: -1]
[min_data_in_leaf: 525]
[min_sum_hessian_in_leaf: 0.001]
[bagging_fraction: 0.774687]
[pos_bagging_fraction: 1]
[neg_bagging_fraction: 1]
[bagging_freq: 1]
[bagging_seed: 2024]
[feature_fraction: 0.515409]
[feature_fraction_bynode: 1]
[feature_fraction_seed: 2024]
[extra_trees: 0]
[extra_seed: 29642]
[early_stopping_round: 0]
[early_stopping_min_delta: 0]
[first_metric_only: 0]
[max_delta_step: 0]
[lambda_l1: 1.07292]
[lambda_l2: 4.08529]
[linear_lambda: 0]
[min_gain_to_split: 0]
[drop_rate: 0.1]
[max_drop: 50]
[skip_drop: 0.5]
[xgboost_dart_mode: 0]
[uniform_drop: 0]
[drop_seed: 2449]
[top_rate: 0.2]
[other_rate: 0.1]
[min_data_per_group: 100]
[max_cat_threshold: 32]
[cat_l2: 10]
[cat_smooth: 10]
[max_cat_to_onehot: 4]
[top_k: 20]
[monotone_constraints: ]
[monotone_constraints_method: basic]
[monotone_penalty: 0]
[feature_contri: ]
[forcedsplits_filename: ]
[refit_decay_rate: 0.9]
[cegb_tradeoff: 1]
[cegb_penalty_split: 0]
[cegb_penalty_feature_lazy: ]
[cegb_penalty_feature_coupled: ]
[path_smooth: 0]
[interaction_constraints: ]
[verbosity: -1]
[saved_feature_importance_type: 0]
[use_quantized_grad: 0]
[num_grad_quant_bins: 4]
[quant_train_renew_leaf: 0]
[stochastic_rounding: 1]
[linear_tree: 0]
[max_bin: 255]
[max_bin_by_feature: ]
[min_data_in_bin: 3]
[bin_construct_sample_cnt: 200000]
[data_random_seed: 6648]
[is_enable_sparse: 1]
[enable_bundle: 1]
[use_missing: 1]
[zero_as_missing: 0]
[feature_pre_filter: 1]
[pre_partition: 0]
[two_round: 0]
[header: 0]
[label_column: ]
[weight_column: ]
[group_column: ]
[ignore_column: ]
[categorical_feature: ]
[forcedbins_filename: ]
[precise_float_parser: 0]
[parser_config_file: ]
[objective_seed: 12337]
[num_class: 1]
[is_unbalance: 0]
[scale_pos_weight: 1]
[sigmoid: 1]
[boost_from_average: 1]
[reg_sqrt: 0]
[alpha: 0.9]
[fair_c: 1]
[poisson_max_delta_step: 0.7]
[tweedie_variance_power: 1.5]
[lambdarank_truncation_level: 30]
[lambdarank_norm: 1]
[label_gain: ]
[lambdarank_position_bias_regularization: 0]
[eval_at: ]
[multi_error_top_k: 1]
[auc_mu_weights: ]
[num_machines: 1]
[local_listen_port: 12400]
[time_out: 120]
[machine_list_filename: ]
[machines: ]
[gpu_platform_id: -1]
[gpu_device_id: -1]
[gpu_use_dp: 0]
[num_gpu: 1]

end of parameters

pandas_categorical:null
