tree
version=v4
num_class=1
num_tree_per_iteration=1
label_index=0
max_feature_idx=33
objective=binary sigmoid:1
feature_names=Column_0 Column_1 Column_2 Column_3 Column_4 Column_5 Column_6 Column_7 Column_8 Column_9 Column_10 Column_11 Column_12 Column_13 Column_14 Column_15 Column_16 Column_17 Column_18 Column_19 Column_20 Column_21 Column_22 Column_23 Column_24 Column_25 Column_26 Column_27 Column_28 Column_29 Column_30 Column_31 Column_32 Column_33
feature_infos=[0.22403052449226379:4.806818962097168] [0.027025075629353523:24.251049041748047] [0.17134076356887817:8.6935958862304688] [0.087584272027015686:1] [-28.67047119140625:41.262332916259766] [-36.190670013427734:42.326030731201172] [-36.841156005859375:62.500308990478516] [-41.300331115722656:63.120437622070312] [-22.455821990966797:30.680826187133789] [0:0.95389312505722046] [0:0.64536702632904053] [0:0.40022626519203186] [-0.51016271114349365:0.51874518394470215] [-0.15357083082199097:0.22172828018665314] [-45.028751373291016:17.161741256713867] [-6.6708002090454102:64.2962646484375] [0:1] [0:95] [0:95] [-1:1] [-29.775985717773438:44.984848022460938] [-30.525325775146484:55.0223388671875] [-2.8409864902496338:15.253066062927246] [0.049656935036182404:5.4310722351074219] [-1:1] [0:1] [0:0.99820786714553833] [-1:1] [-1:1] [-0.78183150291442871:0.97492790222167969] [-0.90096884965896606:1] [0:1] [0:1] [0.8888888955116272:4.5999999046325684]
tree_sizes=1726 1797 1800 1824 1812 1776 1804 1811 1800 1788 1772 1799 1767 1808 1796 1816 1811 1779 1786 1812 1803 1806 1809 1804 1817 1810 1801 1774

Tree=0
num_leaves=15
num_cat=0
split_feature=29 32 11 0 21 13 3 3 13 29 14 17 2 6
split_gain=56.1327 65.1548 77.5861 72.167 47.7894 51.6431 30.6653 28.8751 28.3155 29.3678 27.1121 24.6841 23.0535 23.3578
threshold=-1.0000000180025095e-35 1.0000000180025095e-35 0.02022067736834288 0.87124618887901317 -8.0526790618896467 -0.034581271931529038 0.63123613595962536 0.41208109259605413 0.041709125041961677 1.0000000180025095e-35 -6.8857898712158194 54.500000000000007 1.1694709062576296 7.6970901489257821
decision_type=2 2 2 2 2 2 2 2 2 2 2 2 2 2
left_child=-1 4 6 -4 7 -6 -3 -2 9 -7 11 -11 -12 -14
right_child=1 2 3 -5 5 8 -8 -9 -10 10 12 -13 13 -15
leaf_value=-1.066512132250069 -1.0604492308452576 -1.0617985589767394 -1.0729856056494216 -1.0691449445637342 -1.0705968209639771 -1.0652001841479446 -1.0675973559271499 -1.066497053336867 -1.0687655430204355 -1.0704652356883539 -1.0673569442492441 -1.0675026762537467 -1.0616441193590209 -1.0677897770755875
leaf_weight=2117.3252600412816 126.5902617610991 124.72973629646003 725.50385749898851 1729.1966606583446 661.1048597600311 683.44705804996192 378.2044422775507 274.34815378114581 1402.4424264524132 473.11254377104342 1035.3491465914994 667.63334009051323 163.67144615203142 123.08071298338473
leaf_count=27986 2167 1508 8586 23400 9402 9418 5428 3496 16875 6274 13730 8830 1972 1607
internal_value=-1.06796 -1.06835 -1.06956 -1.07031 -1.06771 -1.06797 -1.06601 -1.06438 -1.06759 -1.06705 -1.06759 -1.0687 -1.0666 -1.06407
internal_weight=0 8568.41 2957.63 2454.7 5610.78 5209.84 502.934 400.938 4548.74 3146.29 2462.85 1140.75 1322.1 286.752
internal_count=140679 112693 38922 31986 73771 68108 6936 5663 58706 41831 32413 15104 17309 3579
is_linear=0
shrinkage=1


Tree=1
num_leaves=15
num_cat=0
split_feature=27 11 29 0 15 3 13 13 13 15 12 16 27 0
split_gain=106.1 71.5945 72.1432 78.6086 39.7497 37.5644 32.2276 35.925 29.8024 39.7695 26.5823 26.3951 28.4344 22.776
threshold=-0.47136868536472315 0.016796728596091274 -1.0000000180025095e-35 1.026610851287842 3.6314291954040532 0.48378214240074163 -0.068689703941345201 -0.041991515085101121 -0.024342893622815606 18.761209487915043 0.069684844464063658 0.39023442566394811 0.61734244227409374 0.80690491199493419
decision_type=2 2 2 2 2 2 2 2 2 2 2 2 2 2
left_child=1 -1 5 -4 6 -3 -2 -8 11 10 -10 -6 -13 -12
right_child=4 2 3 -5 8 -7 7 -9 9 -11 13 12 -14 -15
leaf_value=0.002157723041066149 0.006955928222268563 0.0063961740566948937 -0.0048157038523897128 -0.0010702444111148745 -0.0022486249525748292 -7.0874824366966399e-05 -0.0022593472549031217 0.0028696494341259983 0.0008810676817781176 -0.00080145191067671276 0.0063719954179874477 0.0035351229006880388 -0.0015528931536019303 0.0016625975389540039
leaf_weight=461.27584481053054 147.33449645899236 102.90464696660638 1106.2310410067439 1261.5696359165013 722.17507988400757 472.074243247509 165.27144420519471 609.57031987980008 3371.7381872143596 1281.6326828952879 173.38129612244666 207.07228929921985 216.44773087464273 354.42577582970262
leaf_count=6450 2494 1113 13604 17448 10356 6528 2458 8216 44468 15373 2337 2471 2645 4495
internal_value=0 -0.00147657 -0.00206408 -0.00284701 0.000684674 0.00108566 0.00264403 0.00171253 0.000389852 0.00072079 0.00123205 -0.0010665 0.00085941 0.00335402
internal_weight=0 3404.06 2942.78 2367.8 7249.05 574.979 922.176 774.842 6326.87 5181.18 3899.55 1145.7 423.52 527.807
internal_count=140456 45143 38693 31052 95313 7641 13168 10674 82145 66673 51300 15472 5116 6832
is_linear=0
shrinkage=0.0101079


Tree=2
num_leaves=15
num_cat=0
split_feature=27 11 23 15 13 13 13 15 8 15 27 14 17 28
split_gain=94.9094 60.1673 55.1607 36.8201 30.4097 36.8453 30.349 38.1635 25.9122 22.3483 37.8785 26.6526 20.4289 20.9084
threshold=-0.47136868536472315 0.017215382307767872 1.5921131372451784 3.9244840145111088 -0.068689703941345201 -0.041991515085101121 -0.024342893622815606 18.761209487915043 -1.5083956718444822 9.2653660774230975 0.61734244227409374 -16.958686828613278 53.500000000000007 -0.75894212722778309
decision_type=2 2 2 2 2 2 2 2 2 2 2 2 2 2
left_child=1 -1 -3 4 -2 -6 9 -8 -9 11 -11 -5 -7 -14
right_child=3 2 -4 6 5 12 7 8 -10 10 -12 -13 13 -15
leaf_value=0.0018671274747683335 0.0063854385515491512 -0.0027982408908077279 0.00023066658862913873 0.00098013169400034761 -0.0022823921901404176 -0.00033219495090843995 0.0011878875828295866 -0.003631478746449898 -3.7498871456346612e-05 0.0051214538036551873 -0.0021204834631333167 -0.0030395033431997761 0.0067389031472880178 0.002062519169144573
leaf_weight=480.46774291619658 165.24978228844702 2115.7032671198249 829.29402424767613 207.36085065081716 182.22752098180354 153.27329099737108 3865.9600286241621 256.8039369545877 1019.4496409911662 130.73316081427038 142.61537254974246 623.8079927302897 158.00212475843728 370.90383945032954
leaf_count=6666 2754 27164 11542 3357 2697 2232 50695 2880 12414 1515 1748 8185 2009 4978
internal_value=0 -0.0013854 -0.00193321 0.000653163 0.0024237 0.00157063 0.000352246 0.000683823 -0.000809502 -0.00114913 0.00124399 -0.00198861 0.00267244 0.00361099
internal_weight=0 3425.47 2945 7276.39 1029.66 864.407 6246.73 5142.21 1276.25 1104.52 273.349 831.169 682.179 528.906
internal_count=140836 45372 38706 95464 14670 11916 80794 65989 15294 14805 3263 11542 9219 6987
is_linear=0
shrinkage=0.0101079


Tree=3
num_leaves=15
num_cat=0
split_feature=29 32 23 11 21 13 15 22 11 30 22 14 23 8
split_gain=52.0195 61.8451 81.1551 72.4399 43.2944 45.5634 32.4995 31.1326 30.5653 27.0862 26.3566 24.1512 24.7673 23.7604
threshold=-1.0000000180025095e-35 1.0000000180025095e-35 0.84547141194343578 0.020649446174502376 -8.0526790618896467 -0.034581271931529038 17.788105010986332 -0.70502108335494984 0.029863863252103332 1.0000000180025095e-35 -0.040525134652853005 -8.5248394012451154 0.72350242733955394 -1.3725546598434446
decision_type=2 2 2 2 2 2 2 2 2 2 2 2 2 2
left_child=-1 4 3 -3 -2 -6 7 9 -4 -7 -10 12 -9 -8
right_child=1 2 8 -5 5 6 13 11 10 -11 -12 -13 -14 -15
leaf_value=0.0014500187822473873 0.0034368242946225167 0.002188562488389429 0.0015216912248819791 -0.0056578067824512614 -0.0024302869679635806 -0.0027991963272511701 -0.0038127553300971585 0.0027780936213763247 -0.0030091834713868782 0.00095833553184607569 -0.00021690152440142715 0.0021230919735380771 -0.00085966728312183072 -0.00022596285780872137
leaf_weight=2118.1603646762669 408.97715117409825 134.22853947989643 561.8513690829277 655.37970262020826 653.31947798468173 375.89794110320508 244.76445884630084 253.02808232605457 533.97713106125593 373.88453625701368 1056.4391741286963 1733.6398313716054 701.88692174479365 868.6528731379658
leaf_count=28048 5747 1778 7716 7935 9338 4835 2691 3727 6844 5130 14539 22472 9614 10280
internal_value=0 -0.000316102 -0.00150355 -0.00426499 0.00030014 4.12416e-05 0.00040834 0.000900505 -0.000460217 -0.00088123 -0.00118964 0.0014135 7.65575e-05 -0.00107117
internal_weight=0 8555.93 2941.88 789.608 5614.05 5205.07 4551.75 3438.34 2152.27 749.782 1590.42 2688.55 954.915 1113.42
internal_count=140694 112646 38812 9713 73834 68087 58749 45778 29099 9965 21383 35813 13341 12971
is_linear=0
shrinkage=0.0101079


Tree=4
num_leaves=15
num_cat=0
split_feature=27 11 29 23 21 13 13 9 27 33 13 23 8 29
split_gain=116.28 55.1856 70.3393 85.2759 44.2205 39.302 37.4401 30.8088 25.1694 24.9731 26.9392 23.9479 24.0054 23.7873
threshold=-0.47136868536472315 0.017215382307767872 -1.0000000180025095e-35 0.83932718634605419 -8.0526790618896467 -0.024342893622815606 0.040528561919927604 0.29611828923225408 0.098011311143636717 1.0013927817344668 -0.01173496851697564 0.46577182412147528 -0.64258140325546254 0.87837970256805431
decision_type=2 2 2 2 2 2 2 2 2 8 2 2 2 2
left_child=1 -1 -3 -4 7 -6 9 8 -2 10 -7 -8 -13 -5
right_child=4 2 3 13 5 6 11 -9 -10 -11 -12 12 -14 -15
leaf_value=0.0016075674347245004 0.00055109541330721531 0.0010314106948793812 -0.0056246145874061125 -0.0022050361362147548 -0.0010926171085278475 0.0038873993325292569 -0.0044752832279529716 0.0001031690435160319 0.007337518264304229 -0.00049143259268340472 0.0013545921247821988 -0.0014937044687417067 0.00096432386308103817 0.00050672688352548822
leaf_weight=473.94680848531425 93.329576574265957 583.50635352171957 758.14708326198161 1166.6232644841075 1244.138805847615 543.91576104983687 121.77597339451313 184.94306613877416 221.96450280025601 532.69132137484848 2613.9790591821074 644.15587918646634 1066.2557996399701 425.80931100435555
leaf_count=6628 1315 7722 9428 15671 17250 5211 1737 2520 3119 17111 26235 7760 13097 5871
internal_value=0 -0.0015259 -0.00204868 -0.00283132 0.000734812 0.000511315 0.000880971 0.00362529 0.0055146 0.00146821 0.00181196 -0.000281083 1.25133e-05 -0.00145565
internal_weight=0 3408.03 2934.09 2350.58 7267.15 6766.91 5522.77 500.237 315.294 3690.59 3157.89 1832.19 1710.41 1592.43
internal_count=140675 45320 38692 30970 95355 88401 71151 6954 4434 48557 31446 22594 20857 21542
is_linear=0
shrinkage=0.0101079


Tree=5
num_leaves=15
num_cat=0
split_feature=29 6 23 13 3 16 4 29 2 3 23 2 20 2
split_gain=49.0152 43.5593 43.0735 26.753 39.7818 39.5817 22.8698 21.3455 23.5047 21.5231 20.8089 20.6423 20.2354 20.2162
threshold=-1.0000000180025095e-35 8.663666248321535 0.57328814268112194 -0.024342893622815606 0.32527601718902593 0.38147087395191198 0.79046648740768444 -0.60785761475563038 1.0601070523262026 0.50313717126846325 0.78080311417579662 0.76957315206527721 0.65266239643096935 1.7098083496093752
decision_type=2 2 2 2 2 2 2 2 2 2 2 2 2 2
left_child=7 2 3 4 -2 -5 -3 -1 9 12 -10 -7 -9 -12
right_child=1 6 -4 5 -6 11 -8 8 10 -11 13 -13 -14 -15
leaf_value=0.0049607422920026935 0.00081864774518556401 -0.0041260222623995787 0.00026047512715058528 0.0046355297048260398 -0.0063571462360580526 0 -0.00087749025037246774 0.0025824729935116342 0.0052515169653400522 -0.0019825910250967508 -4.0973436934492746e-05 -0.0035721757253374159 -0.00077918683459794833 0.0032565467926323898
leaf_weight=158.47504569962621 98.487986922264099 412.54680727049708 6507.6459601912647 107.33788512833416 247.30338275805116 311.2985668182373 566.75330485776067 393.70822667516768 190.07932339794934 348.43745978176594 404.00120396353304 312.11649523116648 305.69652162864804 315.29837509989738
leaf_count=2007 1504 5329 85711 1528 3393 4255 6753 5204 2584 4250 5020 4181 4308 4541
internal_value=0 -0.000309966 -4.45309e-05 -0.00191448 -0.00422521 -0.000733828 -0.00230835 0.00140508 0.00107842 5.08924e-06 0.00226067 -0.00176737 0.00106333 0.00136777
internal_weight=0 8563.49 7584.19 1076.54 345.791 730.753 979.3 2115.7 1957.22 1047.84 909.379 623.415 699.405 719.3
internal_count=140568 112654 100572 14861 4897 9964 12082 27914 25907 13762 12145 8436 9512 9561
is_linear=0
shrinkage=0.0101079


Tree=6
num_leaves=15
num_cat=0
split_feature=32 11 22 29 21 29 20 28 0 3 20 17 12 21
split_gain=52.0954 65.5584 62.4357 99.132 53.1712 34.7182 33.036 41.662 25.7963 20.9784 24.3368 19.0534 32.0072 33.3002
threshold=1.0000000180025095e-35 0.021947383880615238 0.017660528421401981 -1.0000000180025095e-35 -8.0526790618896467 -0.60785761475563038 -4.1475882530212393 0.60003554821014415 0.59243062138557445 0.84542027115821849 -0.96355473995208729 47.500000000000007 0.064517509192228331 7.5075938701629648
decision_type=2 2 2 2 2 2 2 2 2 2 2 2 2 2
left_child=4 9 3 -3 6 -6 -1 -8 -7 -2 -11 12 -10 -14
right_child=1 2 -4 -5 5 8 7 -9 11 10 -12 -13 13 -15
leaf_value=0.00086061658013952748 0.0031585224273999761 0.0021100964404610679 -6.1619536267626762e-05 -0.004246223271263911 0.0051056015286514624 -0.0015982454162044516 0.01048419071471717 0.0016226043878347048 -0.00079877820248157295 0.0028289987361775626 -0.0032475426243759077 0.0011060073533575041 0.0030577328491869591 -0.00033285909117527471
leaf_weight=246.10597257502377 431.18092922307551 297.53072184324265 1427.2954194974154 1270.6718627847731 140.71900593489408 748.77096863649786 119.08164511993527 122.71088154986501 2230.8106677904725 113.70854128338397 139.20102423615754 2247.3611761555076 548.76159285195172 589.25566711090505
leaf_count=3056 5475 3754 19553 15904 1772 12252 1742 1961 28959 1797 2110 28835 6809 6648
internal_value=0 -0.000970795 -0.00162246 -0.00301018 0.000513698 0.00026356 0.0037119 0.00633653 0.000144169 0.00181059 -0.00035724 0.000385529 -8.45249e-05 0.00127624
internal_weight=0 3679.59 2995.5 1568.2 6993.58 6505.68 487.898 241.793 6364.96 684.09 252.91 5616.19 3368.83 1138.02
internal_count=140627 48593 39211 19658 92034 85275 6759 3703 83503 9382 3907 71251 42416 13457
is_linear=0
shrinkage=0.0101079


Tree=7
num_leaves=15
num_cat=0
split_feature=27 11 22 15 30 13 13 14 13 3 27 17 28 14
split_gain=94.7414 57.102 50.2658 33.8555 29.8738 28.3019 44.4705 27.4161 48.695 26.0325 27.2074 23.9333 22.6435 22.3306
threshold=-0.47136868536472315 0.017215382307767872 -0.04849113151431083 3.9930268526077275 1.0000000180025095e-35 -0.068689703941345201 -0.041991515085101121 -7.4061741828918448 -0.00042833694897126401 0.48378214240074163 -0.87137606739997853 66.500000000000014 0.31107263267040258 -25.370950698852536
decision_type=2 2 2 2 2 2 2 2 2 2 2 2 2 2
left_child=1 12 4 5 9 13 -7 11 -9 -3 -11 -5 -1 -2
right_child=3 2 -4 7 -6 6 -8 8 -10 10 -12 -13 -14 -15
leaf_value=0.0030941733864859916 0.0015959011470705836 0.0016564958782196496 -0.00035179193260704954 -0.0013729233760844861 -0.0046175271385754859 -0.002742517824061009 0.0027007955779326494 0.0035392601679608486 0.0003851120022758927 -0.0010579763052250577 -0.005176146508149581 0.00068059226599392539 -0.0017124570341771374 0.0097141040867970031
leaf_weight=356.7693755440414 84.216305021196604 165.84514649771154 1253.3789283111691 1353.0723537281156 739.15729005075991 182.36703531630337 699.48204812966287 592.32767511717975 3297.9857089538127 504.23229321278632 267.41195583343506 975.16743583790958 120.60587526485324 83.960265582427382
leaf_count=4851 1467 1649 17306 18340 9381 2715 9448 7957 41066 6609 3674 13069 1768 1317
internal_value=0 -0.00138882 -0.00192357 0.000651947 -0.00306758 0.00233111 0.00151571 0.0003594 0.000881733 -0.00177527 -0.00257381 -0.000496071 0.00178847 0.00612495
internal_weight=0 3407.4 2930.03 7268.58 1676.65 1050.03 881.849 6218.55 3890.31 937.489 771.644 2328.24 477.375 168.177
internal_count=140617 45238 38619 95379 21313 14947 12163 80432 49023 11932 10283 31409 6619 2784
is_linear=0
shrinkage=0.0101079


Tree=8
num_leaves=15
num_cat=0
split_feature=27 29 11 22 21 2 29 2 11 30 11 4 27 2
split_gain=90.7616 56.4702 70.5167 69.7862 41.5884 34.7088 33.8406 33.3258 25.0671 22.2592 22.1944 20.5211 17.919 16.454
threshold=-0.49049438536167139 -1.0000000180025095e-35 0.015476020518690349 -0.13190767168998715 -8.0526790618896467 1.3070620298385622 -0.60785761475563038 0.79623553156852733 0.11190150678157808 1.0000000180025095e-35 0.16459554433822635 1.6359106302261355 -0.93585023283958424 1.1694709062576296
decision_type=2 2 2 2 2 2 2 2 2 2 2 2 2 2
left_child=1 7 12 11 5 -2 -6 -1 13 -10 -11 -4 -3 -8
right_child=4 2 3 -5 6 -7 8 -9 9 10 -12 -13 -14 -15
leaf_value=0.0064844116702074206 0.0065998534522801258 0.0051735484880989641 -0.0047703834329006854 -0.00062914026080260416 0.0051993418194188155 0.0010512646669418638 0.00030225062324275303 0.00021154384297536477 0.00037667753040038839 -0.0035147680955722985 0.00056658295629963317 -0.0010322912276229921 0.00018648913390622245 0.001582718597194352
leaf_weight=98.589978825300932 207.75487713143229 125.71128436736763 1074.0293825548142 1051.1399189606309 144.36806888319552 301.63070850074291 4064.2757222540677 556.40663680247962 595.86045215278864 437.72080470062792 170.59464316442609 213.56958385743201 206.5547585375607 1423.2110851742327
leaf_count=1031 3165 1772 13802 14563 1813 3887 55560 7698 8427 4446 1699 2555 2850 17354
internal_value=0 -0.00133053 -0.0019878 -0.00261485 0.000679689 0.00345663 0.000463224 0.00128067 0.000349193 -0.000953958 -0.00231162 -0.00419136 0.00226627 0.000643454
internal_weight=0 3326 2671 2338.74 7345.42 509.386 6836.03 654.997 6691.66 1204.18 608.315 1287.6 332.266 5487.49
internal_count=140622 44271 35542 30920 96351 7052 89299 8729 87486 14572 6145 16357 4622 72914
is_linear=0
shrinkage=0.0101079


Tree=9
num_leaves=15
num_cat=0
split_feature=27 29 23 11 3 15 29 13 13 28 29 13 15 14
split_gain=97.7106 52.3514 65.1893 60.7325 39.8544 38.9955 32.2786 32.2132 32.6918 28.8833 27.6442 30.9542 36.934 27.4556
threshold=-0.47136868536472315 -1.0000000180025095e-35 0.83932718634605419 0.015476020518690349 0.48378214240074163 3.9244840145111088 0.87837970256805431 -0.068689703941345201 -0.041991515085101121 -0.45201864838600153 -0.60785761475563038 -0.024342893622815606 19.281356811523441 -25.370950698852536
decision_type=2 2 2 2 2 2 2 2 2 2 2 2 2 2
left_child=1 4 3 -3 -1 7 9 13 -9 -4 -7 -12 -13 -2
right_child=5 2 6 -5 -6 10 -8 8 -10 -11 11 12 -14 -15
leaf_value=0.0065472471251957843 0.0016085944254109216 0.0024836360945758628 -0.0001736108525468516 -0.0053729913349747915 0 0.0048252150751084324 0.0011525866278905956 -0.0020444535855638408 0.0026246492771746393 -0.0031980134608135765 -0.0013164435579315463 0.0010496902377043894 -0.00098174402750650369 0.010524735532285043
leaf_weight=104.63427312299609 84.067209210246801 103.72015309147537 648.586584540084 754.11507904343307 572.91511417739093 130.56911117397249 508.84495410323143 180.94199937395751 683.31888158805668 701.54425130411983 1066.0307168345898 3862.9923148937523 1171.4773118682206 82.510325131937861
leaf_count=1110 1439 1410 8538 9515 7897 1590 6951 2703 9192 9792 14439 50723 13942 1287
internal_value=0 -0.00142565 -0.00205653 -0.00436273 0.00103966 0.000649768 -0.000957136 0.0024697 0.00159134 -0.0017841 0.000339543 0.000230997 0.000568191 0.00652509
internal_weight=0 3394.36 2716.81 857.835 677.549 7261.91 1858.98 1030.84 864.261 1350.13 6231.07 6100.5 5034.47 166.578
internal_count=140528 45213 36206 10925 9007 95315 25281 14621 11895 18330 80694 79104 64665 2726
is_linear=0
shrinkage=0.0101079


Tree=10
num_leaves=15
num_cat=0
split_feature=27 11 0 21 9 0 28 2 0 6 17 14 7 28
split_gain=87.8107 55.8242 45.6774 40.5543 36.4161 27.4914 26.5067 21.915 25.0839 21.1476 20.3115 38.4882 38.8533 27.2611
threshold=-0.49049438536167139 0.016796728596091274 1.2606192827224734 -8.0526790618896467 0.29611828923225408 0.59243062138557445 0.41268247365951544 0.6049880087375642 0.79786434769630443 -10.489548683166502 48.500000000000007 -7.2682096958160392 1.4088759422302248 0.63435554504394542
decision_type=2 2 2 2 2 2 2 2 2 2 2 2 2 2
left_child=1 6 7 4 9 -5 -1 -3 -9 -2 11 13 -13 -7
right_child=3 2 -4 5 -6 10 -8 8 -10 -11 -12 12 -14 -15
leaf_value=0.003163148052786606 0.0010131080232389862 0.0010306650067838112 -0.00019477222497378213 -0.0014074910352918323 0 -0.0023042045893949762 -0.0025542588542062732 -0.0046192621308596901 -0.0019564215689073829 0.0071611762028714922 0.0013942793865365712 0.0035759780496451457 0.00028572824290179683 0.0011920531763461881
leaf_weight=365.50380806438625 101.92762841284275 119.09182086214423 1110.1304517854005 708.81482853554189 190.91245350055397 828.47275846451521 92.489525504410267 719.00325329042971 922.67355001531541 221.97922236286104 2416.2540063615888 444.39600520581007 2148.3182718027383 290.81599703431129
leaf_count=5003 1185 1216 15805 11839 2563 11476 1345 9128 11892 3325 30730 5604 25830 3728
internal_value=0 -0.00131264 -0.00184267 0.000663805 0.00339063 0.000449011 0.00189863 -0.00285341 -0.0031632 0.00541651 0.000671824 0.000188773 0.000874098 -0.00135794
internal_weight=0 3328.89 2870.9 7351.89 514.819 6837.07 457.993 1760.77 1641.68 323.907 6128.26 3712 2592.71 1119.29
internal_count=140669 44389 38041 96280 7073 89207 6348 22236 21020 4510 77368 46638 31434 15204
is_linear=0
shrinkage=0.0101079


Tree=11
num_leaves=15
num_cat=0
split_feature=27 11 29 0 21 20 13 15 27 3 29 15 15 28
split_gain=90.1814 61.21 59.1317 72.1436 44.1512 46.3168 33.9936 49.4092 33.1924 30.5855 29.2962 31.9314 42.0131 26.6416
threshold=-0.49049438536167139 0.021947383880615238 -1.0000000180025095e-35 1.026610851287842 -8.0526790618896467 -4.1475882530212393 -0.024342893622815606 19.281356811523441 0.18436925113201144 0.48378214240074163 0.87837970256805431 14.337473869323732 6.3806111812591562 -0.41268247365951533
decision_type=2 2 2 2 2 2 2 2 2 2 2 2 2 2
left_child=1 -1 9 -4 5 -2 -6 10 -7 -3 11 12 -8 -12
right_child=4 2 3 -5 6 8 7 -9 -10 -11 13 -13 -14 -15
leaf_value=0.0014813036883586418 0.00043340985797947446 0.0057654410478265661 -0.0047667917913048795 -0.0010113965008249576 -0.0010735587718198073 0.001178136467338364 0.003168931442051734 -0.001025226454086007 0.0095304990684423416 -0.00018181966164499327 0.0017193760815163381 0.0034658491134573811 0.00029859945246557529 -0.0017196724703944872
leaf_weight=609.13584801368415 271.80533325299621 99.013923482969403 998.50043855048716 1170.0193987526 1245.3685490749776 91.337125966325402 734.48680011555552 1208.7755614649504 149.54296487942338 448.38982866518199 375.73711547069252 811.76685825176537 1885.4994446318597 555.59528734907508
leaf_count=8429 3431 1049 12549 16236 17382 1242 9665 14364 2350 6151 4969 10759 24840 7081
internal_value=0 -0.00136272 -0.00201782 -0.00276984 0.000642234 0.00349146 0.000418361 0.000760091 0.00665986 0.00088544 0.0012649 0.00169737 0.00112555 -0.000286392
internal_weight=0 3325.06 2715.92 2168.52 7329.92 512.685 6817.23 5571.86 240.88 547.404 4363.09 3431.75 2619.99 931.332
internal_count=140497 44414 35985 28785 96083 7023 89060 71678 3592 7200 57314 45264 34505 12050
is_linear=0
shrinkage=0.0101079


Tree=12
num_leaves=15
num_cat=0
split_feature=27 29 11 23 21 3 9 29 27 3 23 6 11 14
split_gain=88.9312 52.6169 62.3174 68.5626 41.9764 38.5664 32.0596 27.7916 31.2129 27.5795 34.6941 25.3576 24.4447 20.3033
threshold=-0.47136868536472315 -1.0000000180025095e-35 0.016796728596091274 0.84862747788429271 -8.0526790618896467 0.48110111057758337 0.29611828923225408 0.87837970256805431 -0.9686339497566222 0.92838394641876232 0.52365428209304821 -10.489548683166502 0.080332614481449141 -8.3716044425964338
decision_type=2 2 2 2 2 2 2 2 2 2 2 2 2 2
left_child=1 5 -3 -4 6 -1 11 8 -5 10 12 -2 -6 -12
right_child=4 2 3 7 9 -7 -8 -9 -10 -11 13 -13 -14 -15
leaf_value=0.006660667814331743 0.00056282767223620096 0.0017361169521208355 -0.0051441301175013414 -0.0050275177199058567 -0.00045709152832771601 0 0 0.00071180255248389651 -0.0011492250834738162 0.0041222930277230842 -0.00027368042370482621 0.0071769356165360815 -0.0044816612129825297 0.00095941213864762407
leaf_weight=99.015010640025139 100.8543964792043 368.9278709013015 761.56360018439591 300.02818491868675 523.53702820278704 577.69701615720987 188.46385962702334 430.96830668486655 848.31598378904164 187.47581011801958 2066.5771362110972 219.46643590927124 230.24975244514644 3761.8297786191106
leaf_count=1065 1187 5147 9650 4268 7458 7915 2544 5901 11287 2269 28389 3287 3252 47007
internal_value=0 -0.00139801 -0.00203182 -0.00264661 0.000582497 0.00107516 0.00337021 -0.00139781 -0.00222405 0.000363447 0.000245591 0.00527951 -0.00177222 0.000515469
internal_weight=0 3386.52 2709.8 2340.88 7278.45 676.712 508.785 1579.31 1148.34 6769.67 6582.19 320.321 753.787 5828.41
internal_count=140626 45233 36253 31106 95393 8980 7018 21456 15555 88375 86106 4474 10710 75396
is_linear=0
shrinkage=0.0101079


Tree=13
num_leaves=15
num_cat=0
split_feature=27 28 15 30 29 7 16 15 6 27 29 8 7 28
split_gain=82.7635 49.4964 43.4931 39.5264 32.224 29.9677 25.0391 30.7958 26.0159 33.2138 24.9643 24.2118 19.9556 24.0628
threshold=-0.47136868536472315 0.50938662886619579 3.9930268526077275 1.0000000180025095e-35 -0.60785761475563038 2.4088813066482548 0.39023442566394811 18.761209487915043 -1.112057566642761 0.4904943853616715 0.87837970256805431 -1.3978987932205198 -4.0779807567596427 -0.47136868536472315
decision_type=2 2 2 2 2 2 2 2 2 2 2 2 2 2
left_child=1 3 10 -1 -4 12 8 -8 9 -6 -2 -9 13 -5
right_child=2 -3 4 5 6 -7 7 11 -10 -11 -12 -13 -14 -15
leaf_value=0.00018890808468536536 0.0032165474319531067 -0.0040689488714545129 0.0050819421738049139 0.0011567405279813026 -0.0021907370079292813 -0.0037580626923707453 0.00088272286370916122 -0.0035358731847977489 -0.0028933452169052328 0.0026801404599298903 -0.00052145901043969723 -0.00013082636955153102 0.0020114437430320633 -0.0041044881623851079
leaf_weight=1682.2696294263005 854.52213228866458 566.47431093268096 129.75544541142881 132.26971552707255 275.96130106039345 605.49241544492543 3779.3914265688509 276.5036596134305 515.76786629110575 277.96395285986364 206.57340396754444 972.80140844546258 198.85703453607857 203.34544606506824
leaf_count=22438 11929 7819 1563 2002 3543 7243 49221 3125 7635 3512 3009 11877 2774 3022
internal_value=0 -0.00134534 0.000564406 -0.000774847 0.000233642 -0.00222417 0.000117629 0.000422721 -0.00127187 0.000184595 0.00245241 -0.000933566 -0.000383296 -0.00193338
internal_weight=0 3388.71 7289.24 2822.23 6228.15 1139.96 6098.39 5028.7 1069.69 553.925 1061.1 1249.31 534.472 335.615
internal_count=140712 45298 95414 37479 80476 15041 78913 64223 14690 7055 14938 15002 7798 5024
is_linear=0
shrinkage=0.0101079


Tree=14
num_leaves=15
num_cat=0
split_feature=11 29 22 21 28 23 16 7 12 3 11 15 30 3
split_gain=42.609 38.8979 42.2751 37.6707 25.3241 24.7012 25.4292 31.2704 27.2973 29.4449 20.1853 20.1673 35.6409 30.7286
threshold=0.015476020518690349 -1.0000000180025095e-35 -0.58022254705429066 7.3951637744903573 -0.52803644537925709 0.5949922800064088 0.2943533211946488 6.4294364452362069 -0.016487351618707177 0.52193376421928417 0.15565662831068042 10.300994396209719 1.0000000180025095e-35 0.62797656655311596
decision_type=2 2 2 2 2 2 2 2 2 2 2 2 2 2
left_child=11 5 4 -4 -3 -2 -7 -8 -9 -10 -5 12 13 -1
right_child=1 2 3 10 -6 6 7 8 9 -11 -12 -13 -14 -15
leaf_value=-0.002957092677395582 0.0043702719443489413 0.0012022819950863123 0.00040629176820519361 -0.0024563294103143677 -0.0021669615542754196 0.0030065857973368914 -0.0019664903874160073 0.005721371261162113 -0.0019412850836403666 0.002332470538510943 0.00044700049559848968 0.003510000250687117 0.0031842668498247998 0.0013821871491836587
leaf_weight=299.96054837480187 208.78179209306836 239.49258681759238 4175.1450906693935 848.14490094780922 1804.3416532985866 358.87885898724198 499.16886593028903 112.50652127712965 285.97795658744872 358.72604080289602 309.15586899593472 431.22301541827619 402.37045937031507 344.82814329490066
leaf_count=4026 3160 2757 56706 10398 23606 4570 6339 1279 3943 4422 3541 5706 5598 4648
internal_value=0 -0.000185209 -0.000515906 -3.37151e-05 -0.00174941 0.00112657 0.00066377 0 0.00127072 0.000374102 -0.00164814 0.00165814 0.000837269 -0.000585383
internal_weight=0 9200.32 7376.28 5332.45 2043.83 1824.04 1615.26 1256.38 757.211 644.704 1157.3 1478.38 1047.16 644.789
internal_count=140699 120721 97008 70645 26363 23713 20553 15983 9644 8365 13939 19978 14272 8674
is_linear=0
shrinkage=0.0101079


Tree=15
num_leaves=15
num_cat=0
split_feature=32 11 29 22 0 15 3 20 29 29 13 13 7 16
split_gain=44.4469 56.7791 61.3233 87.8937 36.9271 32.8042 26.6053 26.5134 46.3013 22.6205 23.9294 25.7487 16.2843 15.8467
threshold=1.0000000180025095e-35 0.021947383880615238 -1.0000000180025095e-35 -0.20507572591304776 0.5968025028705598 3.6314291954040532 0.5402064621448518 -4.2531888484954825 0.87837970256805431 -0.60785761475563038 -0.024342893622815606 -0.00042833694897126401 3.0374721288681035 0.62791061401367199
decision_type=2 2 2 2 2 2 2 2 2 2 2 2 2 2
left_child=4 6 -3 -4 -1 7 -2 -6 -9 -7 -11 13 -5 -12
right_child=1 2 3 12 5 9 -8 8 -10 10 11 -13 -14 -15
leaf_value=-0.0015375167454051962 0.0063622089109593126 0.0012882211447562335 -0.0044770064074786545 0.00074227439078311118 0.00029579698332414983 0.0045929805041164872 0.00072307353094836131 0.0058856501271170219 -0.0012681478534465704 -0.0011427871869463405 0.0011924916948971936 0.00021859068409744905 -0.0014759868351803915 0.0043135826431407471
leaf_weight=824.61328392289579 98.646817348897457 602.60859660431743 1036.0410095527768 559.00028434768319 333.54728389531374 123.5649009142071 589.12823443487287 362.21365823037922 108.58529818430543 924.62417848221958 642.77030308172107 3422.1751073542982 781.13113945536315 255.58996323868632
leaf_count=13869 1096 7883 12991 8169 4179 1351 8318 5279 1543 12148 8382 41913 10201 3284
internal_value=0 -0.000925605 -0.0015368 -0.00227206 0.000446761 0.000719949 0.00165108 0.00262362 0.00415714 0.000423887 0.000311431 0.000633467 -0.000521686 0.00215402
internal_weight=0 3666.56 2978.78 2376.17 6997.68 6173.07 687.775 804.346 470.799 5368.72 5245.16 4320.54 1340.13 898.36
internal_count=140606 48658 39244 31361 91948 78079 9414 11001 6822 67078 65727 53579 18370 11666
is_linear=0
shrinkage=0.0101079


Tree=16
num_leaves=15
num_cat=0
split_feature=27 11 23 16 13 13 13 16 27 18 28 13 12 16
split_gain=83.1028 51.9913 45.5376 37.9559 30.8318 39.389 27.8125 24.3933 26.9061 22.5935 22.4177 21.3045 20.8712 35.7847
threshold=-0.47136868536472315 0.017215382307767872 1.6107102036476137 0.15955476462841037 -0.024342893622815606 0.040528561919927604 -0.068689703941345201 0.38147087395191198 0.61734244227409374 32.500000000000007 0.31107263267040258 -0.041991515085101121 0.073127064853906645 0.84286063909530651
decision_type=2 2 2 2 2 2 2 2 2 2 2 2 2 2
left_child=1 10 -3 6 7 12 -2 9 -9 -5 -1 -8 13 -6
right_child=3 2 -4 4 5 -7 11 8 -10 -11 -12 -13 -14 -15
leaf_value=0.0030116019669827274 0.0061839597164553076 -0.0025990911893023164 0.00018477559430500148 0.0002000550716814699 0.0014104305252349957 -0.00049432268449759028 -0.0014787439182831416 0.0032148157115316407 -0.0015735980813584918 -0.0034481978716955327 -0.0017282215371817837 0.0028463710704311517 0.0032815898050965091 -0.0017817186056611459
leaf_weight=359.02614786848426 186.82195184379816 2105.7398569341749 800.40428843162954 232.12934915907681 2687.6713547483087 1830.2805924862623 151.4448445495218 220.20966632477939 235.24693659879267 497.73608798906207 123.74187543615699 357.08434323780239 486.71195198595524 396.80780908092856
leaf_count=4858 3079 27432 11215 3087 35681 22540 2264 2651 2862 7330 1798 4841 6221 4775
internal_value=0 -0.00130305 -0.00181999 0.000611221 0.000365428 0.000694044 0.00285267 -0.00109298 0.000668937 -0.00224292 0.00170613 0.00147703 0.00131417 0.00098329
internal_weight=0 3388.91 2906.14 7282.14 6586.79 5401.47 695.351 1185.32 455.457 729.865 482.768 508.529 3571.19 3084.48
internal_count=140634 45303 38647 95331 85147 69217 10184 15930 5513 10417 6656 7105 46677 40456
is_linear=0
shrinkage=0.0101079


Tree=17
num_leaves=15
num_cat=0
split_feature=27 11 22 21 13 13 33 2 9 30 3 0 27 21
split_gain=82.4083 50.8209 37.4134 32.567 31.7419 37.2945 31.803 31.0567 27.9872 23.3953 24.1359 22.7222 21.1322 20.6127
threshold=-0.47136868536472315 0.017215382307767872 -0.20507572591304776 -8.0526790618896467 -0.02598323859274387 -0.00042833694897126401 1.6250000000000002 1.1565466523170473 0.29611828923225408 1.0000000180025095e-35 0.48378214240074163 0.88880813121795665 0.098011311143636717 -2.3124983310699458
decision_type=2 2 2 2 2 2 8 2 2 2 2 2 2 2
left_child=1 -1 9 8 7 6 11 -5 12 10 -3 13 -2 -6
right_child=3 2 -4 4 5 -7 -8 -9 -10 -11 -12 -13 -14 -15
leaf_value=0.0016474152871731379 0.00033639260200454607 0.0017089691337742389 -0.00064400303625784501 -0.0021404009189041197 0.0072634749357411181 0.00022079247812274499 -0.0012374404811010462 0.0014950286396972028 0 -0.0044479537358230346 -0.0025805394246194925 0.0012302889322799819 0.0065048422842502087 0.0027814309350698034
leaf_weight=485.60703125968575 95.328861549496651 150.40850721299648 1458.5954185593873 841.84524477086961 170.13893461599946 4195.4489963892847 221.3327331840992 315.17202354967594 185.72589530050755 647.252610899508 655.38438298553228 584.60289742052555 223.83713166229427 446.3613965138793
leaf_count=6709 1318 1505 20048 12559 1613 53155 7362 3661 2489 8336 8860 5661 3116 4354
internal_value=0 -0.00131736 -0.00182871 0.000587254 0.000394051 0.000712519 0.00212562 -0.00111203 0.00305626 -0.00298064 -0.00172155 0.00278275 0.00483725 0.00415695
internal_weight=0 3397.25 2911.64 7279.79 6774.9 5617.88 1422.44 1157.02 504.892 1453.05 805.793 1201.1 319.166 616.5
internal_count=140746 45458 38749 95288 88365 72145 18990 16220 6923 18701 10365 11628 4434 5967
is_linear=0
shrinkage=0.0101079


Tree=18
num_leaves=15
num_cat=0
split_feature=27 28 7 13 21 20 13 15 28 20 2 30 21 12
split_gain=83.9145 46.0159 34.4415 43.7796 33.9293 43.265 36.1369 39.1056 28.8857 28.766 25.8959 24.676 22.7898 24.7771
threshold=-0.47136868536472315 0.45201864838600164 3.0374721288681035 -0.019994869828224179 -8.0526790618896467 -4.1475882530212393 -0.02598323859274387 19.281356811523441 0.86046862602233898 -1.1885040402412412 1.1565466523170473 1.0000000180025095e-35 -0.18415543437004087 0.069684844464063658
decision_type=2 2 2 2 2 2 2 2 2 2 2 2 2 2
left_child=1 2 3 -1 5 -2 10 9 -7 -8 -6 -4 -11 -14
right_child=4 -3 11 -5 6 8 7 -9 -10 12 -12 -13 13 -15
leaf_value=-0.0015203615627399217 0.00015274668211832462 -0.0036874543200718247 -0.0006270825114029759 0.0020439554969357292 -0.0021442281995468666 0.008703349184929857 0 -0.00086379393461567724 0.00082536504856647755 0.0038173159605261763 0.0011722850255547867 -0.0035082016735410652 0.00078727091233278459 0.0032667758363577456
leaf_weight=640.79828049056232 271.6767582334578 671.77506533265114 764.82210619188845 751.38896901719272 838.6412931997329 154.97818724252284 1381.1949597932398 1182.5713812746108 86.819198749959469 468.07095955312252 313.11406967230141 553.56825093924999 2044.2829488031566 538.41453453153372
leaf_count=8613 3401 9282 10083 10690 12560 2245 17473 14154 1351 6120 3641 6581 27462 6975
internal_value=0 -0.00131975 -0.000709342 0.00037509 0.000605189 0.00310277 0.000406393 0.000745527 0.00614887 0.00118481 -0.00120589 -0.00188058 0.00173167 0.00132791
internal_weight=0 3382.35 2710.58 1392.19 7279.76 513.474 6766.29 5614.53 241.797 4431.96 1151.76 1318.39 3050.77 2582.7
internal_count=140631 45249 35967 19303 95382 6997 88385 72184 3596 58030 16201 16664 40557 34437
is_linear=0
shrinkage=0.0101079


Tree=19
num_leaves=15
num_cat=0
split_feature=27 11 29 22 21 13 15 20 15 27 29 15 5 7
split_gain=81.2535 50.535 59.2028 58.2643 44.1758 32.1848 39.3862 28.4294 26.8327 34.9717 26.3614 27.9554 28.0288 24.8434
threshold=-0.49049438536167139 0.017215382307767872 -1.0000000180025095e-35 -0.19838794320821759 -8.0526790618896467 -0.024342893622815606 19.281356811523441 -4.0500941276550284 9.2653660774230975 0.66746801137924205 0.87837970256805431 15.742774009704592 0.45630389451980596 -3.3246910572051998
decision_type=2 2 2 2 2 2 2 2 2 2 2 2 2 2
left_child=1 -1 -3 -4 7 8 10 -2 -6 -10 13 12 -12 -7
right_child=4 2 3 -5 5 6 -8 -9 9 -11 11 -13 -14 -15
leaf_value=0.0016560532871206174 0.00094933797294458359 0.00097928794844954125 -0.0041711189810811284 -0.00087250479701640044 -0.0019200450443791562 0.0034289611541021433 -0.00093611758253757296 0.0059322680468677563 0.0050577170317366721 -0.0019393207128240884 -0.0011899845230586388 -0.0043165130990270592 0.0026343709239557093 0.0011024411651245297
leaf_weight=469.56129382923245 273.48395990952849 572.39175151661038 1171.6338083334267 1099.534809814766 974.53999086469412 589.63481091707945 1202.8432612735778 238.75165330059826 139.45993554592133 128.42446130141616 456.18410996161401 146.8892276622355 325.10941116698086 2874.3255974538624
leaf_count=6488 3442 7547 15094 15262 14143 7533 14332 3530 1626 1562 5896 1921 4197 38031
internal_value=0 -0.00135093 -0.00186478 -0.00260021 0.000553527 0.000330599 0.000662045 0.00340277 -0.00112453 0.00159553 0.00110979 -0.000365846 0.000360151 0.00151679
internal_weight=0 3313.12 2843.56 2271.17 7349.65 6837.41 5594.99 512.236 1242.42 267.884 4392.14 928.183 781.294 3463.96
internal_count=140604 44391 37903 30356 96213 89241 71910 6972 17331 3188 57578 12014 10093 45564
is_linear=0
shrinkage=0.0101079


Tree=20
num_leaves=15
num_cat=0
split_feature=27 11 23 21 20 30 13 7 21 6 20 27 15 27
split_gain=70.5505 56.9071 38.6514 37.5334 31.6429 28.3335 27.9833 35.3609 34.7658 26.457 29.9562 23.5673 23.2736 37.3423
threshold=-0.47136868536472315 0.017215382307767872 1.5921131372451784 -8.0526790618896467 -4.1475882530212393 1.0000000180025095e-35 -0.024915669113397595 1.4088759422302248 2.6689442396163945 -0.11711913719773291 -0.85695692896842945 0.31107263267040258 9.2653660774230975 0.61734244227409374
decision_type=2 2 2 2 2 2 2 2 2 2 2 2 2 2
left_child=1 -1 5 4 -2 -3 12 8 9 10 -8 -6 -5 -14
right_child=3 2 -4 6 11 -7 7 -9 -10 -11 -12 -13 13 -15
leaf_value=0.0019612863952605366 0.00063177081369669718 -0.0013782927337295697 7.5179879944600888e-05 -0.0017541988090555829 0.0016159958011986056 -0.003859384047721009 0.0011561647863722508 0.00012839531492147766 0.0055062286634230241 -0.00043334609234074571 0.0054491917896541068 0.0086776510996116538 0.0054817342183818528 -0.001868297651068026
leaf_weight=483.09711322560906 268.31496212631464 1184.2850567866117 820.89362230151892 951.00912254117429 105.06704206578434 883.82996421307325 696.83962684497237 3840.7865718044341 233.10962523147464 548.38186306506395 230.89416786655784 132.77393990568817 124.60507495328784 134.7650856692344
leaf_count=6657 3368 15474 11416 13867 1476 11639 9048 48710 2852 7441 3210 2079 1444 1640
internal_value=0 -0.00118887 -0.00173339 0.000578356 0.00322283 -0.00246841 0.000370968 0.000679067 0.00188682 0.00126256 0.00230366 0.00587036 -0.00100393 0.00156684
internal_weight=0 3372.11 2889.01 7266.55 506.156 2068.12 6760.39 5550.01 1709.23 1476.12 927.734 237.841 1210.38 259.37
internal_count=140321 45186 38529 95135 6923 27113 88212 71261 22551 19699 12258 3555 16951 3084
is_linear=0
shrinkage=0.0101079


Tree=21
num_leaves=15
num_cat=0
split_feature=27 29 23 2 23 21 13 2 15 29 29 15 21 15
split_gain=74.6973 50.1144 55.5035 33.7394 29.0795 29.4364 31.298 31.0897 29.1418 28.5338 26.3646 46.8921 38.6494 28.2613
threshold=-0.47136868536472315 -1.0000000180025095e-35 0.83932718634605419 0.7790035903453828 0.45817911624908453 -7.6762118339538565 -0.024915669113397595 1.3070620298385622 19.107033729553226 0.87837970256805431 0.87837970256805431 13.945660114288332 -0.12125870957970618 15.477265834808351
decision_type=2 2 2 2 2 2 2 2 2 2 2 2 2 2
left_child=1 3 -3 -1 -2 7 -7 -6 10 -4 11 12 -8 -12
right_child=4 2 9 -5 5 6 8 -9 -10 -11 13 -13 -14 -15
leaf_value=0.0064416159346915129 -0.0017145724210439067 -0.0040338898478552319 -0.0016508537859175009 0.0001224854088483161 0.0059333556944195735 -0.0010330829141866956 0.0024393373571329037 0.0007900754328297138 -0.0005252813581323732 0.0011134469785739187 0.00049770648893590239 0.0037839662872573652 -0.00014213087127595671 -0.0043766352013618788
leaf_weight=97.092056732624769 518.70357331074774 844.94510719366372 1345.4619473200291 577.66334834694862 216.18669122830033 1056.5428364723921 1004.0463535115123 312.30873126164079 1163.6705108694732 507.24143411405385 716.09502732567489 816.63825528696179 1363.0646188221872 137.02472595870495
leaf_count=980 7416 10962 18457 7989 3177 14820 12944 3938 13705 6928 9122 10671 17702 1854
internal_value=0 -0.00126401 -0.00188508 0.00115299 0.000552838 0.000733857 0.000530506 0.00302405 0.00085699 -0.000870799 0.0012657 0.00168956 0.000940105 -0.000270007
internal_weight=0 3372.4 2697.65 674.755 7304.28 6785.58 6257.08 528.495 5200.54 1852.7 4036.87 3183.75 2367.11 853.12
internal_count=140665 45316 36347 8969 95349 87933 80818 7115 65998 25385 52293 41317 30646 10976
is_linear=0
shrinkage=0.0101079


Tree=22
num_leaves=15
num_cat=0
split_feature=27 28 21 13 13 20 33 27 7 13 29 23 23 29
split_gain=68.8201 41.8734 34.8516 35.1814 39.3615 35.044 34.3887 32.5173 29.676 47.297 46.4358 35.8114 23.1569 23.1563
threshold=-0.47136868536472315 0.47136868536472326 -8.0526790618896467 -0.024342893622815606 -0.00042833694897126401 -4.1475882530212393 1.6250000000000002 0.18436925113201144 3.0374721288681035 -0.020543883554637429 -1.0000000180025095e-35 1.0979344844818117 1.2293975353240969 0.87837970256805431
decision_type=2 2 2 2 2 2 8 2 2 2 2 2 2 2
left_child=1 8 5 -4 6 -2 -5 -7 9 13 11 -10 -12 -1
right_child=2 -3 3 4 -6 7 -8 -9 10 -11 12 -13 -14 -15
leaf_value=-0.002565045704159006 0.00036290470002167999 -0.0035625547143263545 -0.0012014233581855223 0.0028758312778879368 0.00017960985800573147 0.00045994775219051316 -0.0014203186072249433 0.0085818192881743933 0.0063756028805301403 0.0020574729538772405 -0.0043000274189888988 -0.00074640323580970691 -0.0011571211665929956 0.002262379806601465
leaf_weight=523.74050777778029 270.92344982177019 631.89815424382687 1234.7936227098107 1138.7633773423731 4208.4522411506623 91.212322823703289 209.77847838029265 151.32785427942872 102.30203872732818 765.02542490698397 505.20833672396839 183.05202399939299 550.13073169253767 110.49074009805918
leaf_count=7122 3393 8772 17306 11050 53282 1224 6978 2326 1213 10883 6025 2480 7251 1460
internal_value=0 -0.00121822 0.000525694 0.00032534 0.000673055 0.00305456 0.00217343 0.00579652 -0.000654427 0.000351105 -0.00172997 0.00176825 -0.00271985 -0.00164405
internal_weight=0 3371.85 7305.25 6791.79 5556.99 513.464 1348.54 242.54 2739.95 1399.26 1340.69 285.354 1055.34 634.231
internal_count=140765 45206 95559 88616 71310 6943 18028 3550 36434 19465 16969 3693 13276 8582
is_linear=0
shrinkage=0.0101079


Tree=23
num_leaves=15
num_cat=0
split_feature=27 23 2 21 2 13 15 15 30 0 12 23 30 2
split_gain=67.5172 33.7175 36.0451 30.022 33.2143 26.0541 34.9542 24.4555 30.3343 24.44 22.3219 25.8684 22.8742 42.841
threshold=-0.47136868536472315 0.83932718634605419 0.65292951464653026 -8.0526790618896467 1.3070620298385622 -0.024342893622815606 18.761209487915043 9.2653660774230975 -0.56174489110708226 0.72913041710853588 0.069684844464063658 0.77777394652366649 1.0000000180025095e-35 1.0087202787399294
decision_type=2 2 2 2 2 2 2 2 2 2 2 2 2 2
left_child=1 2 -1 4 -2 7 10 9 -9 -5 12 -12 -7 -14
right_child=3 -3 -4 5 -6 6 -8 8 -10 -11 11 -13 13 -15
leaf_value=0.0024292461980492375 0.0059315466192507021 -0.00049335059376186729 -0.0033669679603588248 -0.0039131094826485597 0.0005515007956100053 0.00014319840059725842 -0.00080215422170122651 -0.0014162987465790179 0.005055200438362893 -0.00046875051553251835 0.0059525324769563685 0.0011439423837858089 0.0029303628382368586 -0.00078506108878734931
leaf_weight=110.16015537269413 208.77951712720096 2310.8892267774791 937.96291881985962 338.05570290610194 301.27186647243798 2293.2999868374318 1276.9835523311049 139.78564839996397 130.40963947586715 628.83817764930427 194.69558597169816 338.23458933085203 1010.4095224104822 434.62765144743025
leaf_count=1115 3127 31546 12487 5426 3797 29403 15337 1576 1616 8666 2397 4437 13913 5659
internal_value=0 -0.00120045 -0.00270625 0.000529585 0.00288693 0.000343378 0.000643566 -0.000966094 0.00161447 -0.00173578 0.00108592 0.00303483 0.000791656 0.00178673
internal_weight=0 3359.01 1048.12 7295.39 510.051 6785.34 5548.25 1237.09 270.195 966.894 4271.27 532.93 3738.34 1445.04
internal_count=140502 45148 13602 95354 6924 88430 71146 17284 3192 14092 55809 6834 48975 19572
is_linear=0
shrinkage=0.0101079


Tree=24
num_leaves=15
num_cat=0
split_feature=29 28 13 13 33 13 0 23 21 29 14 16 29 10
split_gain=39.3283 33.3615 26.4674 72.2746 41.8418 37.0924 44.2849 33.2746 25.6019 25.6835 21.8356 41.8564 21.4299 41.0475
threshold=-0.60785761475563038 -0.68355163931846608 -0.024342893622815606 -0.0079169780947267992 1.0013927817344668 -0.093076743185520158 0.76080319285392772 0.85460099577903759 5.3980171680450448 1.0000000180025095e-35 -8.2973389625549299 0.26510670781135565 0.6078576147556306 0.17477377504110339
decision_type=2 2 2 2 8 2 2 2 2 2 2 2 2 2
left_child=-1 8 5 4 7 -3 -7 -4 10 -10 11 -2 -5 -14
right_child=1 2 3 12 -6 6 -8 -9 9 -11 -12 -13 13 -15
leaf_value=0.0048266256750801005 0.0025286027178113291 0.0040623164830893626 0.0056252329885914968 2.8112262861152606e-06 -0.002136873452614423 -0.0038616822478314246 -0.00048960567820832408 0.0011432267770515746 -0.0027679123373773339 0.00092061074868686401 0.002508353943953782 -0.0012499372542425509 -0.00058612510241122409 -0.0041355943878679984
leaf_weight=163.30243465676904 535.43325573019683 104.35459036193788 383.01536675915122 2775.6802230104804 145.40727677196264 677.3574594296515 1034.4575313031673 355.07856268063188 341.49482038244605 403.09719279408455 1001.2053811363876 648.33457225747406 1665.0175311099738 422.98432451672852
leaf_count=2035 7522 1871 3650 36286 4879 10255 13451 3489 3977 5144 13138 8634 20927 5319
internal_value=0 -6.02564e-05 -0.000418545 -7.4337e-05 0.00256428 -0.0014807 -0.00185869 0.00355713 0.000849643 -0.000728151 0.00140646 0.000430402 -0.00056523 -0.00133694
internal_weight=0 10492.9 7563.35 5747.18 883.501 1816.17 1711.81 738.094 2929.57 744.592 2184.97 1183.77 4863.68 2088
internal_count=140577 138542 100127 74550 12018 25577 23706 7139 38415 9121 29294 16156 62532 26246
is_linear=0
shrinkage=0.0101079


Tree=25
num_leaves=15
num_cat=0
split_feature=27 28 11 29 22 23 21 2 23 14 7 30 29 10
split_gain=69.8356 44.1188 45.0814 34.7986 52.4211 32.0609 29.4656 30.7114 20.7742 18.3359 38.5543 31.5374 22.201 30.2521
threshold=-0.47136868536472315 0.47136868536472326 0.017215382307767872 -1.0000000180025095e-35 -0.10291111096739768 1.0193022489547732 -8.0526790618896467 1.3070620298385622 0.45019736886024481 -8.5248394012451154 -0.11771874502301215 0.81174489855766307 1.0000000180025095e-35 0.05860955826938153
decision_type=2 2 2 2 2 2 2 2 2 2 2 2 2 2
left_child=1 2 -1 5 -5 -4 7 -2 -8 12 11 -11 13 -10
right_child=6 -3 3 4 -6 -7 8 -9 9 10 -12 -13 -14 -15
leaf_value=0.0024453668430102263 0.005764400790301597 -0.003621351680505256 0.0051161101064879054 -0.0036054644460407274 -0.00017716071948168722 -0.00041950566508913657 -0.0016809551622953187 0.0006262621950874109 -0.0013943578052482686 0.001986071386428243 0.00045609503179548639 0.0079269295568032139 -0.0010812434767529945 0.0023268991990417378
leaf_weight=399.18881677091122 213.02855400368571 628.30111020989716 141.54511840455234 874.51313025131822 998.92789892479777 336.15086493268609 457.28131904266775 307.109105784446 332.95472017116845 593.32921066880226 3413.3219616003335 112.61766573227942 1285.8487236201763 598.37457624264061
leaf_count=5406 3130 8718 1725 10997 13912 4550 6597 3873 4469 7958 42381 1223 17468 8352
internal_value=0 -0.00120738 -0.000632733 -0.00117874 -0.00180714 0.00119196 0.000548014 0.00286031 0.000362015 0.000517679 0.000917891 0.0030652 -0.000208265 0.000952881
internal_weight=0 3378.63 2750.33 2351.14 1873.44 477.696 7313.87 520.138 6793.73 6336.45 4119.27 705.947 2217.18 931.329
internal_count=140759 45308 36590 31184 24909 6275 95451 7003 88448 81851 51562 9181 30289 12821
is_linear=0
shrinkage=0.0101079


Tree=26
num_leaves=15
num_cat=0
split_feature=27 11 29 23 23 29 27 16 20 27 11 2 29 17
split_gain=67.6173 49.6988 56.2877 70.1513 33.3738 30.3227 24.1455 23.7963 40.9396 23.1536 23.0514 19.5057 16.1387 16.6488
threshold=-0.47136868536472315 0.016796728596091274 -1.0000000180025095e-35 0.84862747788429271 0.52365428209304821 0.87837970256805431 -0.86046862602233876 0.15955476462841037 -4.1475882530212393 -0.9686339497566222 0.079682830721139922 0.85874369740486156 0.6078576147556306 54.500000000000007
decision_type=2 2 2 2 2 2 2 2 2 2 2 2 2 2
left_child=1 6 11 -4 10 9 -1 8 -6 -5 12 -3 13 -2
right_child=4 2 3 5 7 -7 -8 -9 -10 -11 -12 -13 -14 -15
leaf_value=0.0039494772140008403 0.0044412117279634747 0.0050721354604902355 -0.0048961133840033071 -0.0044000501934513877 2.8148622808231659e-05 0.001119628432520871 -0.0004664367008188773 0.00061743793940106765 0.0052324475615934543 -0.0010246372839327325 -0.0037107970478836671 0.00015828648748551086 -0.0020313772461058644 -0.00017804176393523545
leaf_weight=251.76707432977855 109.46841094829142 96.990093084052205 751.78944576904178 297.54644402489066 325.60947568900883 429.54320682585239 215.9672792442143 5836.5620815940201 316.42097257822752 834.51553578302264 266.37113090977073 489.08566166087985 243.12598047219217 200.9887927249074
leaf_count=3501 1549 1062 9670 4269 4189 5926 2947 74416 4919 11179 3931 6647 3335 2952
internal_value=0 -0.00114508 -0.00164585 -0.00235884 0.00058446 -0.00109367 0.00185057 0.00083167 0.00268673 -0.00197088 -0.0013095 0.00109445 -4.7145e-05 0.00139089
internal_weight=0 3367.2 2899.47 2313.39 7298.55 1561.61 467.734 6478.59 642.03 1132.06 819.954 586.076 553.583 310.457
internal_count=140492 45201 38753 31044 95291 21374 6448 83524 9108 15448 11767 7709 7836 4501
is_linear=0
shrinkage=0.0101079


Tree=27
num_leaves=15
num_cat=0
split_feature=27 28 11 29 23 0 15 29 14 12 13 3 29 8
split_gain=76.081 42.0809 43.91 37.8805 42.6759 28.5967 24.8048 20.866 19.9165 37.6204 28.2723 28.4953 19.527 19.3643
threshold=-0.47136868536472315 0.50938662886619579 0.013381542637944223 -1.0000000180025095e-35 1.2293975353240969 0.90054127573966991 19.107033729553226 -0.60785761475563038 -7.4061741828918448 -0.034090114757418626 -0.0079169780947267992 0.70914146304130565 0.87837970256805431 -1.2741017341613767
decision_type=2 2 2 2 2 2 2 2 2 2 2 2 2 2
left_child=1 2 -1 5 12 -4 7 -2 9 -9 11 -10 -5 -8
right_child=6 -3 3 4 -6 -7 13 8 10 -11 -12 -13 -14 -15
leaf_value=0.002805069965148651 0.0048837459176929356 -0.0037617174143588818 0.0053840793340598474 -0.0040537378073146951 -0.00031996149947153386 -2.5114816970481941e-05 -0.0029570133662705301 0.0015170075895894308 0.0060334735182198318 -0.00068338739410470973 0.00098484361977121829 0 -0.00027298192895018744 0
leaf_weight=309.34710884280503 125.70243648998439 559.70691376179457 120.70073654316366 765.57011024095118 1034.9327326267958 385.42210061848164 286.21279166266322 1343.6425337102264 237.01252921670675 1895.3420033771545 2371.1097883749753 109.9635364767164 200.44089526124299 931.55760468170047
leaf_count=4211 1602 7847 1397 9883 14268 5254 3285 17420 3197 26680 30508 1396 2548 11366
internal_value=0 -0.00123226 -0.000706435 -0.00116302 -0.00179517 0.00124687 0.000600806 0.000867308 0.000769625 0.000218359 0.00140923 0.00411149 -0.00331914 -0.000694437
internal_weight=0 3376.12 2816.41 2507.07 2000.94 506.123 7300.54 6082.77 5957.07 3238.98 2718.09 346.976 966.011 1217.77
internal_count=140862 45408 37561 33350 26699 6651 95454 80803 79201 44100 35101 4593 12431 14651
is_linear=0
shrinkage=0.0101079


end of trees

feature_importances:
Column_29=43
Column_13=41
Column_27=37
Column_11=27
Column_15=27
Column_23=25
Column_21=23
Column_2=17
Column_28=17
Column_3=16
Column_0=13
Column_20=12
Column_14=11
Column_30=11
Column_7=10
Column_16=10
Column_22=10
Column_12=7
Column_6=6
Column_17=6
Column_8=5
Column_9=4
Column_32=4
Column_33=4
Column_4=2
Column_10=2
Column_5=1
Column_18=1

parameters:
[boosting: gbdt]
[objective: binary]
[metric: auc]
[tree_learner: serial]
[device_type: cpu]
[data_sample_strategy: bagging]
[data: ]
[valid: ]
[num_iterations: 600]
[learning_rate: 0.0101079]
[num_leaves: 15]
[num_threads: 2]
[seed: 2024]
[deterministic: 0]
[force_col_wise: 0]
[force_row_wise: 0]
[histogram_pool_size: -1]
[max_depth: -1]
[min_data_in_leaf: 1280]
[min_sum_hessian_in_leaf: 0.001]
[bagging_fraction: 0.829452]
[pos_bagging_fraction: 1]
[neg_bagging_fraction: 1]
[bagging_freq: 1]
[bagging_seed: 2024]
[feature_fraction: 0.727545]
[feature_fraction_bynode: 1]
[feature_fraction_seed: 2024]
[extra_trees: 0]
[extra_seed: 29642]
[early_stopping_round: 0]
[early_stopping_min_delta: 0]
[first_metric_only: 0]
[max_delta_step: 0]
[lambda_l1: 4.00664]
[lambda_l2: 7.63247]
[linear_lambda: 0]
[min_gain_to_split: 0]
[drop_rate: 0.1]
[max_drop: 50]
[skip_drop: 0.5]
[xgboost_dart_mode: 0]
[uniform_drop: 0]
[drop_seed: 2449]
[top_rate: 0.2]
[other_rate: 0.1]
[min_data_per_group: 100]
[max_cat_threshold: 32]
[cat_l2: 10]
[cat_smooth: 10]
[max_cat_to_onehot: 4]
[top_k: 20]
[monotone_constraints: ]
[monotone_constraints_method: basic]
[monotone_penalty: 0]
[feature_contri: ]
[forcedsplits_filename: ]
[refit_decay_rate: 0.9]
[cegb_tradeoff: 1]
[cegb_penalty_split: 0]
[cegb_penalty_feature_lazy: ]
[cegb_penalty_feature_coupled: ]
[path_smooth: 0]
[interaction_constraints: ]
[verbosity: -1]
[saved_feature_importance_type: 0]
[use_quantized_grad: 0]
[num_grad_quant_bins: 4]
[quant_train_renew_leaf: 0]
[stochastic_rounding: 1]
[linear_tree: 0]
[max_bin: 255]
[max_bin_by_feature: ]
[min_data_in_bin: 3]
[bin_construct_sample_cnt: 200000]
[data_random_seed: 6648]
[is_enable_sparse: 1]
[enable_bundle: 1]
[use_missing: 1]
[zero_as_missing: 0]
[feature_pre_filter: 1]
[pre_partition: 0]
[two_round: 0]
[header: 0]
[label_column: ]
[weight_column: ]
[group_column: ]
[ignore_column: ]
[categorical_feature: ]
[forcedbins_filename: ]
[precise_float_parser: 0]
[parser_config_file: ]
[objective_seed: 12337]
[num_class: 1]
[is_unbalance: 0]
[scale_pos_weight: 1]
[sigmoid: 1]
[boost_from_average: 1]
[reg_sqrt: 0]
[alpha: 0.9]
[fair_c: 1]
[poisson_max_delta_step: 0.7]
[tweedie_variance_power: 1.5]
[lambdarank_truncation_level: 30]
[lambdarank_norm: 1]
[label_gain: ]
[lambdarank_position_bias_regularization: 0]
[eval_at: ]
[multi_error_top_k: 1]
[auc_mu_weights: ]
[num_machines: 1]
[local_listen_port: 12400]
[time_out: 120]
[machine_list_filename: ]
[machines: ]
[gpu_platform_id: -1]
[gpu_device_id: -1]
[gpu_use_dp: 0]
[num_gpu: 1]

end of parameters

pandas_categorical:null
