tree
version=v4
num_class=1
num_tree_per_iteration=1
label_index=0
max_feature_idx=33
objective=binary sigmoid:1
feature_names=Column_0 Column_1 Column_2 Column_3 Column_4 Column_5 Column_6 Column_7 Column_8 Column_9 Column_10 Column_11 Column_12 Column_13 Column_14 Column_15 Column_16 Column_17 Column_18 Column_19 Column_20 Column_21 Column_22 Column_23 Column_24 Column_25 Column_26 Column_27 Column_28 Column_29 Column_30 Column_31 Column_32 Column_33
feature_infos=[0.22403052449226379:4.806818962097168] [0.027025075629353523:24.251049041748047] [0.17134076356887817:8.6935958862304688] [0.087584272027015686:1] [-28.67047119140625:41.262332916259766] [-36.190670013427734:42.326030731201172] [-36.841156005859375:62.500308990478516] [-41.300331115722656:63.120437622070312] [-22.455821990966797:30.680826187133789] [0:0.95389312505722046] [0:0.64536702632904053] [0:0.40022626519203186] [-0.51016271114349365:0.51874518394470215] [-0.15357083082199097:0.22172828018665314] [-45.028751373291016:17.161741256713867] [-6.6708002090454102:64.2962646484375] [0:1] [0:95] [0:95] [-1:1] [-29.775985717773438:44.984848022460938] [-30.525325775146484:55.0223388671875] [-2.8409864902496338:15.253066062927246] [0.049656935036182404:5.4310722351074219] [-1:1] [0:1] [0:0.99820786714553833] [-1:1] [-1:1] [-0.78183150291442871:0.97492790222167969] [-0.90096884965896606:1] [0:1] [0:1] [0.8888888955116272:4.5999999046325684]
tree_sizes=1729 1814 1811 1779 1804 1811 1794 1778 1786 1784 1798 1808 1813 1823

Tree=0
num_leaves=15
num_cat=0
split_feature=27 11 23 15 2 15 14 20 14 33 12 23 20 27
split_gain=107.931 62.6124 49.7484 45.1678 32.4947 24.4763 36.0622 27.6823 24.4967 28.4943 25.4189 40.3574 23.1721 28.3449
threshold=-0.47136868536472315 0.017215382307767872 0.83932718634605419 3.7049390077590947 0.67339861392974865 19.281356811523441 -7.4061741828918448 -0.71722996234893788 -3.7307918071746822 1.0359913706779482 0.069684844464063658 0.77777394652366649 0.43483763933181768 0.66746801137924205
decision_type=2 2 2 2 2 2 2 2 2 8 2 2 2 2
left_child=1 -1 4 -2 -3 6 12 -8 9 -9 -10 -12 -5 -14
right_child=3 2 -4 5 -6 -7 7 8 10 -11 11 -13 13 -15
leaf_value=-1.0660579657825697 -1.0651816683186797 -1.0669824928119933 -1.0690439854270608 -1.0673668589731573 -1.0725867793178314 -1.0688415390028165 -1.0685594230316218 -1.0641475098885624 -1.0679581748211284 -1.0683220941434719 -1.0603949396374293 -1.0678169429959068 -1.0679581748211284 -1.0714530655004342
leaf_weight=469.63471280969679 942.56898985616863 105.06511763110757 2017.9972045216709 1426.2374528050423 827.94384316727519 1199.7944107782096 496.90391699969769 902.74126692861319 856.94664850272238 181.9158982783556 126.63694224692881 196.15892538055778 539.61666970700026 389.77300067432225
leaf_count=6585 13434 1040 27107 18807 10510 14237 6295 9369 10650 5673 1386 2533 7656 5421
internal_value=-1.06796 -1.06942 -1.06997 -1.06724 -1.07191 -1.06756 -1.06725 -1.06647 -1.06599 -1.06488 -1.06706 -1.06468 -1.06816 -1.0694
internal_weight=0 3420.64 2951.01 7259.29 933.009 6316.73 5116.93 2761.3 2264.4 1084.66 1179.74 322.796 2355.63 929.39
internal_count=140703 45242 38657 95461 11550 82027 67790 35906 29611 15042 14569 3919 31884 13077
is_linear=0
shrinkage=1


Tree=1
num_leaves=15
num_cat=0
split_feature=27 11 22 15 13 13 30 14 13 27 15 7 12 15
split_gain=113.771 64.6791 49.0131 40.8556 34.9056 32.6949 31.4446 30.5809 50.3157 26.8919 23.7478 27.4119 23.6393 21.7825
threshold=-0.43245348334312433 0.017215382307767872 -0.13190767168998715 3.7049390077590947 -0.068689703941345201 -0.041991515085101121 1.0000000180025095e-35 -7.4061741828918448 -0.00042833694897126401 -0.87137606739997853 11.794793128967287 -2.6043591499328609 0.015127842780202629 7.3567850589752206
decision_type=2 2 2 2 2 2 2 2 2 2 2 2 2 2
left_child=1 -1 6 4 -2 -6 9 12 10 -3 11 -9 -5 -14
right_child=3 2 -4 7 5 -7 -8 8 -10 -11 -12 -13 13 -15
leaf_value=0.0018157769966640571 0.0071624878645158846 -0.00042226633383226107 -0.00066183524940909271 0.00021039558790935441 -0.0020603808779864163 0.0028255408144465268 -0.004859319969911422 0.0059632133608414186 0.00045158632400411317 -0.0041238212145478558 0.0071226407177816713 0.0003543354449615966 -0.0041893993305157952 -0.00058481446873231264
leaf_weight=495.3073478396982 147.66589995659888 552.10644021630287 1433.3747281134129 1562.0837222449481 165.16343833319843 609.43580068647861 729.63066997937858 131.95702880248427 3255.9659842867404 337.47367436252534 154.88723443634808 297.60536441579461 275.11231241934001 527.12270580045879
leaf_count=6916 2484 6862 19634 20917 2449 8225 9166 1713 40621 4381 2057 4132 4028 7117
internal_value=0 -0.00150852 -0.00206434 0.000704489 0.00268831 0.00172203 -0.00327205 0.000400157 0.000959817 -0.00189477 0.00368044 0.00224398 -0.000492001 -0.00189878
internal_weight=0 3547.89 3052.59 7127 922.265 774.599 1619.21 6204.73 3840.42 889.58 584.45 429.562 2364.32 802.235
internal_count=140702 46959 40043 93743 13158 10674 20409 80585 48523 11243 7902 5845 32062 11145
is_linear=0
shrinkage=0.0101079


Tree=2
num_leaves=15
num_cat=0
split_feature=32 29 23 29 7 23 2 17 14 28 13 2 23 30
split_gain=52.9818 54.0045 76.4099 41.4648 41.3368 38.2617 30.9431 28.8149 38.5982 36.3058 33.9343 35.8183 34.831 33.2588
threshold=1.0000000180025095e-35 -1.0000000180025095e-35 0.84547141194343578 -0.60785761475563038 3.0374721288681035 0.52365428209304821 0.72290980815887462 57.500000000000007 -7.0042500495910636 -0.14132478833198545 0.037342038005590446 1.1890529394149782 0.77777394652366649 -0.56174489110708226
decision_type=2 2 2 2 2 2 2 2 2 2 2 2 2 2
left_child=3 6 -3 -1 -4 -5 -2 8 9 -7 11 13 -13 -10
right_child=1 2 4 5 -6 7 -8 -9 10 -11 -12 12 -14 -15
leaf_value=0.0056215174103895161 0.0065638082528219465 -0.0042102812397091871 0.00079790455084563126 -0.0015701333596510939 -0.0019843284127674453 -0.0029759119429630982 0.00056415539463019516 0.0016374723309964766 -0.0010637381293300942 0.00032987535323925152 -0.00032939670961452781 0.0091873787983781305 0.0022109941100334537 0.0026143729285480529
leaf_weight=155.8828063942492 99.244241666048765 796.22676585055888 1113.6271390151232 828.47001055069268 1035.0896308254451 619.35467517748475 631.28498035483062 2234.9689218960702 436.80252866260707 695.50702656060457 1133.159651402384 117.78809554874897 247.79641414433718 543.18263938650489
leaf_count=1991 978 9748 15794 11765 13225 8715 8705 29879 5554 9433 13306 1357 3200 7158
internal_value=0 -0.000927466 -0.00154405 0.000568864 -0.000525864 0.000441979 0.00149353 0.000726836 0.000177477 -0.00120485 0.000928481 0.0020136 0.00470915 0.000938395
internal_weight=0 3675.47 2944.94 7012.91 2148.72 6857.03 730.529 6028.56 3793.59 1314.86 2478.73 1345.57 365.585 979.985
internal_count=140808 48450 38767 92358 29019 90367 9683 78602 48723 18148 30575 17269 4557 12712
is_linear=0
shrinkage=0.0101079


Tree=3
num_leaves=15
num_cat=0
split_feature=27 29 11 23 21 20 27 7 27 29 27 29 23 7
split_gain=110.356 63.0836 74.6161 79.3335 53.1024 43.0168 27.4062 24.876 24.1705 24.156 32.5159 22.2439 24.6512 19.3063
threshold=-0.43245348334312433 -1.0000000180025095e-35 0.016796728596091274 0.83932718634605419 -8.0526790618896467 -4.0500941276550284 0.31107263267040258 -11.125429153442381 -0.94331136345863331 0.87837970256805431 -0.9686339497566222 -0.60785761475563038 0.52365428209304821 2.4088813066482548
decision_type=2 2 2 2 2 2 2 2 2 2 2 2 2 2
left_child=1 -1 8 -4 5 -2 -7 -6 -3 10 -5 -9 -13 -12
right_child=4 2 3 9 7 6 -8 11 -10 -11 13 12 -14 -15
leaf_value=0.001227075852925912 0.00094746575195850012 0.0053423139279890177 -0.0053859236325381572 -0.0050188502258486688 -0.0017442202919028633 0.0022504580662954634 0.010215333049002559 0.0049008127908326407 0 0.0004756159461331185 0.0004766112287226555 -0.0012158839789191318 0.00080904442141497331 -0.0024318777124070824
leaf_weight=704.18528421595693 263.73388069681823 130.3069955855608 799.71664880029857 310.94008856825531 452.49788780510426 96.276636082679033 128.05981558561325 119.6213773265481 255.28689780645072 445.56150652468204 384.48986415378749 671.63307184539735 5395.6036444362253 510.84701813012362
leaf_count=9368 3325 1837 9923 4391 6826 1367 2042 1529 3550 6087 5431 9438 69144 6362
internal_value=0 -0.00143466 -0.00211107 -0.00276743 0.000746276 0.00395013 0.00715822 0.000500397 0.00193174 -0.00145637 -0.00220186 0.000673049 0.000576976 -0.00114455
internal_weight=0 3541.33 2837.15 2451.56 7127.43 488.07 224.336 6639.36 385.594 1651.84 1206.28 6186.86 6067.24 895.337
internal_count=140620 46949 37581 32194 93671 6734 3409 86937 5387 22271 16184 80111 78582 11793
is_linear=0
shrinkage=0.0101079


Tree=4
num_leaves=15
num_cat=0
split_feature=27 11 29 0 21 3 13 13 2 2 29 27 2 15
split_gain=104.697 63.9986 61.6411 75.801 51.4749 41.1825 36.7064 44.3806 32.3774 31.1356 29.8641 24.128 22.5394 20.6964
threshold=-0.47136868536472315 0.017215382307767872 -1.0000000180025095e-35 1.026610851287842 -8.0526790618896467 0.47626523673534399 -0.02598323859274387 -0.00042833694897126401 1.1565466523170473 1.3070620298385622 1.0000000180025095e-35 -0.87137606739997853 0.46681010723114019 18.761209487915043
decision_type=2 2 2 2 2 2 2 2 2 2 2 2 2 2
left_child=1 11 5 -4 9 -3 8 12 -6 -2 -10 -1 -8 -9
right_child=4 2 3 -5 6 -7 7 13 10 -11 -12 -13 -14 -15
leaf_value=0.0040830486883989903 0.0068323090628759197 0.0066407683010280714 -0.0047057032067682695 -0.001016061844408151 -0.0022178044391337158 -0.00029814989947815856 0.0067834682093644762 0.00072577465965788755 0.0045556453371130949 0.0014699585843037397 -0.0014358506660570062 -0.00028914543040249206 0.0018980204412225561 -0.00080677728820940009
leaf_weight=244.59439139068127 202.97069705463946 96.927069189026952 1094.7916279248893 1259.1432901937515 848.13565144315362 476.68240882083774 107.83197084628046 2915.5275151412934 157.97428138926625 298.61876914463937 154.86408687382936 229.57919052802026 1294.564233513549 1275.581232227385
leaf_count=3447 3122 1046 13561 17410 12607 6568 1459 37838 1883 3839 1760 3161 17413 15260
internal_value=0 -0.00146775 -0.00203236 -0.00275889 0.000679325 0.0008765 0.000438374 0.000782275 -0.00117816 0.00378927 0.00149975 0.00191107 0.00233708 0.000249072
internal_weight=0 3401.72 2927.54 2353.93 7256.07 573.609 6754.48 5593.5 1160.97 501.589 312.838 474.174 1402.4 4191.11
internal_count=140374 45193 38585 30971 95181 7614 88220 71970 16250 6961 3643 6608 18872 53098
is_linear=0
shrinkage=0.0101079


Tree=5
num_leaves=15
num_cat=0
split_feature=27 11 29 22 21 13 20 3 13 30 28 30 2 13
split_gain=96.4092 53.7878 67.4635 80.7801 45.8765 45.3059 40.518 40.4363 40.0051 35.9781 35.287 27.093 35.7195 28.713
threshold=-0.49049438536167139 0.017215382307767872 -1.0000000180025095e-35 -0.20507572591304776 -8.0526790618896467 -0.024342893622815606 -4.1475882530212393 0.48378214240074163 0.040528561919927604 0.81174489855766307 0.87137606739997875 1.0000000180025095e-35 0.55683371424674999 -0.0079169780947267992
decision_type=2 2 2 2 2 2 2 2 2 2 2 2 2 2
left_child=1 -1 7 -4 6 -6 -2 -3 11 -10 -8 13 -13 -7
right_child=4 2 3 -5 5 8 10 -9 9 -11 -12 12 -14 -15
leaf_value=0.0017379289582447879 0.00070125806471705513 0.0067080240943979052 -0.0045031190451443543 -0.00066891777261538963 -0.0012441587997768181 0.002806378802395947 0.0095376738589774152 -4.587072997834543e-05 0.00043392247407542594 -0.0028486375581996317 0.00082965899449846409 0.0063719947902191225 0.0018282865093208448 0.00011893891368918953
leaf_weight=469.48804164864123 262.92387517727911 101.23358673229814 1186.6450727526098 1118.8282562103122 1253.6631586272269 534.03081402927637 149.36216032505035 471.50558841601014 1413.2209369707853 437.03553195111454 86.009734719991684 216.51732059940696 1206.54745192267 1771.9007969982922
leaf_count=6530 3345 1081 14969 15384 17468 6655 2238 6493 17883 4909 1332 3196 16300 22838
internal_value=0 -0.00136916 -0.00189327 -0.00266827 0.000698718 0.000473866 0.00364831 0.00115064 0.000868329 -0.000328146 0.00664825 0.00147229 0.00257822 0.000766033
internal_weight=0 3347.7 2878.21 2305.47 7331.21 6832.92 498.296 572.739 5579.25 1850.26 235.372 3729 1423.06 2305.93
internal_count=140621 44457 37927 30353 96164 89249 6915 7574 71781 22792 3570 48989 19496 29493
is_linear=0
shrinkage=0.0101079


Tree=6
num_leaves=15
num_cat=0
split_feature=29 15 13 7 23 3 8 16 15 30 20 31 29 29
split_gain=51.28 58.8901 46.7366 44.5118 41.6838 38.4692 30.0245 26.5217 30.8732 27.8363 26.1894 25.7292 24.4959 22.8801
threshold=-1.0000000180025095e-35 17.16136455535889 -0.019994869828224179 2.4088813066482548 0.57328814268112194 0.32527601718902593 0.79292139410972606 0.60775840282440197 3.2028967142105107 -0.56174489110708226 -4.2531888484954825 1.0000000180025095e-35 -0.60785761475563038 1.0000000180025095e-35
decision_type=2 2 2 2 2 2 2 2 2 2 2 2 2 2
left_child=12 2 4 13 5 -2 -3 8 10 -10 -6 -5 -1 -4
right_child=1 6 3 11 7 -7 -8 -9 9 -11 -12 -13 -14 -15
leaf_value=0.0052007863088631527 0.00082350488919513448 -0.0028234279725754571 0.0037490105495103037 -0.00086276830701496041 -0.00086346287264764962 -0.0059751690414966314 0 0.004401812549992612 -0.0041397170490285922 -0.00063457714236359953 0.0036092736789730792 0.0014610251453383799 0.0010528752363228053 0.0011385035598928293
leaf_weight=158.13128473237157 103.22642230056226 1262.7186734713614 468.113006753847 1824.5306746829301 254.81548841670156 287.92178372852504 575.21172975748777 98.674850771203637 332.14013260789216 858.06474446132779 246.49502205848694 648.74202572181821 1954.6697836276144 1601.9193153083324
leaf_count=1996 1552 14972 6249 23603 3758 3924 6743 1236 4433 11840 4018 8513 25937 21826
internal_value=0 -0.000355506 7.75728e-05 0.000666852 -0.00112933 -0.00409798 -0.00195577 -0.000443518 -0.000768509 -0.00166668 0.00127736 -0.000234291 0.00140002 0.00175993
internal_weight=0 8562.57 6724.64 4543.31 2181.34 391.148 1837.93 1790.19 1691.52 1190.2 501.311 2473.27 2112.8 2070.03
internal_count=140600 112667 90952 60191 30761 5476 21715 25285 24049 16273 7776 32116 27933 28075
is_linear=0
shrinkage=0.0101079


Tree=7
num_leaves=15
num_cat=0
split_feature=27 0 0 30 27 17 16 14 7 8 3 7 16 12
split_gain=90.5011 38.6273 34.6754 29.6411 38.7149 27.5082 29.4951 27.0323 46.9736 25.8736 21.9741 35.0277 66.6845 19.7032
threshold=-0.49049438536167139 1.2351571917533877 0.59243062138557445 1.0000000180025095e-35 -0.86046862602233876 48.500000000000007 0.83295178413391124 -7.0042500495910636 1.4088759422302248 -1.1601530909538267 0.88877207040786754 9.0566449165344256 0.52846899628639232 0.069684844464063658
decision_type=2 2 2 2 2 2 2 2 2 2 2 2 2 2
left_child=1 3 -2 4 10 7 -7 -4 -9 -10 11 12 -1 -11
right_child=2 -3 5 -5 -6 6 -8 8 9 13 -12 -13 -14 -15
leaf_value=-0.00023240053113400409 -0.0013712100106442516 0 -0.00090345288080511245 -0.00365404117904792 -0.0038544371725611182 0.0019397933488834445 -0.0019223989554281518 0.003993805884529327 -0.0014652538723549083 0.00010989741074373222 -0.0029898527151849632 -0.0021469046930491513 0.0080035488707511458 0.0025600565405903761
leaf_weight=251.71344789676368 757.5447095669806 1335.8979289773852 1229.3756471667439 875.15641178004444 349.465491194278 2615.5935081858188 202.39870818331838 415.25160483643413 599.29689301364124 1002.6938003543764 166.76223078742623 207.80671810545027 149.76198755949736 527.09522839076817
leaf_count=2974 12726 18909 16723 11132 4614 33544 2426 5247 7050 12441 2659 2468 1566 6163
internal_value=0 -0.00135866 0.00064661 -0.00224476 -0.00109599 0.00088596 0.00164362 0.000307298 0.000909131 0.000276433 0.000119953 0.00106322 0.00283286 0.00098897
internal_weight=0 3336.56 7349.25 2000.67 1125.51 6591.71 2817.99 3773.71 2544.34 2129.09 776.044 609.282 401.475 1529.79
internal_count=140642 44322 96320 25413 14281 83594 35970 47624 30901 25654 9667 7008 4540 18604
is_linear=0
shrinkage=0.0101079


Tree=8
num_leaves=15
num_cat=0
split_feature=32 11 22 29 21 20 28 29 23 11 11 21 17 7
split_gain=50.4033 53.8252 65.4261 87.7103 43.7399 31.437 47.1726 30.6977 31.2587 29.3646 17.072 31.6034 40.821 37.1893
threshold=1.0000000180025095e-35 0.021947383880615238 -0.024503151886165139 -1.0000000180025095e-35 -8.0526790618896467 -4.1475882530212393 0.60003554821014415 -0.60785761475563038 0.52365428209304821 0.082327898591756835 0.11583345755934717 2.1644794940948491 51.500000000000007 1.4088759422302248
decision_type=2 2 2 2 2 2 2 2 2 2 2 2 2 2
left_child=4 -2 3 -3 5 -1 -7 -6 9 -9 11 12 -10 -13
right_child=1 2 -4 -5 7 6 -8 8 10 -11 -12 13 -14 -15
leaf_value=0.00067578171724703116 0.0015717830689251557 0.0019026732169333122 0 -0.0041942646744503919 0.0048025833069742247 0.010353013204401349 0.0010030386559906213 -0.00038446339954564465 -0.0012592380173550167 -0.0048219497510104273 -0.00076586946513842948 0.0050643502452698465 0.0011718029079933021 0.0010667555570349834
leaf_weight=248.44448502734303 685.14618597738445 284.93071728013456 1484.1836396157742 1222.8853580784053 143.54847187362611 119.10543444007635 119.67456167750061 561.16261850111187 1319.3553170096129 215.57714225538075 945.34021724388003 288.02458434924483 1498.0188319012523 1528.4389223586768
leaf_count=3103 9424 3589 20311 15321 1807 1755 1917 7914 17966 3057 11258 3620 19758 19817
internal_value=0 -0.000942431 -0.0015342 -0.00301163 0.000518183 0.00342293 0.00600745 0.000290449 0.00017654 -0.00170262 0.000447376 0.000704465 1.87025e-05 0.00174137
internal_weight=0 3677.15 2992 1507.82 6986.69 487.224 238.78 6499.47 6355.92 776.74 5579.18 4633.84 2817.37 1816.46
internal_count=140617 48645 39221 18910 91972 6775 3672 85197 83390 10971 72419 61161 37724 23437
is_linear=0
shrinkage=0.0101079


Tree=9
num_leaves=15
num_cat=0
split_feature=27 11 22 15 8 12 15 13 13 13 2 3 16 28
split_gain=102.06 68.0364 41.8923 31.6025 27.2038 25.8279 28.701 35.6885 27.2222 36.7263 23.318 22.4064 29.9529 21.2836
threshold=-0.43245348334312433 0.017215382307767872 -0.20507572591304776 18.761209487915043 -1.2054316401481626 0.069684844464063658 3.6314291954040532 -0.022108939476311203 -0.068689703941345201 -0.041991515085101121 0.6049880087375642 0.75642982125282299 0.57864269614219677 0.33172981441020971
decision_type=2 2 2 2 2 2 2 2 2 2 2 2 2 2
left_child=1 13 10 5 -5 6 8 -8 -2 -10 -3 12 -7 -1
right_child=3 2 -4 4 -6 11 7 -9 9 -11 -12 -13 -14 -15
leaf_value=0.0032336728759679262 0.0063233763480707913 0.0009985905983610488 -0.00074957640891282597 -0.0032797523470319595 9.1225861519852739e-05 0 -0.0011367820708020771 0.00095342686527778589 -0.0025261009770427808 0.0027118165945237784 -0.0035256336802555106 6.4254845443288364e-06 0.005817654559457929 -0.001343603136660479
leaf_weight=372.57940056733787 149.99638561159372 108.85124009102583 1527.4139227941632 313.34645168110728 937.77970260567963 115.14329165220261 1102.1433699987829 3240.345498720184 162.82926164194942 595.13207342475653 1400.9769915249199 207.36366100981832 316.00917184725404 123.35999586433172
leaf_count=5080 2482 1066 20907 3565 11482 1410 15114 42617 2381 7991 18069 2520 4092 1812
internal_value=0 -0.00139716 -0.00197071 0.000701316 -0.000735635 0.00101403 0.000767555 0.000412549 0.00240362 0.00151972 -0.00316939 0.00294504 0.00424138 0.00201159
internal_weight=0 3533.18 3037.24 7140.09 1251.13 5888.96 5250.45 4342.49 907.958 757.961 1509.83 638.516 431.152 495.939
internal_count=140588 46934 40042 93654 15047 78607 70585 57731 12854 10372 19135 8022 5502 6892
is_linear=0
shrinkage=0.0101079


Tree=10
num_leaves=15
num_cat=0
split_feature=11 32 22 30 15 13 13 16 15 11 15 12 15 3
split_gain=45.192 61.2822 58.6392 36.8234 33.8614 36.7666 36.3424 26.6561 33.9315 26.7519 28.3197 26.5834 21.9808 38.797
threshold=0.016796728596091274 1.0000000180025095e-35 -0.024503151886165139 1.0000000180025095e-35 3.9930268526077275 -0.068689703941345201 -0.041991515085101121 0.39023442566394811 19.281356811523441 0.046807730570435531 6.5285079479217538 -0.0056651178747415534 10.225766181945803 0.76758813858032238
decision_type=2 2 2 2 2 2 2 2 2 2 2 2 2 2
left_child=12 4 3 -3 5 -2 -7 11 9 10 -9 -6 -1 -14
right_child=1 2 -4 -5 7 6 -8 8 -10 -11 -12 -13 13 -15
leaf_value=0.00074005229239752193 0.0063212027150860569 -0.0013257671668756323 0 -0.004518850871088634 1.6378508475880648e-05 -0.0026927945932734743 0.0024888701533692078 0.0045094465111387202 -0.001095418150143475 0.0017405204689968769 -0.00066418351062890975 -0.0033365063434352277 0.0049717150754169537 -0.0015474618791732077
leaf_weight=1110.6518823001534 171.57353034429252 896.28980879858136 1569.0494164023548 698.52491637691855 485.09816716425121 178.59683648683131 488.88334488496184 110.89217654243112 1145.8417699858546 1755.4917945414782 1158.2380399089307 431.06570636108518 367.92594048194587 108.75821145437658
leaf_count=15317 2818 11305 21444 8821 6417 2656 6701 1368 13619 22116 15400 6303 4819 1478
internal_value=0 -0.000267859 -0.0014044 -0.00276446 0.000333166 0.00220517 0.00102766 1.35836e-05 0.000364962 0.00093293 -0.000156155 -0.00153189 0.00157661 0.00339976
internal_weight=0 9089.55 3163.86 1594.81 5925.68 839.054 667.48 5086.63 4170.46 3024.62 1269.13 916.164 1587.34 476.684
internal_count=140582 118968 41570 20126 77398 12175 9357 65223 52503 38884 16768 12720 21614 6297
is_linear=0
shrinkage=0.0101079


Tree=11
num_leaves=15
num_cat=0
split_feature=27 11 29 0 3 29 15 3 16 15 2 12 8 5
split_gain=84.6963 53.7073 62.9571 65.3758 36.9707 35.4004 32.5163 27.9818 24.3381 31.908 31.8371 28.1977 27.4961 26.5644
threshold=-0.47136868536472315 0.021947383880615238 -1.0000000180025095e-35 1.0387778878211977 0.47626523673534399 -0.60785761475563038 3.9930268526077275 0.90959021449089061 0.39023442566394811 17.16136455535889 1.1890529394149782 -0.0056651178747415534 -1.5962797403335569 1.7966360449790957
decision_type=2 2 2 2 2 2 2 2 2 2 2 2 2 2
left_child=1 -1 4 -4 -3 -2 -7 8 11 10 -10 -8 -11 -12
right_child=5 2 3 -5 -6 6 7 -9 9 12 13 -13 -14 -15
leaf_value=0.0012756878178777403 0.0052366488389543322 0.0063798958641994429 -0.0045533088856187232 -0.0010298989386667672 -0.00014351625750192313 0.0021117762422578914 0.00014208461125916281 0.0040820237348630538 0.00037286932332381532 -0.003692389217225903 0.00047487403639291599 -0.0031475015419761446 -0.00016883269102969524 0.0045732574360665369
leaf_weight=623.80013327673078 156.71400248259306 99.44967988319695 1053.1809087265283 1179.4133748598397 454.98323869891465 1035.9595448654145 543.08677762001753 173.80699611082673 2669.9301436394453 277.70282025635242 317.99530335888267 475.08103780262172 1238.9032591953874 386.80883174389601
leaf_count=8642 1964 1066 13121 16355 6259 14627 7229 2047 35505 3177 3763 6925 15285 4729
internal_value=0 -0.00135454 -0.00195962 -0.00271992 0.00102529 0.000573667 0.000459841 0.000169582 4.25505e-05 0.000345556 0.000898156 -0.00136537 -0.000855853 0.00280588
internal_weight=0 3410.83 2787.03 2232.59 554.433 7275.99 7119.27 6083.32 5909.51 4891.34 3374.73 1018.17 1516.61 704.804
internal_count=140694 45443 36801 29476 7325 95251 93287 78660 76613 62459 43997 14154 18462 8492
is_linear=0
shrinkage=0.0101079


Tree=12
num_leaves=15
num_cat=0
split_feature=27 29 11 22 3 29 15 13 13 4 16 15 20 17
split_gain=92.936 56.3712 64.8013 65.3354 39.1422 36.1468 31.8796 27.9577 40.4942 26.6733 22.6352 30.3808 30.0894 19.7162
threshold=-0.47136868536472315 -1.0000000180025095e-35 0.017215382307767872 -0.13190767168998715 0.47626523673534399 -0.60785761475563038 3.9930268526077275 -0.068689703941345201 -0.041991515085101121 1.6359106302261355 0.38574263453483587 19.281356811523441 -1.1142792105674741 52.500000000000007
decision_type=2 2 2 2 2 2 2 2 2 2 2 2 2 2
left_child=1 4 -3 9 -1 -2 7 -7 -9 -4 -8 12 -12 -10
right_child=5 2 3 -5 -6 6 10 8 13 -11 11 -13 -14 -15
leaf_value=0.0067836885739015794 0.0053700306927806224 0.0017225580642834491 -0.0049058509645218233 -0.0007820483522062979 5.82361051284569e-05 0.0060692696438586873 -0.0011038667723290855 -0.0026974422764742103 -0.00047301066894533684 -0.00071676069814712289 -0.00080200297170182654 -0.00088858428965803127 0.0013982499190975054 0.0034071891934385895
leaf_weight=99.579201800748706 155.43164558708668 381.84473859891295 1050.3566128350794 1061.9295751806349 579.50337081588805 156.91848207823932 1042.3880709204823 181.60724277049303 151.44674107246101 212.8379943203181 766.06419805437326 1166.7192174773663 3124.4239361640066 543.47944641113281
leaf_count=1065 1939 5317 13608 14703 7982 2614 14365 2685 2198 2568 9777 13898 40920 7052
internal_value=0 -0.00138844 -0.00204612 -0.00268601 0.00116785 0.000636188 0.000521735 0.00216144 0.00136969 -0.00424044 0.000234935 0.000520132 0.000953894 0.00250797
internal_weight=0 3386.05 2706.97 2325.12 679.083 7288.48 7133.05 1033.45 876.533 1263.19 6099.6 5057.21 3890.49 694.926
internal_count=140691 45243 36196 30879 9047 95448 93509 14549 11935 16176 78960 64595 50697 9250
is_linear=0
shrinkage=0.0101079


Tree=13
num_leaves=15
num_cat=0
split_feature=27 11 29 23 29 27 13 30 29 13 16 13 7 27
split_gain=90.1061 58.4944 57.0219 81.6649 33.3997 38.2912 28.7933 25.569 24.6151 24.6604 61.8712 27.1113 26.8408 22.9036
threshold=-0.47136868536472315 0.017215382307767872 -1.0000000180025095e-35 0.84547141194343578 0.87837970256805431 -0.9738190472126006 0.041709125041961677 0.81174489855766307 -0.60785761475563038 -0.024342893622815606 0.15955476462841037 -0.068689703941345201 -3.3246910572051998 -1.0000000180025095e-35
decision_type=2 2 2 2 2 2 2 2 2 2 2 2 2 2
left_child=1 -1 -3 -4 5 -5 8 -8 -2 10 11 -10 -11 -12
right_child=6 2 3 4 -6 -7 7 -9 9 12 13 -13 -14 -15
leaf_value=0.0018414575674247375 0.005724466455407618 0.00087178751873905004 -0.0053505068020649558 -0.0054053168453634089 0.001078336605029242 -0.0010427280259804846 0.00018498307171128375 -0.0026269524708142536 0.0059530692298836001 0.0030263323477905937 -0.0044528009439853775 0.00077078060982996332 0.00088134369312970276 -0.00068137999231276611
leaf_weight=482.42066998593509 106.06272311322391 580.70972951315343 752.7805117610842 279.23526588641107 427.22420650906861 874.70465338788927 1352.1767610274255 420.66269418410957 179.79965778067708 775.73902009613812 204.15130295790732 284.03983696363866 3020.0466131158173 950.37006247788668
leaf_count=6683 1364 7673 9499 3978 5864 11609 17089 4712 3019 9964 2623 4218 39606 12946
internal_value=0 -0.00135533 -0.00190173 -0.0026097 -0.0012599 -0.00216185 0.000635866 -0.000467893 0.000997826 0.000889834 -0.000132033 0.00292936 0.00133555 -0.00140798
internal_weight=0 3397.08 2914.65 2333.94 1581.16 1153.94 7293.05 1772.84 5520.21 5414.15 1618.36 463.839 3795.79 1154.52
internal_count=140847 45306 38623 30950 21451 15587 95541 21801 73740 72376 22806 7237 49570 15569
is_linear=0
shrinkage=0.0101079


end of trees

feature_importances:
Column_13=20
Column_29=20
Column_27=19
Column_15=18
Column_11=14
Column_23=10
Column_2=9
Column_3=9
Column_7=9
Column_16=8
Column_30=8
Column_20=7
Column_12=6
Column_22=6
Column_14=5
Column_21=5
Column_0=4
Column_8=4
Column_17=4
Column_28=4
Column_32=3
Column_4=1
Column_5=1
Column_31=1
Column_33=1

parameters:
[boosting: gbdt]
[objective: binary]
[metric: auc]
[tree_learner: serial]
[device_type: cpu]
[data_sample_strategy: bagging]
[data: ]
[valid: ]
[num_iterations: 600]
[learning_rate: 0.0101079]
[num_leaves: 15]
[num_threads: 2]
[seed: 42]
[deterministic: 0]
[force_col_wise: 0]
[force_row_wise: 0]
[histogram_pool_size: -1]
[max_depth: -1]
[min_data_in_leaf: 1280]
[min_sum_hessian_in_leaf: 0.001]
[bagging_fraction: 0.829452]
[pos_bagging_fraction: 1]
[neg_bagging_fraction: 1]
[bagging_freq: 1]
[bagging_seed: 42]
[feature_fraction: 0.727545]
[feature_fraction_bynode: 1]
[feature_fraction_seed: 42]
[extra_trees: 0]
[extra_seed: 12879]
[early_stopping_round: 0]
[early_stopping_min_delta: 0]
[first_metric_only: 0]
[max_delta_step: 0]
[lambda_l1: 4.00664]
[lambda_l2: 7.63247]
[linear_lambda: 0]
[min_gain_to_split: 0]
[drop_rate: 0.1]
[max_drop: 50]
[skip_drop: 0.5]
[xgboost_dart_mode: 0]
[uniform_drop: 0]
[drop_seed: 17869]
[top_rate: 0.2]
[other_rate: 0.1]
[min_data_per_group: 100]
[max_cat_threshold: 32]
[cat_l2: 10]
[cat_smooth: 10]
[max_cat_to_onehot: 4]
[top_k: 20]
[monotone_constraints: ]
[monotone_constraints_method: basic]
[monotone_penalty: 0]
[feature_contri: ]
[forcedsplits_filename: ]
[refit_decay_rate: 0.9]
[cegb_tradeoff: 1]
[cegb_penalty_split: 0]
[cegb_penalty_feature_lazy: ]
[cegb_penalty_feature_coupled: ]
[path_smooth: 0]
[interaction_constraints: ]
[verbosity: -1]
[saved_feature_importance_type: 0]
[use_quantized_grad: 0]
[num_grad_quant_bins: 4]
[quant_train_renew_leaf: 0]
[stochastic_rounding: 1]
[linear_tree: 0]
[max_bin: 255]
[max_bin_by_feature: ]
[min_data_in_bin: 3]
[bin_construct_sample_cnt: 200000]
[data_random_seed: 175]
[is_enable_sparse: 1]
[enable_bundle: 1]
[use_missing: 1]
[zero_as_missing: 0]
[feature_pre_filter: 1]
[pre_partition: 0]
[two_round: 0]
[header: 0]
[label_column: ]
[weight_column: ]
[group_column: ]
[ignore_column: ]
[categorical_feature: ]
[forcedbins_filename: ]
[precise_float_parser: 0]
[parser_config_file: ]
[objective_seed: 16083]
[num_class: 1]
[is_unbalance: 0]
[scale_pos_weight: 1]
[sigmoid: 1]
[boost_from_average: 1]
[reg_sqrt: 0]
[alpha: 0.9]
[fair_c: 1]
[poisson_max_delta_step: 0.7]
[tweedie_variance_power: 1.5]
[lambdarank_truncation_level: 30]
[lambdarank_norm: 1]
[label_gain: ]
[lambdarank_position_bias_regularization: 0]
[eval_at: ]
[multi_error_top_k: 1]
[auc_mu_weights: ]
[num_machines: 1]
[local_listen_port: 12400]
[time_out: 120]
[machine_list_filename: ]
[machines: ]
[gpu_platform_id: -1]
[gpu_device_id: -1]
[gpu_use_dp: 0]
[num_gpu: 1]

end of parameters

pandas_categorical:null
