tree
version=v4
num_class=1
num_tree_per_iteration=1
label_index=0
max_feature_idx=33
objective=binary sigmoid:1
feature_names=Column_0 Column_1 Column_2 Column_3 Column_4 Column_5 Column_6 Column_7 Column_8 Column_9 Column_10 Column_11 Column_12 Column_13 Column_14 Column_15 Column_16 Column_17 Column_18 Column_19 Column_20 Column_21 Column_22 Column_23 Column_24 Column_25 Column_26 Column_27 Column_28 Column_29 Column_30 Column_31 Column_32 Column_33
feature_infos=[0.22403052449226379:4.806818962097168] [0.027025075629353523:26.170040130615234] [0.17134076356887817:8.6935958862304688] [0.087584272027015686:1] [-28.67047119140625:41.262332916259766] [-36.190670013427734:42.326030731201172] [-36.841156005859375:62.500308990478516] [-45.158794403076172:63.120437622070312] [-22.455821990966797:30.680826187133789] [0:0.95389312505722046] [0:0.64536702632904053] [0:0.40022626519203186] [-0.51016271114349365:0.5480339527130127] [-0.15599349141120911:0.22172828018665314] [-46.22015380859375:17.161741256713867] [-8.3726015090942383:64.2962646484375] [0:1] [0:95] [0:95] [-1:1] [-29.775985717773438:44.984848022460938] [-30.525325775146484:55.0223388671875] [-2.8409864902496338:15.253066062927246] [0.049656935036182404:5.4310722351074219] [-1:1] [0:1] [0:1] [-1:1] [-1:1] [-0.78183150291442871:0.97492790222167969] [-0.90096884965896606:1] [0:1] [0:1] [0.8888888955116272:4.5999999046325684]
tree_sizes=8581 8740 8707 8693 8686 8692 8674 8729 8633 8731

Tree=0
num_leaves=79
num_cat=0
split_feature=27 23 12 2 11 27 16 16 16 15 30 2 0 15 30 2 30 16 12 16 15 15 30 16 20 23 23 16 10 11 30 23 11 2 23 11 12 30 2 16 2 18 0 0 27 16 11 15 30 27 12 27 11 18 12 12 20 15 10 2 9 27 9 15 12 30 11 10 10 27 15 23 27 11 2 11 2 15
split_gain=37.7231 35.7567 34.3879 35.2243 33.7935 22.7723 21.8914 20.6353 52.5289 35.5265 39.0093 30.6783 31.9779 27.1768 25.3108 30.9545 31.0256 24.8492 22.5764 29.0369 22.1962 21.5078 20.4977 19.8404 29.4259 21.0817 19.6748 19.3029 29.6028 24.337 18.7926 18.6205 31.6539 17.4241 20.9968 20.9788 16.2778 23.9638 18.7537 19.9706 16.2494 16.1246 16.0649 16.3304 15.5241 20.7042 15.4913 16.9754 27.7037 18.7339 15.068 14.2337 14.2107 13.6461 13.1816 19.4729 13.1056 15.4489 16.9229 12.9325 12.8852 12.4231 12.42 16.1473 12.4052 12.0267 28.6952 26.5893 18.328 16.5622 20.9685 13.8639 13.1943 11.865 11.8199 18.3974 23.1682 11.7302
threshold=-0.92794367671012867 1.4448754787445071 0.060667471960186965 1.6608293652534487 0.045036463066935546 0.96298784017562877 0.63956585526466381 0.80473539233207714 0.66986197233200084 21.049329757690433 1.0000000180025095e-35 0.625958412885666 0.96417146921157848 14.842084407806398 1.0000000180025095e-35 0.86395907402038585 0.81174489855766307 0.87309119105339061 0.033648822456598289 0.15224505960941317 13.286038398742678 12.243216037750246 1.0000000180025095e-35 0.59566959738731395 -0.25204618275165552 0.81478413939476024 0.79055246710777294 0.22457586973905566 0.090293508023023619 0.10886695981025697 -0.56174489110708226 0.73626336455345165 0.14638739824295047 0.5850367844104768 0.59066572785377514 0.047629332169890411 0.010876790620386602 1.0000000180025095e-35 1.7612906694412234 0.60784092545509349 1.8498328924179079 43.500000000000007 0.9823768436908723 1.1689155697822573 0.24825246632099154 0.2770445197820664 0.0080905584618449228 7.0963225364685067 -0.56174489110708226 0.63435554504394542 0.10115759819746019 0.4904943853616715 0.10012996941804887 19.500000000000004 0.014610100071877243 0.041076367720961578 8.3283843994140643 20.104444503784183 0.1767317205667496 0.79723852872848522 0.1458624601364136 0.31107263267040258 0.20264959335327151 19.923417091369632 0.0063856772612780341 1.0000000180025095e-35 0.091727141290903105 0.047469496726989753 0.038244152441620834 0.88186877965927135 16.671055793762211 0.97011777758598339 0.66746801137924205 0.10194910317659379 0.89882245659828197 0.12336536869406702 1.4935801029205324 13.000915050506594
decision_type=2 2 2 2 2 2 2 2 2 2 2 2 2 2 2 2 2 2 2 2 2 2 2 2 2 2 2 2 2 2 2 2 2 2 2 2 2 2 2 2 2 2 2 2 2 2 2 2 2 2 2 2 2 2 2 2 2 2 2 2 2 2 2 2 2 2 2 2 2 2 2 2 2 2 2 2 2 2
left_child=4 2 7 50 6 22 -1 8 14 10 11 13 17 -9 21 23 60 -13 19 -18 -12 27 26 25 -25 -16 -5 28 -2 33 54 32 -32 46 35 59 37 38 39 -6 -36 61 74 -44 45 -21 -29 49 64 -48 -4 -14 -28 -46 -11 -56 57 58 -38 -35 -17 -27 -24 -64 -49 67 68 71 -67 70 -69 -10 77 -39 -30 76 -76 -70
right_child=1 -3 3 5 36 -7 -8 9 65 30 20 12 51 -15 15 16 18 -19 -20 44 -22 -23 62 24 -26 41 52 29 42 -31 31 -33 -34 34 40 -37 56 73 -40 -41 -42 -43 43 -45 53 -47 47 48 -50 -51 -52 -53 -54 -55 55 -57 -58 -59 -60 -61 -62 -63 63 -65 -66 66 -68 69 72 -71 -72 -73 -74 -75 75 -77 -78 -79
leaf_value=-0.8840353587246339 -0.88511371190852806 -0.88025213525668922 -0.88104621697796015 -0.83986827902715899 -0.85133668537155882 -0.89526130864296605 -0.90445400052640568 -0.84797521016450839 -0.89929710072670865 -0.87105693052675526 -0.85362567393483335 -0.85457653210779827 -0.88089287854549825 -0.87958835035362171 -0.8879786618498513 -0.86818348089066155 -0.87455180527971921 -0.81921832539612149 -0.88433540775183028 -0.8381866341617743 -0.88124373322142868 -0.88323495674485808 -0.88663211200526504 -0.88800846450834181 -0.84159929239435438 -0.86171035208162061 -0.85259999596694558 -0.87795323416816629 -0.87463984865413791 -0.83148297720838094 -0.87971913054766659 -0.87985405054128019 -0.82622684278800163 -0.87991018973750157 -0.87180278342636341 -0.83516012559307162 -0.88507972267012813 -0.8464172973472186 -0.89019402425066907 -0.88527044077997274 -0.84422871847038683 -0.86062405675471154 -0.88800872895509775 -0.85977172057293183 -0.85951692617153064 -0.8720424618201239 -0.86119944606867194 -0.8629608175472514 -0.88391494264532522 -0.82686557416472639 -0.89703025670308334 -0.8500070199868095 -0.87869075253137219 -0.8308287599611256 -0.91243282703625317 -0.87463984865413791 -0.86428071015415464 -0.89965516443161642 -0.85634429644450638 -0.8535927178526207 -0.88336163352907204 -0.887130209369278 -0.84706019866853599 -0.88306018794639241 -0.83171932422244055 -0.85434886364100193 -0.89853523274600822 -0.88905426670013832 -0.89674676586289936 -0.85978196838595933 -0.85890234029217161 -0.87320420722367775 -0.86306936038273985 -0.87348470017077684 -0.82522910530011406 -0.87266954935134866 -0.86468828330145941 -0.86941116101786597
leaf_weight=367.77240698225796 231.89560568146408 1385.7992725204676 858.12540923058987 88.479642922058702 76.439342280849814 54.853468377143145 161.73134216293693 91.34265529550612 248.16791890561581 55.404148377478123 78.626831356436014 81.162047496065497 51.488735159859061 129.62558352015913 500.76520101167262 190.82461056299508 157.80527816340327 116.11926797218621 72.270486727356911 51.919417075812817 214.98310373723507 147.41452842019498 106.45230273157358 45.259088888764381 60.498597552999854 47.144497754052281 73.600054461508989 51.49199254065752 66.716708051040769 46.893131954595447 40.758525341749191 108.10733977332711 42.373831063508987 64.40686328522861 840.47145173884928 73.764567157253623 195.81346632912755 99.08951292745769 127.49499353766441 59.053360274061561 43.26283854432404 125.24212331697345 97.760922571644187 67.850356431677938 67.661584712564945 125.08995255641639 66.349273988977075 73.394134746864438 70.541417783126235 85.49485587887466 144.1712033636868 62.254914017394185 89.2722895052284 107.19994805753231 65.21447273157537 47.336948143318295 65.233215155079961 109.36679757758975 48.996171420440078 80.266215112060308 274.56504576653242 159.89423661492765 48.62193470261991 44.62093915976584 48.59345199726522 111.87268152087927 80.971585230901837 206.04177420772612 77.05041491612792 86.504181975498796 56.653407856822014 45.825071141123772 80.889781506732106 55.82971204444766 67.757998418062925 71.272499531507492 64.772931290790439 47.864345585927367
leaf_count=4805 3610 16864 9440 1090 1044 630 1869 805 2831 763 675 911 580 1340 6483 2393 2052 1130 797 617 2413 1910 1357 510 766 660 901 713 1082 493 539 1430 582 884 10406 891 2234 1218 1553 520 528 1614 1198 831 819 1517 942 862 781 1117 1457 625 1153 1088 809 549 1018 1181 474 1181 3312 2205 517 583 621 1184 1016 2310 833 1021 764 542 933 673 949 799 1102 607
internal_value=-0.87464 -0.873525 -0.872363 -0.878532 -0.881594 -0.868841 -0.890544 -0.870939 -0.87215 -0.865501 -0.860319 -0.853019 -0.843833 -0.86649 -0.869946 -0.873759 -0.868376 -0.83282 -0.861402 -0.858004 -0.873825 -0.866765 -0.865364 -0.879714 -0.861663 -0.882116 -0.856817 -0.865632 -0.872201 -0.862836 -0.877303 -0.867785 -0.852022 -0.863965 -0.867027 -0.854472 -0.875826 -0.869569 -0.87779 -0.866354 -0.870264 -0.873371 -0.865191 -0.876073 -0.850806 -0.861244 -0.855726 -0.852263 -0.862058 -0.84081 -0.883475 -0.864134 -0.866942 -0.841058 -0.88833 -0.897079 -0.882165 -0.885676 -0.878927 -0.86546 -0.877032 -0.880973 -0.876024 -0.864419 -0.849141 -0.881282 -0.87494 -0.885111 -0.86885 -0.876422 -0.882227 -0.895102 -0.876742 -0.855585 -0.85843 -0.853084 -0.843283 -0.88606
internal_weight=0 9467.15 8081.35 1508.2 1366.82 505.901 529.504 6573.15 5388.35 1184.8 825.603 531.993 311.025 220.968 4346.51 1986.14 1047.34 197.281 581.947 509.676 293.61 2360.37 451.047 938.804 105.758 833.046 251.352 2212.96 668.027 1544.93 359.195 191.24 83.1324 1498.04 1102.17 218.438 837.317 417.907 262.988 135.493 883.734 332.281 436.131 165.611 351.871 177.009 395.865 344.373 192.529 151.844 1002.3 113.744 162.872 174.862 167.956 112.551 419.41 354.176 244.81 144.673 465.39 207.039 199.695 93.2429 121.988 1041.84 398.649 643.192 317.677 349.199 262.695 293.993 205.805 154.919 270.52 203.803 132.531 124.915
internal_count=131506 114917 98053 17128 16589 6231 6674 80925 67774 13151 8479 5391 3246 2145 55733 24833 12595 2041 6890 6093 3088 30900 5601 12238 1276 10962 3144 28990 9571 19419 4672 2551 1121 18926 13890 2956 9915 5008 3117 1564 10934 4479 5961 2029 4041 2134 5036 4323 2264 2059 10897 1205 2054 1907 2121 1358 4907 3889 2708 2065 5705 2865 2457 1100 1483 12041 4573 7468 3557 4095 3074 3373 2373 1891 3932 2850 2051 1440
is_linear=0
shrinkage=1


Tree=1
num_leaves=79
num_cat=0
split_feature=14 22 13 27 20 15 15 14 12 27 11 13 22 15 27 13 13 33 12 33 14 22 14 15 33 15 27 4 11 15 27 22 12 27 20 20 14 6 11 13 13 27 6 6 13 15 12 13 20 14 15 20 15 15 27 22 1 27 13 14 13 14 20 27 13 20 27 15 14 11 20 14 15 22 22 11 11 1
split_gain=40.9203 51.5572 38.6837 32.0292 23.4942 20.3084 21.8943 37.3487 54.2809 28.2163 42.2988 27.9259 29.3008 23.3647 28.9433 18.8927 36.4816 35.4947 19.0444 18.5578 17.5701 16.8981 16.6256 16.4249 16.1492 16.1157 14.3589 14.0342 13.8222 13.7325 12.8077 12.5206 12.4382 26.3423 23.1187 19.8626 13.8701 12.9585 12.4625 23.0672 13.9701 30.8267 12.2803 11.4517 11.2335 11.0855 22.6576 12.9688 11.0615 10.9656 24.7988 16.674 10.8928 10.8532 14.783 13.0827 10.6708 10.5803 10.519 10.5188 10.4442 31.4046 10.412 10.1288 9.99146 12.3676 17.6238 11.9078 10.2233 9.91445 9.49317 12.9847 13.6104 18.5883 11.7828 11.3004 14.506 16.7883
threshold=-7.3751142024993888 -0.33608497679233545 -0.010207264218479393 -0.93585023283958424 4.3380835056304941 5.654700994491578 21.883620262146 -2.6190179586410518 0.060667471960186965 0.37256073951721197 0.073730785399675383 0.058085924014449127 -0.77564656734466542 24.820283889770511 0.18436925113201144 -0.084270186722278581 -0.060972701758146279 1.0013927817344668 -0.080767791718244539 0.9590476155281068 -4.915560007095336 -0.64454752206802357 -20.387386322021481 15.567254543304445 1.0000000180025095e-35 7.63407325744629 -0.54643493890762318 1.6018311977386477 0.088925626128911986 5.654700994491578 0.74455857276916515 0.51350826025009166 -0.011055101174861191 -0.8253108263015746 0.95399871468544017 2.2212001085281377 -10.432975292205809 4.6480772495269784 0.10194910317659379 0.04873944632709027 -0.03456927835941314 0.60003554821014415 8.8566756248474139 4.3400251865386972 0.064015626907348647 20.104444503784183 0.15771851688623431 0.06528490781784059 3.8806391954422002 -5.2041621208190909 9.7970209121704119 1.2414244413375857 3.8329063653945927 16.671055793762211 0.94331136345863353 -0.26231111586093897 0.64411318302154552 0.87137606739997875 -0.01861540041863918 -16.295631408691403 -0.027991244569420811 -14.983804225921629 1.5834156274795534 0.24825246632099154 -0.055323308333754533 1.0793818235397341 0.82531082630157482 6.7527740001678476 -10.432975292205809 0.057671127840876586 -0.37478247284889216 -4.6359522342681876 9.2557158470153826 -0.52156916260719288 -0.55570790171623219 0.070127606391906752 0.013863021507859232 1.067578971385956
decision_type=2 2 2 2 2 2 2 2 2 2 2 2 2 2 2 2 2 8 2 10 2 2 2 2 10 2 2 2 2 2 2 2 2 2 2 2 2 2 2 2 2 2 2 2 2 2 2 2 2 2 2 2 2 2 2 2 2 2 2 2 2 2 2 2 2 2 2 2 2 2 2 2 2 2 2 2 2 2
left_child=1 15 25 4 -4 -5 7 9 19 23 24 12 -10 14 27 26 17 -17 -19 62 -15 -21 -3 28 -11 -2 -1 44 70 -28 -23 64 38 -34 52 36 -36 -37 39 40 41 -18 43 58 -8 -6 -47 -48 63 57 -51 -52 -35 -12 55 -55 -25 -26 -27 -42 61 -54 -9 -14 -24 68 67 -67 -66 -61 74 72 -72 -74 -7 76 -73 -78
right_child=2 22 3 5 45 6 13 8 11 10 53 -13 48 20 -16 16 32 18 -20 21 -22 30 31 56 49 42 29 -29 -30 -31 -32 -33 33 34 35 37 -38 -39 -40 -41 59 -43 -44 -45 -46 46 47 -49 -50 50 51 -53 60 54 -56 -57 -58 -59 -60 69 -62 -63 -64 -65 65 66 -68 -69 -70 -71 71 75 73 -75 -76 -77 77 -79
leaf_value=0.014801189136933181 0.0036058396139567088 -0.0090097147499719338 -0.018078675300875844 -0.018661370720048909 0.011446566882636807 -0.026616361450675939 -0.0064565969959132852 -0.015391746527986295 -0.033879340178774947 0.00062944093293506188 -0.01668894180498012 0.026548319204858953 0.00061270868642967905 0.026266081223062166 -0.02711560182559505 0.044171022436077782 0.0094360593488617747 0.038217095591009213 -0.0023210773019100204 0.035291673385946326 -0.0026352776473604622 0.0098292024589832962 -0.0098620284259697162 -0.0092041993722595285 0.030866559483703978 0 -0.022456962994397252 -0.016072051557083016 -0.028931028130621796 0.007526541307499782 0.027915487242007608 -0.0040579480387001755 -0.020732905666125921 -0.019363181875891484 0.012319142817216222 0.014193143285114904 0.0392750973676146 -0.012338447387375891 -0.0067921776723517879 0.040616247279341149 -0.01045686024688712 0.050105492752582734 0.00067655592356591267 -0.032071745534577714 0.02206840415238594 -0.034153900871519018 -0.011955588483357574 0.024146996217462278 0.0028621359306143998 -0.0085597891368314662 0.030029884642824779 0.0028091954923222359 -0.015209430955845387 -0.0057144183649569091 -0.019041585644388667 0.021762987718035334 0.0078901106470884007 0.0076510778830436617 -0.02427129886943357 0.011177726515366833 -0.0055061393740819999 0.029641436497070604 0.0095170607943496147 -0.024614660350194929 0.0052388629381139038 0.025538393612536261 0.032277200030080777 -0.00071164436766720657 -0.0033080161150966935 -0.0018110656603436198 -0.0094698638040789443 0.0023062185330761241 0.027619465956030386 -0.00043415116588126936 -0.0066311881721375227 0.0081574634592549693 -0.029725085479003755 -0.0026920692386116596
leaf_weight=46.348689755424857 67.705234223976731 461.25204341486096 387.36735647544265 117.52624225057662 99.98639296926558 102.63264756835997 47.183193515986204 42.646854072809219 64.847089113667607 274.48564416542649 180.75697010010481 55.447089536115527 54.682683637365699 44.935821494087577 190.52768293395638 112.37511800229549 157.89996400289237 27.54281204007566 89.54917124286294 124.90786259621382 375.18518564663827 291.68497854471207 113.44941701740026 104.32672734931111 126.05723638087511 72.465637611225247 96.353983975946903 76.353083070367575 64.795932790264487 40.617731565609574 122.13951831310987 846.13676865212619 84.320826960727572 59.370940826833248 107.31931038759649 75.28131826967001 73.794603446498513 68.349069004878402 76.888290809467435 50.772618869319558 61.26140902377665 50.247365823015571 47.425029991194606 153.62483451701701 56.959583327174187 41.661218173801899 35.85834663361311 36.883083833381534 299.09989292547107 106.16343796998262 106.39011921733618 89.360203206539154 49.962485529482365 69.586973419412971 60.792602593079209 63.180470705032349 236.4434721544385 73.269042760133743 77.885610954836011 553.90154686942697 181.84744362533092 74.25074159912765 124.87015835754573 66.131146194413304 720.43730791471899 41.528239913284779 67.180101009085774 148.98954193480313 471.25139209441841 146.08290932141244 124.45163706876338 76.775950586423278 69.76397679746151 134.01457046531141 172.96963106654584 50.937833569943905 133.39355292543769 80.323331873863935
leaf_count=601 1021 6441 4019 1332 1143 1095 601 838 686 5473 1834 424 539 782 2178 821 1919 511 1850 826 5263 1977 1510 1297 922 878 1260 828 608 535 836 10663 1181 809 1344 948 1000 837 1027 682 1006 605 639 1701 560 421 535 529 3032 764 731 644 543 808 664 706 2814 524 947 7405 2520 862 2479 649 9536 562 881 2071 5932 1623 1491 890 862 1567 1930 513 1419 908
internal_value=0 0.00290405 -0.00268927 -0.00161323 -0.0114492 -0.00032261 0.0001579 0.00162084 0.00804294 -0.00156842 0.00363226 -0.00272266 -0.00636436 -0.00668283 -0.0149357 0.00799717 0.00922746 0.0262707 0.00777886 0.0163145 0.00056418 0.0204134 -0.00113807 -0.00602968 0.00970356 -0.0159272 -0.00573653 -0.00149889 -0.00894316 -0.0132593 0.0155048 0.000361621 0.00705915 0.00254421 0.00556357 0.0143316 0.0241898 0.00124532 0.010181 0.0115299 0.00979231 0.0202591 -0.0198261 -0.0231498 0.00893818 0.000420071 -0.00886764 0.00602567 -0.00171469 0.0145309 0.0086156 0.0181592 -0.00216853 -0.00878977 -0.000973806 0.00726423 0.0024682 0.0228978 -0.0131104 0.00677377 0.00122079 0.0113109 0.002676 -0.0131591 0.0027899 0.00383871 0.0128206 0.00517556 0.00181846 0.00840297 -0.00740304 -0.00432801 0.00200091 0.00928945 -0.014528 -0.0105051 -0.014011 -0.02003
internal_weight=0 5154.56 5676.86 5257.76 601.756 4656 4538.47 3747.33 1246.46 2500.87 1150.04 540.208 484.761 791.145 371.024 2284.34 2101.02 229.467 117.092 706.249 420.121 538.732 2870.22 1350.83 775.726 419.106 183.32 180.496 1010.06 136.972 413.824 2408.97 1871.55 774.497 690.176 324.744 181.114 143.63 1097.05 1020.17 969.393 208.147 351.401 303.976 104.143 214.389 114.403 72.7414 419.914 501.24 301.914 195.75 365.432 374.317 193.56 132.767 340.77 199.326 150.351 761.246 306.061 124.213 167.517 120.814 1562.84 1449.39 257.698 190.518 1191.69 699.984 945.263 669.661 328.23 203.779 275.602 341.431 290.493 213.717
internal_count=131612 67485 64127 58941 6647 52294 50962 40750 12286 28464 13070 5330 4906 10212 4167 29889 27493 3182 2361 6956 6045 3639 37596 15394 9058 5186 2396 1989 11283 1795 2813 31155 24311 10044 8863 4129 2344 1785 14267 13240 12558 2524 4165 3526 1161 2628 1485 1064 4220 3585 2139 1375 4734 4012 2178 1514 4111 1446 1825 10034 3925 1405 3317 1188 20492 18982 3514 2633 15468 9028 10675 7650 3920 2429 3025 3730 3217 2327
is_linear=0
shrinkage=0.0454652


Tree=2
num_leaves=79
num_cat=0
split_feature=23 16 7 13 30 16 4 13 3 16 28 7 15 15 16 30 3 10 10 13 23 16 3 10 33 30 28 15 28 3 3 13 13 3 23 28 4 32 4 15 10 3 10 30 16 16 16 3 23 30 16 10 3 28 30 13 7 28 28 15 7 22 32 33 3 3 7 15 15 7 3 22 13 15 13 15 7 16
split_gain=38.382 27.5008 30.2851 29.2215 28.5922 28.4075 23.4395 21.4801 24.8915 24.2718 21.6117 27.1836 32.0499 31.5061 35.7702 46.8356 41.8238 22.9024 21.2691 20.9103 19.8597 19.7641 35.1034 30.1153 26.4329 24.6716 21.1752 19.1687 18.6483 17.0108 22.4211 16.9459 16.9264 16.4418 15.7852 19.5735 17.4224 15.5238 14.2027 13.6627 12.827 12.7579 12.089 18.0716 28.8936 24.8902 18.0693 15.3769 14.6768 12.7496 12.0834 12.0562 12.0462 11.924 11.5061 11.4888 13.1373 11.4053 11.2847 15.329 11.2625 18.5317 14.5088 15.77 14.3853 33.1289 18.7397 18.5869 18.2265 21.082 21.1303 17.9365 14.0925 13.2416 13.2465 13.0435 12.5556 18.1051
threshold=1.4288031458854678 0.45342031121253973 1.0000000180025095e-35 -0.08784794062376021 -0.56174489110708226 0.58335575461387645 -1.6311194896697996 0.018330620601773265 0.84913858771324169 0.80473539233207714 -0.79989895224571217 23.405216217041019 29.433461189270023 21.255068778991703 0.8822067677974702 0.81174489855766307 0.69224137067794811 0.078137293457984938 0.12538592517375949 -0.0050999145023524753 0.54172787070274364 0.67343258857727062 0.42729592323303228 0.043818525969982154 2.9781250953674321 -0.56174489110708226 1.0000000180025095e-35 12.429117202758791 0.47136868536472326 0.90066105127334606 0.63965275883674633 0.06528490781784059 -0.0431112702935934 0.41487564146518713 1.042534410953522 0.4904943853616715 2.0409400463104252 1.0000000180025095e-35 0.93678873777389537 8.8071122169494647 0.21528929471969607 0.60534515976905834 0.023775608278810981 1.0000000180025095e-35 0.74461922049522411 0.78044626116752636 0.79422870278358471 0.33456848561763769 0.58223333954811107 1.0000000180025095e-35 0.50248679518699657 0.086967010051012053 0.35181753337383276 0.37256073951721197 -0.56174489110708226 0.022491534240543846 11.768213272094728 0.56457334756851207 -0.50938662886619557 9.1043915748596209 -1.7798942923545835 -0.28489957749843592 1.0000000180025095e-35 0.9590476155281068 0.35726134479045873 0.29056590795516973 -15.309884548187254 7.2321453094482431 2.620224237442017 -11.052307128906248 0.41236057877540594 -0.80042618513107289 -0.044196559116244309 5.2123312950134286 -0.015096067450940607 5.7779905796051034 -15.309884548187254 0.075719732791185393
decision_type=2 2 2 2 2 2 2 2 2 2 2 2 2 2 2 2 2 2 2 2 2 2 2 2 8 2 2 2 2 2 2 2 2 2 2 2 2 2 2 2 2 2 2 2 2 2 2 2 2 2 2 2 2 2 2 2 2 2 2 2 2 2 2 10 2 2 2 2 2 2 2 2 2 2 2 2 2 2
left_child=1 3 5 4 28 19 -5 8 9 21 17 13 -13 14 29 16 18 27 -16 32 -7 22 -4 24 -24 -23 -27 -9 -1 30 42 57 -3 -22 35 36 -11 40 -20 53 -19 54 46 45 48 51 49 -47 -45 -12 -41 -44 -46 -34 -33 -2 -57 -15 -25 -60 61 64 63 -63 65 66 -8 -68 76 71 -71 -70 -72 -62 -75 -67 -66 -78
right_child=55 2 7 6 -6 20 60 10 -10 34 11 12 -14 31 15 -17 -18 37 38 -21 33 25 23 58 -26 26 -28 -29 -30 -31 -32 41 39 -35 -36 -37 -38 -39 -40 50 -42 -43 43 44 52 47 -48 -49 -50 -51 -52 -53 -54 -55 -56 56 -58 -59 59 -61 73 62 -64 -65 68 75 67 -69 69 70 72 -73 -74 74 -76 -77 77 -79
leaf_value=-0.0072061191273403557 -0.0090218327143949777 -0.016999681130509141 -0.0085930296685025592 -0.0013893849386667748 -0.021827987051167966 0.0035783206378714235 0.038150693983964638 0.020736473494258077 -0.0083626335062865313 0.047639321262806428 -0.023566832039767061 0.032259619459628665 -0.0019430567553674468 -0.032006675593324013 0.038002476090637199 -0.021649918522432549 -0.0061132486707758055 -0.024809545879262481 0.026815253756973894 -0.013908407385013271 -0.0036143163535200091 -0.021995455052854215 0.048866592917764504 0.020217780371901223 0.0045954109591205662 -0.0094565407809026458 0.020428153123400919 -0.005148740090047693 0.029075493286017148 0.0191437038676316 -0.0129291154338292 -0.019984393079155283 -0.0094162092986061936 -0.024225082494339675 0.00022618895813093589 0.0040399287609167401 0.013410930766788199 0.0033721770778824228 0.0010614647747984138 0 -0.0024487164013619602 0.015962895255653645 -0.0057766933085473884 0.026025636101989606 0 0 0.011593254637911605 0.027655407448025502 -0.00080481435731122504 0.00012622712894044935 0.028547130659876421 0.011946070168992783 -0.027557820807353011 0.015464771374777345 -0.00015040313237699976 0.0063537819618616955 -0.0067974442813480184 -0.0021335361739466801 -0.013055877473455102 0.016822804494283434 -0.0048379772438110402 -0.0012318580209701598 -0.0069853996003267404 0.014730180991602631 -0.017107835736383199 0.0019902954374129531 -0.0057950088976749803 0.029471024190533233 0.052467561944302681 0.037869914164593357 -0.0080425648734851925 0.020663484149143745 0.013792407943790308 -0.0097166973760734222 0.014460358961262101 -0.024582662142147702 0.033603911862672857 -0.00018427343003124308
leaf_weight=65.790350645780563 1038.5901225022972 50.304587781429291 140.44735777750611 701.63904688507318 158.44264462962747 93.637661132961512 56.878859329968691 74.00492855720222 200.08279538527131 90.263529699295759 125.36892135813832 115.41144383139908 102.00692852586508 102.02588909491897 155.93323072046041 67.85446803085506 109.89026930555701 237.45092772319913 88.137227347120643 148.52751854807138 116.20244979858398 103.98179394565523 87.417079977691174 79.178964531049132 45.104226728901267 94.584390224888921 91.560674382373691 236.9282118268311 45.186734199523926 74.550283450633287 328.7572279330343 107.2531105093658 92.645470794290304 319.80833418108523 66.730874652042985 64.182506367564201 58.915671646595001 69.096546489745378 93.769972089678049 47.546739293262362 75.605227388441563 45.746276216581464 223.85202320478857 52.160720709711313 49.074655205011368 61.363261418417096 65.19210996851325 152.17011180892587 154.5575668271631 67.237356459721923 101.63182677328587 117.39415807835758 108.49517602287233 63.290898639708757 143.51280162669718 267.53802755661309 364.4778723269701 40.815982319414616 83.221251174807549 55.48796334117651 273.53155800886452 222.45071363821626 188.3566199298948 279.59499552100897 42.936364900320768 68.762443888932467 82.36579393222928 43.085690941661596 63.296857004985213 66.174826741218567 66.72271123342216 122.26226580329239 384.65146305598319 54.256055640056729 211.07622512616217 72.600636152550578 41.545680705457926 106.35551618598402
leaf_count=698 13277 563 1703 9362 2192 1031 733 760 2666 904 1372 1501 1665 1300 1444 739 1103 2779 744 1781 1455 1210 630 940 936 1062 1059 2945 621 843 3744 1345 1172 3602 761 740 550 688 855 561 756 632 2520 634 646 693 709 1392 1908 697 1206 1437 1162 806 1491 2932 4055 558 1118 774 3639 4920 2461 2020 594 1031 1093 478 746 803 724 1542 4745 724 3007 779 625 1476
internal_value=0 0.001402 -0.000513188 0.00462953 -0.00957416 -0.00754979 0.00587123 0.00102688 0.00609797 0.00889216 -0.000820113 0.000973815 0.0162525 -0.00034136 0.00196483 0.0123226 0.0177284 -0.00797847 0.0256064 9.52222e-05 -0.0148603 0.00464295 0.0102032 0.0178868 0.0347438 -0.00460956 0.00510968 0.00104635 0.00765059 -0.00140701 -0.00250593 -0.0113689 0.00617449 -0.0189274 0.0203315 0.0262729 0.0351575 -0.0153811 0.0141168 0.0103271 -0.0196642 -0.00482963 0.000399129 0.00288278 -0.00486915 0.00805864 -0.00817581 0.0200774 0.00610701 -0.0152169 0.0199788 0.00024816 -0.0193611 0.000514553 -0.00900922 -0.00608249 -0.00114867 -0.0240993 0.00696364 -0.000622529 0.00797193 0.00961578 0.00353895 0.00760835 0.0129981 0.00449956 0.0172465 0.00648782 0.0159865 0.0193675 0.0142876 0.0326661 0.0104144 0.0020329 0.00926312 -0.0116287 0.00313472 0.00963406
internal_weight=0 9158.34 5740.37 3417.96 269.42 1033.6 3148.54 4706.78 1261.16 1061.08 3445.62 2752.53 217.418 2535.11 2095.76 515.585 447.731 693.086 337.84 503.947 529.648 780.984 490.857 350.409 132.521 290.127 186.145 310.933 110.977 1580.17 1505.62 439.354 355.42 436.011 280.093 213.362 149.179 382.153 181.907 305.115 313.056 296.512 1176.87 919.068 364.288 554.78 257.798 213.533 206.718 192.606 149.179 341.246 157.57 155.936 250.766 1670.61 632.016 142.842 217.888 138.709 2446.91 1908.04 690.402 502.046 1217.64 323.693 182.33 125.451 893.946 703.108 517.549 185.559 451.374 538.864 265.332 141.363 190.838 147.901
internal_count=131569 111305 66292 45013 3511 12177 41502 54115 15053 12387 39062 31134 3166 27968 22642 4885 4146 7928 3043 6089 6088 9432 6101 4398 1566 3331 2121 3705 1319 17757 16914 5326 4308 5057 2955 2194 1454 4223 1599 3745 3535 3468 13170 10392 4350 6042 2778 2085 2542 2069 1767 3957 1808 1978 2836 20264 6987 1858 2832 1892 32140 24770 9401 6940 15369 4114 2304 1571 11255 8560 6272 2288 5469 7370 3731 1810 2695 2101
is_linear=0
shrinkage=0.0454652


Tree=3
num_leaves=79
num_cat=0
split_feature=29 21 0 20 16 6 16 0 6 21 11 21 21 6 30 18 18 16 11 29 21 21 16 0 20 0 18 21 21 4 18 30 30 16 5 21 29 17 17 30 16 5 29 21 21 0 11 29 17 16 4 0 21 21 0 4 20 21 17 20 6 6 16 19 6 17 18 20 11 17 29 11 20 16 5 17 20 6
split_gain=57.0095 31.2645 39.9005 21.6374 20.1976 19.9016 18.3466 21.7742 18.0309 15.8575 15.6281 14.1484 13.9211 13.847 16.8357 40.6732 32.6068 13.0344 24.3831 12.4276 21.2669 16.9547 12.3819 11.8928 11.381 10.3037 10.0467 10.4795 20.0828 15.6214 14.4576 13.6357 12.7504 12.3343 11.8977 11.7311 10.9251 9.91413 13.6623 11.5579 9.81452 13.227 9.61861 35.8305 14.5637 15.7942 13.5949 15.2446 21.7341 13.3659 15.1612 12.529 14.0223 12.7539 12.0364 11.3808 9.58859 9.50558 12.6947 9.46029 9.36634 9.34571 14.775 9.13188 9.04912 8.8961 8.81523 10.3943 8.76984 15.4196 22.3621 8.67902 8.52787 8.44747 8.40204 8.34838 11.2216 10.5358
threshold=-0.60785761475563038 1.0000000180025095e-35 1.4499953985214236 3.3050632476806645 0.78380969166755687 4.4978668689727792 0.18774415552616122 0.45178101956844335 -13.849355220794676 -11.575764656066893 0.0080905584618449228 4.2739868164062509 -4.5896496772766104 -7.6914401054382315 -0.56174489110708226 61.500000000000007 72.500000000000014 0.3787525743246079 0.066031940281391158 0.6078576147556306 -2.0812871456146236 -2.971488237380981 0.73389634490013134 0.96775057911872875 -0.34390279650688166 0.51422467827796947 33.500000000000007 15.865880489349367 11.85500478744507 1.6018311977386477 90.500000000000014 -0.56174489110708226 0.81174489855766307 0.94415840506553661 -0.38111509382724756 4.9095752239227304 1.0000000180025095e-35 5.5000000000000009 45.500000000000007 1.0000000180025095e-35 0.24451696872711184 0.37590034306049352 1.0000000180025095e-35 2.615934014320374 1.9855725765228274 1.1118091940879824 0.048711607232689864 0.87837970256805431 61.500000000000007 0.65886875987052929 0.13317686319351199 0.7658020853996278 1.6151922941207888 1.3248972892761233 0.81718218326568615 1.4593067765235903 -0.60107898712158192 -8.5622081756591779 41.500000000000007 -1.7494373917579649 -0.9551083743572234 -1.5132783651351926 0.63139665126800548 0.15000000223517421 -1.8928767442703245 38.500000000000007 20.500000000000004 -4.0206012725830069 0.050762573257088668 63.500000000000007 0.87837970256805431 0.044004928320646293 0.30682571232318884 0.55032661557197582 -0.72048449516296376 18.500000000000004 3.1405953168869023 9.2217264175415057
decision_type=2 2 2 2 2 2 2 2 2 2 2 2 2 2 2 2 2 2 2 2 2 2 2 2 2 2 2 2 2 2 2 2 2 2 2 2 2 2 2 2 2 2 2 2 2 2 2 2 2 2 2 2 2 2 2 2 2 2 2 2 2 2 2 2 2 2 2 2 2 2 2 2 2 2 2 2 2 2
left_child=11 2 3 6 22 -6 8 71 -2 -10 56 -1 24 40 15 17 68 18 -15 21 65 -18 42 -19 59 -24 -7 28 30 31 32 -29 35 -30 -32 -28 -31 39 -39 -36 -12 -42 43 51 46 55 47 61 -49 50 60 52 72 -53 -45 64 -9 58 -4 66 -48 73 -63 -59 -46 -21 -11 -68 -16 -70 74 -8 -3 -44 -71 77 -77 -37
right_child=1 4 57 -5 5 26 7 10 9 12 13 -13 -14 14 16 -17 19 23 -20 20 -22 -23 25 -25 -26 -27 27 29 33 36 34 -33 -34 -35 37 75 -38 38 -40 -41 41 -43 44 54 45 -47 49 48 -50 -51 -52 53 -54 -55 -56 -57 -58 63 -60 -61 -62 62 -64 -65 -66 -67 67 -69 69 70 -72 -73 -74 -75 -76 76 -78 -79
leaf_value=-0.038252914715500283 0.015507214709038633 -0.040414388176277287 0.0047484718080820758 -0.018201101103268266 0.005607073396239357 0.011809688703385363 0.012437903537849794 0.0028919739135381743 -0.014027117273768002 0.0063982158794368017 0.008913853265911726 -0.0057388545335109566 -0.012061086155213247 0.022704410587534616 0.0064892018770313859 0.029694074605905788 0.001771626812846115 0.0061812151828360938 -0.007454203686087328 0 0.015683236357317613 -0.029055385721750256 -0.029917935125916614 -0.016481891449280035 -0.013291954895183533 -0.0081401324787771945 -0.011299840644850711 0.038922693877242301 -0.0046560698053017954 0.011258446373781379 0.010517475203558465 0.0018759709186023116 -0.01192716839550916 -0.023427867049511972 -0.0090822429817156401 0.0049435737547715757 -0.019403031436020322 -0.019537741729513072 0.0032406168096780451 0.015007690310631148 0 -0.031349401306230491 0.0062720157419817761 0.016481064536812359 0 0.0047558820459789623 0.019789324981398636 -0.019551253518680874 0.011323137452460283 -0.0073001479657711123 0.033420053253518316 -0.00049404109124088808 -0.0032682238944260638 -0.016849768020042608 -0.0017998597234036261 0.0026119785529413742 -0.015039607544269341 0.00076333932947840477 -0.019673788305899099 0.016961185480863741 -0.006693605538511351 0.0017190464064379767 0.022402900860750547 -0.014767258454053704 -0.016681976858422314 -0.02633001716443166 -0.024498868728548 0.00070374067969047177 0.0053583873151895377 0.015575147105606788 -0.0028484952682455212 0.039956695733640434 -0.013990686712666818 -0.019633127603829341 0.040012128785312427 0.0098809609047848246 -0.013009519268697731 0.019991543875270922
leaf_weight=94.266020469367504 149.08533924818039 78.53126522898674 51.535809570923448 76.100444277748466 1151.3869930114597 99.067663073539734 60.235160656273365 154.59080431982875 163.321184579283 415.22389034181833 75.936235306784511 46.084995014593005 133.45063441805542 171.58681507408619 564.72289285063744 245.59048300795257 59.064776929095387 122.27107141539454 75.522583171725273 50.586536606773734 101.80891789682209 81.501638181507587 48.181960536167026 71.971188340336084 69.075485810637474 561.70830844715238 79.017129585146904 41.056538984179497 154.58525223471224 38.931629709899426 63.337477013468742 43.883583582937717 106.29889116249979 151.57407888397574 117.90462621301413 321.66431863047183 48.134974231943488 239.8349728807807 64.21886932104826 57.737880723550916 80.530855908989906 40.068480072543025 42.822430381551385 129.64337519742548 80.879693949595094 212.79573598504066 48.04580844938755 147.82174421101809 62.999543134123087 48.094098906964064 76.362873459234834 223.40556686371565 61.616552168503404 182.20263479463756 157.02462167292833 112.33647134527564 94.095098791643977 333.72907716408372 186.45028238929808 119.12116926908493 51.848499476909637 237.46417736262083 102.35984668135643 96.112697554752231 322.7068081907928 48.686873532831669 41.276469558477402 118.85592306032777 180.50939079001546 62.09320105984807 46.264922700822353 54.9725830424577 55.657092839479446 50.68417651951313 102.41986941546202 81.059751698747277 86.782020755112171 144.61360802687705
leaf_count=1169 1944 874 690 915 12928 1088 924 2015 2110 5577 865 576 2130 2236 7179 3063 660 1476 1052 579 1248 923 606 880 1047 6457 799 600 1935 570 643 708 1213 1576 1091 3218 712 2494 683 610 1095 502 584 1748 968 2724 562 1796 844 567 868 2541 774 2001 2035 1420 1277 4257 2362 1753 559 3009 1054 1241 4150 571 576 1669 1930 730 577 675 862 581 1197 769 976 1630
internal_value=0 0.000377203 0.00326346 0.00505911 -0.00171443 0.000871834 0.00556283 0.00775349 0.000902123 -0.00115721 0.00678219 -0.0283788 0.0011849 0.00801975 0.00916503 0.0149581 0.00602353 0.00645169 0.0133217 -0.00589107 0.00117259 -0.0160807 -0.00431075 -0.00213656 0.0036154 -0.0101277 -0.00191973 -0.00270965 -0.00383461 0.00776232 -0.00141311 0.0212952 0.00235315 -0.014293 -0.00716068 0.00460557 -0.00526755 -0.00966478 -0.0145893 -0.000730763 -0.00325319 -0.0113465 -0.00284942 -0.00663763 -0.000701088 -0.00544973 0.00323423 -6.97209e-05 -0.0100582 0.0127656 0.0185526 -0.0129412 -0.0224474 -0.00805499 0.00641518 -0.0097572 -0.00383322 -0.00693161 -0.0141928 0.0054348 0.00585172 0.00472686 0.00828327 -0.00270322 -0.0133114 -0.0132684 0.00286144 -0.00594341 0.0103392 0.0156478 0.0239632 0.0268964 -0.0305446 -0.00750379 0.0316789 0.00672361 -0.00169865 0.00984743
internal_weight=0 10684.7 4498.37 3830.54 6186.28 3091.09 3754.44 2545.03 1209.41 1060.32 2429.82 140.351 897.004 2181.14 1984.6 686.942 1297.66 441.352 247.109 341.649 201.082 140.566 3095.19 194.242 763.553 609.89 1939.7 1840.64 1668.63 172.007 1362.47 84.9401 819.436 306.159 543.034 713.137 87.0666 479.696 304.054 175.643 196.536 120.599 2485.3 888.081 1597.22 728.719 868.503 644.152 210.821 224.351 176.257 601.413 195.805 405.608 286.668 515.923 248.686 667.828 237.986 694.477 99.8943 433.331 339.824 429.842 403.587 99.2734 575.356 160.132 956.01 391.287 210.778 115.208 134.188 93.5066 164.513 634.12 167.842 466.278
internal_count=131497 129752 57925 49375 71827 34243 48460 31654 16806 14862 30055 1745 12752 26763 24301 8707 15594 5644 3288 3981 2398 1583 37584 2356 10622 7063 21315 20227 17637 2590 14126 1308 8605 3511 5521 7392 1282 4878 3177 1701 2462 1597 30521 10835 19686 9262 10424 7868 2640 2556 1989 7052 2510 4542 3783 6538 3292 8550 3052 9575 1121 5228 4063 5498 5118 1150 7822 2245 11613 4434 2504 1599 1736 1165 1927 6593 1745 4848
is_linear=0
shrinkage=0.0454652


Tree=4
num_leaves=79
num_cat=0
split_feature=14 7 22 3 2 27 3 14 11 3 0 30 6 18 3 30 0 18 7 22 3 2 18 27 3 30 3 11 14 15 3 21 14 3 30 30 14 7 21 15 0 15 14 3 11 15 11 11 15 3 3 0 3 30 27 2 15 15 30 2 2 15 0 11 3 3 27 0 3 0 22 7 27 3 3 22 14 2
split_gain=26.2001 58.1659 41.3177 29.8767 28.378 30.5395 49.1959 25.717 26.0473 23.32 21.8318 23.5064 50.1126 36.1544 29.7049 41.3751 24.1559 23.406 19.9879 24.0169 19.6531 39.8482 27.9447 19.1586 21.1398 27.9814 21.6712 17.7471 22.3517 25.3933 18.9919 17.7319 17.1582 17.1164 16.2275 20.2542 15.1635 15.0486 15.0415 27.6874 21.7675 15.9977 25.3725 19.9847 21.1419 20.8771 15.338 15.0193 14.8021 14.6204 19.955 14.1391 14.1238 13.8404 13.8193 13.5095 13.4518 16.5973 13.895 13.416 15.6462 13.3745 13.2655 13.2473 12.8666 29.7891 18.013 15.9628 13.4632 12.5198 12.344 12.2498 12.7493 12.249 19.3175 11.7063 11.5638 11.5303
threshold=-7.3751142024993888 1.0000000180025095e-35 -0.82736366987228382 0.35181753337383276 0.92306080460548412 0.74455857276916515 0.24338536709547046 -2.112901926040649 0.061431413516402252 0.20158420503139499 1.5110384225845339 -0.56174489110708226 1.1145328879356386 56.500000000000007 0.68497276306152355 0.81174489855766307 1.0475469231605532 26.500000000000004 4.7460899353027353 -0.45215953886508936 0.48402996361255651 0.70691117644310009 79.500000000000014 -0.95688340067863453 0.74525859951972973 1.0000000180025095e-35 0.3209106326103211 0.06375154480338098 -10.432975292205809 6.6130802631378183 0.65491157770156871 1.3822120428085329 -2.7292475700378414 0.28076221048831945 0.81174489855766307 1.0000000180025095e-35 -5.3203489780426017 5.0040090084075937 15.865880489349367 29.433461189270023 1.48070764541626 21.670505523681644 -1.3879222869873045 0.54186439514160167 0.03746332414448262 14.950454235076906 0.080136008560657515 0.048711607232689864 2.6913084983825688 0.59400358796119701 0.26619312167167669 0.98960635066032421 0.56581452488899242 0.81174489855766307 0.52803644537925731 0.46779188513755804 12.708569049835207 17.72455978393555 1.0000000180025095e-35 1.2774876952171328 1.0076087117195132 11.87431049346924 0.95400992035865795 0.12564035505056384 0.38767185807228094 0.47627067565917974 0.94331136345863353 0.77176126837730419 0.28076221048831945 1.8824764490127566 -0.22705419361591336 -11.272041797637938 -0.18436925113201139 0.18882180750370028 0.26619312167167669 -0.079651284962892518 -2.3941780328750606 1.7612906694412234
decision_type=2 2 2 2 2 2 2 2 2 2 2 2 2 2 2 2 2 2 2 2 2 2 2 2 2 2 2 2 2 2 2 2 2 2 2 2 2 2 2 2 2 2 2 2 2 2 2 2 2 2 2 2 2 2 2 2 2 2 2 2 2 2 2 2 2 2 2 2 2 2 2 2 2 2 2 2 2 2
left_child=2 23 3 -1 5 18 9 64 -9 -7 11 13 14 27 73 17 31 -16 19 36 33 32 51 -2 26 -26 -25 28 29 30 70 63 -22 54 35 48 -3 -12 41 40 -40 43 -43 44 -6 46 59 -35 -5 50 -29 -23 -47 -46 -20 -28 -49 58 -58 60 -45 -33 -17 71 68 67 -67 -66 -8 -39 -4 -15 -73 -13 -75 -57 -41 -51
right_child=1 4 10 34 38 6 7 8 -10 -11 37 12 -14 16 15 62 -18 -19 20 -21 21 22 -24 24 25 -27 55 49 -30 -31 -32 61 -34 47 -36 -37 -38 69 39 76 -42 42 -44 45 53 52 -48 56 -50 77 -52 -53 -54 -55 -56 75 57 -59 -60 -61 -62 -63 -64 -65 65 66 -68 -69 -70 -71 -72 72 -74 74 -76 -77 -78 -79
leaf_value=-0.0072141520085686785 -0.035525758936964816 -0.002469525733910986 0.038279282526202107 -0.0020630417078110804 0.031613488858625652 0.0060870217558216177 -0.00022286478212079402 0.057501834939174032 0.017038767900429592 -0.03402947087685123 -0.0092912433682855664 -0.021281001375959716 -0.012392942972723774 0.0035898327255406278 0.013112790795336516 0.046082475360001394 -0.0086824425267648785 -0.0091649633145790034 0.017498231420668711 0.0007887306586239057 0.014689973200548276 0.032557348638394441 -0.019202311713054865 0.011631934506945392 0.017053994774817068 -0.018224497734602819 0.0030982706096209412 0.011527434034321483 -0.0026279507979855769 0.043705654020701049 -0.0039676382063068326 -0.015815230505341751 0.051696116075199708 0.012268827364938112 0.030469385283595191 -0.0019996528702946551 -0.030749791841953773 0.025942887139440932 0.045368056721669298 -0.026022175714919844 0.00068182401194416575 -0.0031925617866424092 -0.024457217683279752 -0.01642722318132888 0.0064746937689996202 -0.019874046379300559 -0.026713120450202014 0.0074199298754176147 0.026411300537728572 0.023314245890470639 -0.017989397180810215 0.0011902727384984998 0.0028475610324595543 -0.016391173716608441 -0.0078846617608055204 -0.026418116029611232 -0.029556535613770314 -0.0017008906820698503 -0.0037389754291239263 -0.014803587681336295 0.0031239125192440674 0.017596690311793482 0.018030197281862507 0.050374292804385136 -0.031474281004776568 0.032847595470562679 -0.0014638169960357827 0.0025924174599873569 0.02514200367404246 -0.0049531699627058641 0.0038460083706823443 0.0057006981307328435 0.03222645752479638 0.018890349571910044 -0.0011809496300654902 -0.0097067155022760223 0.0043486457409187551 -0.0023580292587261865
leaf_weight=110.6730289645493 71.491553626954556 66.40403170324862 48.802032785490155 43.288544449955225 55.64596750587225 51.040210016071796 53.445017568767071 54.294937109574676 99.835562715306878 59.950747972354293 576.45847125351429 51.84324667416513 545.61793952062726 70.194858372211456 222.3027645368129 68.419318422675133 61.81985099054873 165.30956773646176 151.9258367922157 248.1460574362427 63.805738212540746 47.243117215111852 84.037812484428287 50.484722657129169 107.66818406060338 74.991578629240394 49.274411339312792 55.520953306928277 226.3621392082423 53.329557945951819 108.0326409060508 40.627964116632938 54.226558661088347 85.385323883965611 159.29268889315426 124.0989188849926 111.63736358657479 45.960516389459372 50.118852218613029 38.066688571125269 42.661290748044848 309.68497893214226 189.22547548823059 110.26262603141367 288.20924309268594 57.536725923418999 95.219941273331642 89.910629641264677 173.2693668268621 48.006613174453378 211.09596068970859 79.516073200851679 659.83600897714496 62.67940504476428 56.131561009213328 286.07207029871643 126.71964773163199 194.32698849402368 73.202509438619018 286.68953664787114 314.46744213625789 50.499908341094851 102.64518444612622 39.848637778311968 51.603315001353621 68.137139501050115 51.043695164844394 52.034581644460559 160.58169465325773 52.357387047261 43.847213597968221 55.685807446017861 177.64240274205804 103.75435798056424 1205.6721961200237 149.05839850194752 59.600683996453881 107.55472132004797
leaf_count=1539 822 775 710 611 645 856 677 511 993 699 7474 771 6944 969 2875 823 840 2155 1972 2765 739 563 876 625 1218 934 592 757 2876 839 1406 545 482 895 2041 1733 1183 618 706 673 610 3951 2082 1334 2974 486 878 836 2321 585 2728 863 7231 669 749 3230 1273 1957 724 3429 3471 664 1044 482 557 731 546 503 1954 707 638 740 2430 1518 15546 1757 888 1333
internal_value=0 -0.00191429 0.00256785 0.0136369 -3.91676e-05 0.00371096 0.0115352 0.0167849 0.0327176 -0.0155965 0.00105717 0.00238515 -0.000268769 0.00708473 0.00317037 0.0119596 0.0168977 0.00349071 7.44239e-05 -0.00821242 0.00332884 0.0125793 0.000365121 -0.0133296 -0.010862 0.00222724 -0.0154053 0.00158288 0.0075708 0.0167462 0.00861463 0.0206954 0.0332515 -0.000565857 0.0183705 0.0122774 -0.0207619 -0.00644492 -0.00325714 0.00884093 0.0262198 -0.00423881 -0.0114879 -0.00231992 0.0065425 -0.00472709 -0.00973121 -0.00470242 0.0205656 -0.00512326 -0.0115813 0.0139051 0.000855347 0.0021111 0.0104003 -0.0183967 -0.00787296 -0.0115234 -0.0206066 -0.00725054 -0.00194608 0.00214873 0.0303417 0.025394 0.0108017 0.0028011 0.0181952 -0.0144676 0.0186989 0.00947218 0.0233383 0.0213303 0.0263083 -0.000426079 0.000426098 -0.020948 -0.00757875 0.00565281
internal_weight=0 5643.53 5149.83 610.623 4854.49 2234.59 701.967 590.976 154.13 110.991 4539.21 3864.44 2465.56 1398.87 1919.95 558.677 496.319 387.612 1532.62 426.187 1106.43 328.829 210.797 789.041 717.549 182.66 534.89 902.552 480.374 254.011 200.682 434.5 118.032 777.602 499.95 340.657 178.041 674.776 2619.9 190.448 92.7801 2429.46 498.91 1930.55 406.535 1524.01 806.64 569.545 216.558 422.178 266.617 126.759 717.373 350.889 208.057 484.405 484.16 394.249 199.922 711.42 424.73 91.1279 171.065 343.372 436.845 222.819 119.181 103.638 214.027 98.3179 92.6492 303.523 233.328 1361.27 1309.43 435.13 97.6674 155.561
internal_count=131146 63884 67262 8245 54706 24679 8027 6472 1504 1555 59017 50218 31676 18542 24732 6897 6670 5030 16652 4723 11929 3523 2302 9178 8356 2152 6204 11872 6469 3593 2754 5830 1221 8406 6706 4665 1958 8799 30027 2877 1316 27150 6033 21117 4288 16829 9112 5685 2932 5403 3485 1426 7717 3643 2721 5579 4790 3954 1997 8234 4805 1209 1867 4621 4968 2337 1277 1060 2631 1325 1348 4139 3170 17835 17064 4987 1561 1918
is_linear=0
shrinkage=0.0454652


Tree=5
num_leaves=79
num_cat=0
split_feature=28 27 13 27 11 2 2 6 3 3 20 20 13 7 3 3 13 10 27 11 3 13 7 13 3 17 11 13 3 7 20 9 27 27 28 2 2 11 10 13 13 13 27 20 27 3 7 11 13 13 10 10 3 3 3 13 27 9 17 3 2 27 2 2 27 6 5 3 3 7 10 17 2 17 3 6 13 5
split_gain=27.8581 43.4244 26.6682 23.2698 25.8119 42.6673 40.9978 32.3983 18.4856 18.7617 17.7285 19.3609 19.3643 21.0657 17.4572 21.925 24.3006 15.0335 21.867 16.3065 14.1854 13.6693 51.5813 29.6385 19.4272 30.262 15.442 15.0117 25.3826 21.272 39.0144 19.755 20.9596 18.2591 18.2506 29.3734 26.543 15.7843 13.815 14.4173 23.8285 13.0222 12.0369 11.9831 11.6087 11.5089 22.9445 15.7784 11.3811 11.0707 10.9201 12.5997 40.4435 14.671 14.6957 21.6246 12.4315 12.5643 11.176 10.8817 10.7506 13.024 10.6005 10.3066 10.2888 10.1804 10.0726 10.0451 19.813 17.5163 15.4194 12.9835 13.1633 9.55772 9.35093 10.9535 10.2137 14.4864
threshold=0.24825246632099154 0.45201864838600164 0.035315314307808883 -0.52803644537925709 0.070730689913034453 0.90843459963798534 1.5747911930084231 0.06142231076955796 0.8117126226425172 0.63965275883674633 2.9827516078948979 1.4781079292297366 -0.045242793858051293 -21.114469528198239 0.18882180750370028 0.28076221048831945 -0.070359688252210603 0.029353798367083076 -0.29026740789413447 0.016837920993566517 0.48402996361255651 0.076675932854414 22.750765800476078 0.061628205701708801 0.44954219460487371 53.500000000000007 0.19123493134975436 0.013009684626013042 0.67391541600227367 2.7354922294616704 3.2473767995834355 0.19421740621328357 0.18436925113201144 0.65106672048568737 0.96863394975662243 1.0533202290534975 0.8289116919040681 0.066031940281391158 0.080466102808713927 -0.026840006001293656 -0.055323308333754533 0.024172252044081691 0.65106672048568737 -0.25204618275165552 0.99845358729362499 0.44211544096469885 1.5049352645874026 0.082836501300334944 0.020842451602220539 0.0045849524904042491 0.27370543777942663 0.037559553980827338 0.46963496506214147 0.54186439514160167 0.63329440355300914 0.018764099106192592 0.88186877965927135 0.18599072843790057 10.500000000000002 0.42014862596988684 0.50323286652565014 -0.05451125651597976 1.7783416509628298 0.68764117360115062 0.91959547996521007 -5.9206197261810294 1.0289532542228701 0.60280779004096996 0.54655137658119213 10.779496192932131 0.054596873000264175 8.5000000000000018 0.60739901661872875 45.500000000000007 0.44682799279689794 -10.971560955047606 -0.010633977595716713 1.8109737634658816
decision_type=2 2 2 2 2 2 2 2 2 2 2 2 2 2 2 2 2 2 2 2 2 2 2 2 2 2 2 2 2 2 2 2 2 2 2 2 2 2 2 2 2 2 2 2 2 2 2 2 2 2 2 2 2 2 2 2 2 2 2 2 2 2 2 2 2 2 2 2 2 2 2 2 2 2 2 2 2 2
left_child=1 17 14 4 6 -6 7 8 9 -2 11 12 13 -7 -3 -16 -17 18 63 65 -4 23 -23 27 25 -25 -24 29 31 30 34 48 -33 -31 38 36 60 -34 39 40 73 -30 -39 -8 50 47 -47 -20 -29 74 51 52 -18 -53 58 56 -56 -58 -55 -41 -36 -62 -12 -1 -54 -19 -37 68 69 71 -71 -21 -73 -5 -40 -76 77 -77
right_child=3 2 20 21 5 10 43 -9 -10 -11 62 -13 -14 -15 15 16 44 19 45 67 -22 22 26 24 -26 -27 -28 28 41 33 -32 32 37 -35 35 66 -38 42 49 59 -42 -43 -44 -45 -46 46 -48 -49 -50 -51 -52 53 64 54 55 -57 57 -59 -60 -61 61 -63 -64 -65 -66 -67 -68 -69 -70 70 -72 72 -74 -75 75 76 -78 -79
leaf_value=-0.017993131457351562 -0.0050043171631959467 -0.021166223664415427 -0.00099320671306646758 -0.026817660972341704 0.054232542132532147 -0.00054953922159069169 0.031629409069900416 -0.019899199091161199 -0.010904251294397463 0.025444955566826136 -0.017175961930968417 0.038353766777098244 -0.0028134252033818067 0.036369826082034706 0.022584564864043342 -0.017975958721874182 -0.0034289534634713748 0 -0.0118999103567205 0.012163522505184656 -0.016223202249862165 -0.028243729801908531 0.024422082744775215 0.008811450942178594 -0.0032214287778268018 0.051594497404099687 -0.0086388306849232849 -0.022645555273743279 -0.036680891757772401 0.0050924300656004784 -0.023962060725010833 -0.010088945954272892 0.026073223189764846 0.033779234310432178 -0.0054796859710651352 0.0017273196891828186 0.040333624353340695 0.017866950945519027 -0.0047336939806507253 -0.0013355487992535806 0.013008329109615325 -0.0097221602305128767 -0.010289331268394675 0.0053563720151230286 0.020124409726036879 0.0023964664985192618 0.045747714570608514 0.018487777011580435 -0.0034286868505384745 0.024582763034403307 0.026295223417545595 0.0068828269280709359 0.04191016061185112 0.0015749794931081617 0.015747542956145163 -0.022857903490322396 -0.02074786507025661 0.010999547418644399 -0.020108485934660018 -0.022777737840232543 -0.0006387066340538248 0.025428616019158062 0.0071512736215606351 -0.0010503337659366104 0.0120372441651353 -0.017191825355894464 -0.024361040574699951 -0.0025194419451732689 -0.019155143413218802 0.0043214534545049383 -0.017583519823347334 0.010964309476592722 -0.0072194385396999964 0 -0.010809699361685321 0.025384036930433212 -0.0026208601948584966 -0.0036012549028243759
leaf_weight=90.970685727894306 62.500058490782976 44.344326527789235 493.8980778362602 56.992332315072417 50.222103653475642 47.649405395612121 92.582154914736748 181.40933870710433 92.156210504472256 104.09830262884498 53.806549033150077 67.58572756499052 112.5983924921602 78.732831131666899 154.07658507861197 87.319133676588535 142.23859105817974 84.959462342783809 67.145356887951493 129.83532258309424 169.92670614272356 135.36551205255091 74.348095187917352 90.47618873976171 59.233699560165405 56.929418496787548 41.104753816500306 76.183230146765709 59.632195204496384 125.59606442786753 116.25832399539649 93.214002640917897 120.43685756996274 74.921775091439486 62.759144235402346 77.933453323319554 80.560957700014114 53.143997402861714 211.42393150739372 86.144806578755379 146.32347414828837 116.97468554787338 64.123051470145583 68.258359350264072 110.95973063260317 56.398456357419491 46.505080470815301 64.917847944423556 369.14368933811784 48.024294055998325 44.326705705374479 558.51384750939906 75.733044529333711 67.591830270364881 161.20663521066308 52.147484805434942 46.515233187004924 46.935364410281181 140.350157847628 129.19204656407237 57.510569179430604 101.15255907550454 96.781479969620705 376.0050514023751 48.039773236960173 386.42838319577277 42.82952974550426 1655.4872052874416 258.98092932999134 79.433114025741816 293.55695858411491 96.442226512357593 422.74530201591551 45.326317491009831 48.441436240449548 125.70210707560182 65.782458316534758 44.035564389079809
leaf_count=1088 674 636 6189 748 530 595 1209 2175 1229 1211 506 641 1236 913 2026 968 1770 1121 821 1426 1699 1767 1033 747 617 646 587 888 721 1560 1398 974 1366 921 822 1018 927 533 2708 1237 1757 1513 645 961 1346 658 520 777 4021 551 532 6955 893 670 1911 488 545 573 1818 1774 813 1342 1330 4680 555 4800 491 20386 2835 967 3348 1055 5659 679 612 1660 794 526
internal_value=0 -0.00210568 0.00267749 0.00261223 0.00827022 0.0157909 0.00177681 -0.00533463 0.00484139 0.0138896 0.011019 0.0172394 0.0105231 0.022495 0.00558751 0.00634705 0.00468064 -0.00496195 0.00103262 -0.00621075 -0.00504022 0.000602374 -0.00946826 0.00150029 0.0179251 0.0266024 0.0123503 0.000199905 -0.00435994 0.0027193 0.00086085 -0.000718222 0.00757294 0.0165099 0.00297527 0.0108579 0.0184133 0.0147541 -0.000314927 -0.00609349 0.00120335 -0.0197184 0.0022407 0.0211842 0.00608228 0.0122827 0.0234428 0.0027859 -0.00700068 0.00453853 0.00486507 0.00404166 0.0128506 0.00177261 -0.00368863 0.00250941 0.00817142 -0.00450981 -0.0129356 -0.0146067 0.00963543 0.0159014 -0.00144977 -0.00458191 0.0314522 -0.0140886 -0.00762878 -0.00491173 -0.00794759 -0.00499507 -0.0127929 -0.000387003 -0.00368925 -0.0150715 0.00231254 0.00772089 0.0118551 0.0176758
internal_weight=0 6553.93 2444.12 4265.6 1108.38 507.376 601.004 440.164 258.755 166.598 457.154 306.566 238.981 126.382 1780.3 1735.95 1581.88 4109.81 701.942 3407.87 663.825 3157.22 250.818 2906.4 206.639 147.406 115.453 2699.76 952.852 1746.91 1546.39 776.245 330.918 200.518 1430.13 422.746 301.983 237.704 1007.39 463.979 248.642 176.607 117.267 160.841 1494.56 234.967 102.904 132.063 445.327 543.41 1383.6 1339.27 266.011 1073.26 514.747 306.805 254.657 93.4506 207.942 215.337 221.422 158.663 150.588 466.976 123.773 471.388 120.763 2936.48 1280.99 1022.01 372.99 649.023 519.188 102.319 495.385 283.962 235.52 169.738
internal_count=131321 79715 29574 51606 13210 5751 7459 5289 3114 1885 5221 3385 2744 1508 21686 21050 19024 50141 8544 41597 7888 38396 3387 35009 2010 1393 1620 32999 10661 22338 19857 8427 3518 2481 18459 5413 3904 2544 13046 6195 3184 2234 1178 2170 18056 2776 1178 1598 4909 6851 16710 16178 3218 12960 6005 3517 3029 1118 2488 3011 2977 2155 1836 5768 1448 5921 1509 35676 15290 12455 4315 8140 6714 1427 6300 3592 2980 2186
is_linear=0
shrinkage=0.0454652


Tree=6
num_leaves=79
num_cat=0
split_feature=29 21 1 16 3 29 3 18 3 13 13 13 30 13 3 30 18 11 17 13 13 30 3 21 29 3 3 17 4 18 17 3 1 11 3 21 13 1 13 21 3 6 3 3 11 8 6 16 3 3 6 6 21 3 11 3 21 8 3 18 16 11 13 13 18 3 11 13 18 17 29 3 3 13 16 18 18 29
split_gain=55.8025 28.5441 20.9913 18.6201 21.3906 22.3915 39.8929 21.0713 23.0447 30.5763 19.5253 17.3935 25.3683 19.6878 19.1673 23.7378 22.3781 19.3064 19.3385 16.6545 28.1577 37.156 28.6151 33.023 34.8251 23.7555 17.7737 16.9641 16.831 16.2063 16.1657 15.1112 17.4988 14.8425 23.756 19.9244 19.5828 14.0941 13.9242 13.6469 13.3476 13.2354 13.1835 12.3177 11.2701 11.0849 10.495 12.1885 10.4216 10.2809 12.9843 10.1153 9.85571 9.84853 9.84133 9.77788 11.9289 9.53146 9.33156 9.244 10.3346 9.13373 17.304 10.4059 11.3104 19.1596 8.25031 8.24866 8.12162 8.11089 13.5505 15.0138 13.8112 11.5791 11.9768 11.7044 11.2047 11.0692
threshold=-0.60785761475563038 0.74605756998062145 0.74688404798507702 0.80473539233207714 0.28076221048831945 1.0000000180025095e-35 0.25402151048183447 50.500000000000007 0.77305456995964061 0.049402123317122466 0.047993542626500137 -0.08784794062376021 -0.56174489110708226 -0.027440039440989491 0.35726134479045873 -0.56174489110708226 13.500000000000002 0.066031940281391158 53.500000000000007 0.018330620601773265 0.059745518490672118 1.0000000180025095e-35 0.59103140234947216 10.009866714477541 0.6078576147556306 0.85745802521705639 0.67132908105850231 13.500000000000002 1.6018311977386477 6.5000000000000009 52.500000000000007 0.92742246389389049 0.55644655227661144 0.090342517942190184 0.49373017251491552 5.6423387527465829 0.031965522095561034 0.7427160143852235 0.042826801538467414 4.5077824592590341 0.29636561870574957 9.2217264175415057 0.83989912271499645 0.37149412930011755 0.14464402198791507 -0.71139138936996449 4.4189827442169198 0.15224505960941317 0.60534515976905834 0.64541187882423412 4.8822999000549325 -0.23042571544647214 4.2739868164062509 0.47804185748100286 0.14638739824295047 0.40255229175090795 13.056107997894289 0.52713695168495189 0.96866530179977428 90.500000000000014 0.9027354121208192 0.087532848119735732 0.050038304179906852 0.01789785455912352 68.500000000000014 0.50584694743156444 0.074388764798641219 -0.01756380312144756 83.500000000000014 71.500000000000014 1.0000000180025095e-35 0.37149412930011755 0.41236057877540594 -0.00717675732448697 0.35760974884033209 34.500000000000007 56.500000000000007 0.6078576147556306
decision_type=2 2 2 2 2 2 2 2 2 2 2 2 2 2 2 2 2 2 2 2 2 2 2 2 2 2 2 2 2 2 2 2 2 2 2 2 2 2 2 2 2 2 2 2 2 2 2 2 2 2 2 2 2 2 2 2 2 2 2 2 2 2 2 2 2 2 2 2 2 2 2 2 2 2 2 2 2 2
left_child=52 2 11 4 5 6 -3 8 9 45 -7 12 -2 14 15 40 -16 -17 -19 25 21 26 23 24 43 49 33 38 -24 66 54 37 -33 34 35 -21 -36 61 41 -39 -13 -23 -28 -22 -25 -5 47 -18 53 50 -9 -32 -1 -47 -11 56 -46 -27 -4 60 -35 62 63 68 65 -65 -6 -60 -31 70 71 -15 -72 77 -75 -76 -77 -71
right_child=1 3 58 7 29 10 -8 19 -10 30 -12 13 -14 69 16 17 46 18 -20 20 22 27 28 44 -26 57 42 -29 -30 31 51 32 -34 59 36 -37 -38 39 -40 -41 -42 -43 -44 -45 55 48 -48 -49 -50 -51 -52 -53 -54 -55 -56 -57 -58 -59 67 -61 -62 -63 -64 64 -66 -67 -68 -69 -70 73 72 -73 -74 74 75 76 -78 -79
leaf_value=-0.036508597812389972 0.014124064627974633 -0.025306647795363329 0.0010922944476636476 0.039598738650657404 0.018958855204361677 0.036536416207420756 0.027872147499030445 0.020592230404050914 -0.011034595685053697 -0.00143629816326644 0 0.029499630786302827 -0.024375388143326803 -0.033054495332634139 -0.0037249775799757206 -0.031942929504185938 0.0078106601043930095 -0.013785292071285966 0.020546613760511232 0.016282583822404655 -0.010168708633411214 -0.01234168815409409 0.027255658911500374 -0.024497170476797631 0.032642599468631087 -0.019165543301719993 -0.021168487104587855 -0.028580588643056425 -0.0028255994370043548 -0.011969927379195278 0.028504259395137451 0.030974559205445253 -0.001728039936799871 -0.013013362855067847 0.0040162787480544897 -0.017219972472535375 0.041861707997820893 -0.0071205796122222375 -0.021148174766897006 0.0035650809361592907 0 0.017732757085670313 0.0029140088844489273 0.016020611490070221 -0.027027120895150927 0.011302900424984674 0.00073779011433505954 0.026470090669884653 0 0.024155624593260289 -0.0061412206644947823 -0.00065794054989924623 -0.0078458654728635648 0.034293914647646057 -0.028357292227502641 0.0043646473075575993 0.0030357002013489099 0.0045800069146334508 0.0052338392476443951 -0.017728133470716993 0.010722299668181995 -0.022942447094473108 0.012416246951463577 -0.024128331766893774 -0.026657000563245468 0.006294967542704334 -0.0040963772636473097 -0.012455130501786559 9.1618498948856097e-05 0.023125836484763254 0.019938806808529819 -0.0031725708634538631 -0.00072885254059898647 -0.0099907146778271134 -0.0025254679405322701 0.03448157598624628 0.0033562145356239807 0.00099284276089733783
leaf_weight=94.944447033107281 53.912737863138318 74.488464066758752 2659.009355681017 57.316274464130402 75.978833708912134 70.674909215420485 41.909436469897628 62.638501446694136 102.50060960277915 84.17994954995811 48.925237495452166 73.113252291455865 84.232192683964968 41.298105398193002 88.888283831998706 46.219987623393536 105.31553748250008 73.313348460942507 56.015262555330992 62.733948346227407 115.72666778787971 60.3207789324224 132.65596735849977 95.217995015904307 88.815814420580864 72.890280080959201 127.98157269693911 191.52810710668564 48.591062957420945 270.26488645002246 42.256583958864212 39.925917251035571 134.59037107415497 57.539782874286175 55.585687298327684 76.556672178208828 63.477489877492189 968.32711273804307 102.57915854454041 321.59531356208026 54.210146324709058 52.401400472968817 66.473447758704424 49.159439226612449 61.785312760621309 106.14043699018657 56.063061997294426 367.19327740371227 60.673243010416627 125.04290553554893 78.784790839999914 45.323380623012781 43.082717621698976 74.629838336259127 41.901614580303431 101.42682685144246 40.75428088568151 56.777436470612884 67.446838343515992 74.447001896798611 92.986424231901765 134.99658883549273 61.584793176501989 79.691923808306456 159.84536001645029 80.963992850854993 46.547265434637666 198.33302745595574 185.3874640148133 131.07913880236447 87.658723335713148 174.59923037141562 230.1880545951426 115.30581208691001 100.28806421160698 45.875465370714664 55.256441658362746 79.231318717822433
leaf_count=1185 711 1028 33305 571 958 980 535 633 1300 1017 759 1035 1201 572 1174 517 1464 860 728 617 1329 619 1653 1089 835 899 1433 2165 619 3333 609 520 1777 563 511 758 624 11200 1064 4039 799 580 958 446 726 1083 663 4125 616 1411 856 545 554 665 616 967 612 734 826 647 838 1684 799 868 1894 870 469 2695 2295 1889 1150 2206 3266 1663 1244 516 693 1056
internal_value=0 0.000289779 0.00277604 -0.00193123 -0.00456224 0.00835091 -0.00545874 0.000653685 0.00808191 0.0120573 0.0219216 0.00621798 -0.00903341 0.00732244 0.0121925 0.00258377 0.0167793 -0.00801073 0.000892856 -0.00139773 -0.00325757 -0.00791389 0.00356134 -0.00152885 0.0103466 0.00696547 -0.00128844 -0.0187107 0.0190434 -0.00578324 -0.000878025 -0.00661031 0.00601792 0.00331124 0.0107304 -0.00175679 0.0253087 -0.00761493 -0.00933955 -0.00441596 0.0173572 0.00135269 -0.0127997 -0.00187333 -0.0117635 0.0213563 0.0203212 0.0225161 0.0162402 0.0147264 0.00560989 0.0135237 -0.028388 0.0216066 -0.0113671 -0.00522028 -0.0149627 -0.00858109 0.000260211 -0.00503517 0.00122955 -0.0117709 -0.00981008 -0.0116919 -0.0180412 -0.00872424 0.0099654 -0.00777417 -0.00699924 0.00302078 -0.000850232 -0.00961801 0.00500023 0.00700929 0.00129894 0.00806937 0.0187295 0.0151929
internal_weight=0 10669.5 5044.05 5625.5 2795.7 235.998 116.398 2829.8 614.922 512.421 119.6 2119.26 138.145 1981.11 920.332 302.872 617.46 175.549 129.329 2214.88 1818.74 1084.61 734.133 552.886 253.702 396.134 677.782 406.829 181.247 2559.7 213.662 2437.17 174.516 483.327 258.354 139.291 119.063 2262.66 215.301 1289.92 127.323 112.722 194.455 164.886 299.184 298.76 528.572 472.509 241.444 266.466 141.423 87.58 138.027 180.77 126.082 203.966 102.54 129.668 2924.79 224.973 150.526 972.735 837.738 776.154 320.501 160.656 122.526 265.78 455.652 1060.78 533.744 215.897 317.847 527.036 316.726 201.42 101.132 210.31
internal_count=131313 129574 64358 65216 34008 3302 1563 31208 7022 5722 1739 27532 1912 25620 11365 3939 7426 2105 1588 24186 19653 11377 8276 6004 2610 4533 6949 4428 2272 30706 2787 29279 2297 4558 2510 1375 1135 26982 2263 15239 1834 1199 2391 1775 3394 2935 6252 5589 2364 2900 1489 1154 1739 1748 1633 2305 1338 1633 36826 2048 1401 11743 10059 9260 3632 1738 1427 3521 5628 14255 7194 2778 4416 7061 4116 2453 1209 2945
is_linear=0
shrinkage=0.0454652


Tree=7
num_leaves=79
num_cat=0
split_feature=12 14 13 0 14 22 33 16 30 13 12 30 30 14 16 13 13 18 5 22 18 3 12 6 0 13 18 13 3 16 0 18 8 13 14 3 13 14 5 13 3 32 33 3 6 30 12 5 13 30 33 6 22 6 14 3 0 3 3 17 16 3 3 3 3 13 3 3 3 3 30 17 12 5 13 13 16 12
split_gain=19.394 36.5362 36.911 39.3614 27.715 34.8999 22.3662 20.7884 21.0972 31.858 30.3663 26.335 17.932 20.0276 15.5848 17.7735 21.5689 15.4601 15.232 14.7514 14.5154 14.4623 21.8472 17.3519 14.462 16.1747 14.3717 13.6969 18.227 17.3949 17.3697 13.072 12.6669 12.6161 18.1378 23.3138 17.1675 20.2624 18.6844 19.4254 18.2749 16.3232 12.9551 12.333 25.1999 22.9336 18.7335 12.1329 13.0759 14.6819 24.8047 12.6667 12.1117 12.1116 11.5052 13.9423 11.311 11.2292 14.5001 10.7651 10.7056 10.6593 10.3912 10.024 19.9239 12.5819 9.55764 9.50576 9.429 21.6556 10.2304 9.33895 9.76067 9.30511 9.24006 17.8672 15.9073 13.2332
threshold=0.0568724311888218 -2.5621856451034541 0.08249677345156671 0.9969659447669984 -7.835573434829711 -0.47879399359226221 0.94700106978416454 0.17040079087018969 1.0000000180025095e-35 -0.056723361834883683 -0.0096481312066316587 0.81174489855766307 -0.56174489110708226 -2.9465395212173457 0.22034915536642077 -0.027440039440989491 -0.040942182764410966 67.500000000000014 1.7690058946609499 -1.1721122860908506 26.500000000000004 0.48097443580627447 0.07573645189404489 9.2217264175415057 1.5110384225845339 0.031965522095561034 56.500000000000007 0.061628205701708801 0.8227667808532716 0.64733681082725536 1.0311161875724795 90.500000000000014 -0.27764053642749781 0.064015626907348647 -2.8406348228454585 0.58764004707336437 0.045298997312784202 -4.4609088897705069 5.1263904571533212 0.00041634519584476953 0.70945724844932567 1.0000000180025095e-35 0.9590476155281068 0.63041895627975475 -7.5167472362518302 0.81174489855766307 -0.11747149750590323 0.64532017707824718 -0.072273090481758104 -0.56174489110708226 0.9590476155281068 1.9205215573310854 -0.71448880434036244 -2.9264345169067378 -6.0633094310760489 0.90560880303382885 0.90621000528335582 0.21138545870780948 0.18882180750370028 25.500000000000004 0.56280976533889782 0.58764004707336437 0.83989912271499645 0.7345263957977296 0.47804185748100286 0.024724948219954971 0.35459616780281072 0.23166470229625705 0.26619312167167669 0.33456848561763769 -0.56174489110708226 2.5000000000000004 -0.062255958095192902 -2.6810355186462398 -0.091416280716657625 -0.060972701758146279 0.084069199860095992 -0.052204309031367295
decision_type=2 2 2 2 2 2 10 2 2 2 2 2 2 2 2 2 2 2 2 2 2 2 2 2 2 2 2 2 2 2 2 2 2 2 2 2 2 2 2 2 2 2 10 2 2 2 2 2 2 2 10 2 2 2 2 2 2 2 2 2 2 2 2 2 2 2 2 2 2 2 2 2 2 2 2 2 2 2
left_child=1 4 3 6 5 7 18 74 14 -10 11 61 13 26 53 16 17 -16 -3 -6 -17 -15 -23 -24 43 -26 -2 28 29 -28 -31 63 -8 36 -35 -36 38 -38 40 42 56 -39 -40 44 -7 73 -47 60 -49 50 -50 -51 -13 -9 -42 -56 59 58 -21 -14 68 -11 -41 64 -5 -66 -12 -59 70 -70 -46 -69 -73 -45 -1 76 -76 -77
right_child=12 2 -4 31 19 24 32 8 9 10 66 52 33 21 15 20 -18 -19 -20 57 -22 22 23 -25 25 -27 27 -29 -30 30 -32 -33 -34 34 35 -37 37 41 39 62 54 -43 -44 45 47 46 -48 48 49 51 -52 -53 -54 -55 55 -57 -58 67 -60 -61 -62 -63 -64 -65 65 -67 -68 71 69 -71 -72 72 -74 -75 75 77 -78 -79
leaf_value=-0.014887781706834741 -0.013360048309644216 -0.017695497022693962 -0.022946583702533298 -0.0066370227156015401 -0.019751042562430588 -0.017514740178942091 0.040367195721934895 0.014373122097459839 0.031740328308215708 0.01045627914376648 -0.026047396951058135 0.031980283765246413 -0.0043926479243095312 -0.021497807778182856 -0.0029407367153723089 0.026130331364458786 0.046446293421889079 0.030166566567820262 0.014799039599853512 -0.0017183363627428789 0.0043269497104605325 0.017999960848610799 -0.022742898196248043 -6.196280219895112e-05 -0.0099871616217884658 0.014090702070806082 0.012098280876496944 0.024464281425226692 0.023805861336632355 -0.021338144000327013 0.0079321713101921567 -0.019662260526158121 0.019829615838843656 -0.01286252768874196 -0.00079658493539460674 0.035791599754807203 0.0042773639451433362 -0.038762620585814173 0.0024647190661740174 0.016200540383193046 -0.0026732533572137451 -0.010627501103480087 -0.028589673006929703 0.005269685055272184 0.029029224617243759 0.040630199351002996 0.0082747654827728147 -0.011699478309814403 0.00036342575146246475 0.0093245016352213848 0.036225526841392033 -0.011708510187518286 0.006030029412823313 -0.019145968040481333 -0.035127316353781884 -0.007125689478432326 -0.014232996996443439 -0.021383135406548053 0.03191261535489838 0.017066662823215169 -0.01623319999378578 -0.014426730240155566 -0.0019579467922188859 -0.010189511915239778 0.005345936307343039 0.036296576297445267 -0.0048324594979834677 -0.012864457145587645 -0.018123786084021029 0.0010982850348911974 0.00043051670952778492 -0.016866984301323478 -0.0017447204409361283 -0.0059343924377893891 -0.0045425755076121243 0.0030626715699430952 0.031068337562681021 -0.020172026178896445
leaf_weight=79.434507582336664 58.720279928296804 43.092866437509656 62.274087870493531 87.408199463039637 110.31152563169599 178.29960978031158 96.142299808561802 42.74412077665329 72.241019817069173 51.546692237257957 75.4887740239501 92.423063557595015 143.06911559216678 93.055699015036225 49.145517889410257 97.668120896443725 92.691395338624716 57.993023036047816 75.422664484009147 61.793800754472613 190.44668383896351 85.398370172828436 99.129884757101536 228.4626871868968 511.39333772659302 59.770113779231906 132.04609710909426 98.6901123393327 81.684686338528991 100.57119445130229 64.001170180737972 54.187541086226702 281.2920573502779 92.960236817598343 95.617385569959879 51.198780976235867 52.259183721616864 102.82787520438433 46.509113801643252 152.58805298618972 63.64584543555975 87.68196421675384 54.6805330067873 421.74632994458079 38.133969841524959 56.182547617703676 117.17971843853593 66.329454954713583 77.419083889573812 173.49419792927802 84.930423684418201 83.663247399032116 72.936524523422122 38.051986485719681 120.11931680887938 62.654582623392344 132.23085569776595 57.418868681415915 38.827589621767402 66.81755686737597 101.41283855214715 89.965599024668336 102.68160509318113 69.30521110445261 60.620031768456101 55.807709893211722 119.63499273173511 187.0191269479692 146.9967000707984 591.34129317477345 76.398408031091094 88.729226922616363 2365.866589423269 233.05737810023129 37.446031695231795 131.17853755131364 62.440429583191872 75.008853673934937
leaf_count=1042 723 898 886 861 1323 2428 640 590 825 706 814 1169 1652 995 645 1272 1016 727 1512 979 2723 821 973 2633 6724 648 1779 1154 1064 1068 668 491 1845 1317 867 656 700 1157 1036 1687 802 856 401 5437 551 531 1360 858 1649 2171 658 1091 875 543 1417 692 1472 691 590 848 1429 1103 1364 839 587 514 1546 2386 1944 7681 1118 1113 27090 3026 573 1917 831 1065
internal_value=0 0.000837933 0.00954784 0.0121659 -0.000194642 0.00201557 0.0201894 0.00760604 0.0106812 0.00437078 0.000111275 0.00908307 -0.00374475 0.000748395 0.0168909 0.0199362 0.0304591 0.0149911 0.00239003 -0.00366237 0.012147 -0.00566171 -0.00180092 -0.0072679 -0.000806314 -0.00730053 0.00689091 0.00957758 0.00534656 0 -0.00974946 0 0.0255652 -0.00705052 0.00226961 0.012263 -0.00897425 -0.0197626 -0.00607819 0.00201077 -0.0110398 -0.0265591 -0.0143112 0.00069952 -0.00158677 0.00521191 0.0197293 0.000395444 0.00624361 0.00928128 0.0198459 0.00221884 0.0212434 -0.00100014 -0.0204274 -0.0261551 -0.00397602 -0.00298319 0.011532 0.00240638 -0.00254495 -0.00498884 0.00879246 0.00402553 0.00919856 0.0213139 -0.0136507 -0.00355898 -0.000790759 -0.00274163 0.0110356 -0.00312069 -0.00233832 0.00119583 -0.00140264 0.00208984 0.0175952 -0.00538558
internal_weight=0 8341.75 885.553 823.279 7456.2 4546.23 495.95 1528.49 1142.98 574.237 501.996 306.872 2469.3 1041.76 568.741 487.945 199.83 107.139 118.516 2909.97 288.115 506.047 412.991 327.593 3017.75 571.163 535.714 476.993 378.303 296.618 164.572 327.329 377.434 1427.54 239.776 146.816 1187.77 242.769 944.997 356.459 588.537 190.51 101.19 2446.59 1618.42 828.166 173.362 1440.12 485.836 419.507 162.35 257.157 165.36 80.7961 246.42 182.774 342.118 2799.66 100.621 209.887 954.283 141.512 255.27 273.141 203.836 116.428 195.124 2699.03 852.87 738.338 114.532 2641.61 2454.6 654.804 385.508 306.074 99.8865 206.187
internal_count=131333 102531 9073 8187 93458 59286 4895 19982 14554 7038 6213 3853 28802 11878 7516 6383 2388 1372 2410 34172 3995 5422 4427 3606 39304 7372 6456 5733 4579 3515 1736 3292 2485 16924 2840 1523 14084 2713 11371 4488 6883 2013 1437 31932 21578 10354 1891 19150 6427 5569 2307 3262 2044 1133 2911 2109 3972 32849 1569 2500 12723 1809 3051 2801 1962 1101 2360 31280 11294 9625 1669 30589 28203 8463 5428 4386 1404 2982
is_linear=0
shrinkage=0.0454652


Tree=8
num_leaves=79
num_cat=0
split_feature=23 12 2 33 16 12 23 32 12 11 16 33 2 12 2 12 11 5 17 18 2 17 12 11 11 23 5 2 16 16 18 16 4 18 16 33 16 16 16 12 11 5 33 23 18 12 23 17 2 33 16 2 18 12 17 33 8 17 23 17 23 23 23 2 2 17 2 11 18 8 17 4 2 2 11 2 33 18
split_gain=26.5012 21.4893 25.475 27.6245 19.6261 17.6305 16.4477 14.0212 36.8103 21.1496 17.9013 40.5334 21.7799 20.3089 17.4068 20.4737 17.1373 18.0572 27.7595 18.6828 16.6801 22.1754 17.63 15.7471 15.648 14.4013 13.3652 13.3416 12.8883 17.6051 12.7878 12.4862 13.7068 11.7433 15.0194 11.3733 11.3475 15.719 11.3807 14.8053 11.3064 11.0486 11.0061 10.7367 10.4055 10.3194 19.9982 10.2229 10.4697 12.3009 10.1051 9.91412 10.4844 15.801 10.3647 9.70644 12.78 12.5699 9.60505 13.4723 9.41929 10.7559 9.30032 9.15405 9.00459 14.5567 12.3395 8.64145 15.6457 8.41777 8.09614 7.94534 7.88167 8.20463 8.15142 13.4093 7.75733 7.62514
threshold=0.97409236431121837 0.063604772090911879 1.6456936001777651 3.3999999761581425 0.92052108049392711 -0.12541589885950086 0.81170502305030834 1.0000000180025095e-35 -0.01827856712043285 0.094107519835233702 0.79765295982360851 1.6250000000000002 0.96403685212135326 -0.043046150356531136 1.6916526556015017 0.033648822456598289 0.029578787274658683 0.95229431986808788 84.500000000000014 61.500000000000007 0.67764386534690868 51.500000000000007 -0.013729492202401159 0.029578787274658683 0.067778985947370543 0.46065978705883032 2.5293468236923222 0.40525986254215246 0.60374996066093456 0.33104245364665991 76.500000000000014 0.78380969166755687 -0.068394184112548814 85.500000000000014 0.63554936647415172 1.0013927817344668 0.36166198551654821 0.24043432623147967 0.77347391843795787 -0.0048982687294483176 0.048711607232689864 0.11370845511555673 0.99611112475395214 0.86128294467926036 26.500000000000004 -0.025149667635560032 0.58631458878517162 87.500000000000014 0.76178821921348583 0.94700106978416454 0.54618832468986522 0.40525986254215246 46.500000000000007 0.024276286363601688 73.500000000000014 0.9590476155281068 -0.94349563121795643 40.500000000000007 0.51097312569618236 10.500000000000002 0.55129832029342662 0.76065146923065197 0.74833050370216381 0.64015457034111034 1.2014517188072207 78.500000000000014 1.0410923361778261 0.16690959781408313 30.500000000000004 -0.46475243568420405 26.500000000000004 -0.314536303281784 4.1647260189056405 5.3674981594085702 0.14145004004240039 0.92306080460548412 1.0880999565124514 92.500000000000014
decision_type=2 2 2 8 2 2 2 2 2 2 2 8 2 2 2 2 2 2 2 2 2 2 2 2 2 2 2 2 2 2 2 2 2 2 2 8 2 2 2 2 2 2 10 2 2 2 2 2 2 10 2 2 2 2 2 10 2 2 2 2 2 2 2 2 2 2 2 2 2 2 2 2 2 2 2 2 8 2
left_child=1 4 33 26 5 44 58 9 43 10 12 70 13 62 15 30 28 18 25 40 21 31 -23 -17 -10 -18 -4 -27 29 42 45 32 -11 -3 -35 -21 37 67 -38 -40 -19 -36 -15 64 -1 46 -14 72 -49 -50 -37 -31 54 -54 -53 -29 -57 -58 -6 -60 -20 -62 -7 -13 66 -66 -9 68 -22 -5 -12 -30 74 -74 77 -76 -43 -2
right_child=47 2 3 69 6 7 -8 8 24 20 11 63 14 16 -16 23 17 19 60 35 36 22 -24 -25 -26 27 -28 55 71 51 -32 -33 -34 34 41 50 38 -39 39 -41 -42 76 -44 -45 -46 -47 -48 48 49 -51 -52 52 53 -55 -56 56 57 -59 59 -61 61 -63 -64 -65 65 -67 -68 -69 -70 -71 -72 -73 73 -75 75 -77 -78 -79
leaf_value=0.026159971166643193 -0.00078105762934442958 -0.0026989187656430574 0.027090575495139969 0 0.0037455055436044458 -0.002397538087958037 0 0.011340562480269299 -0.019382790352651523 -0.012884479274512318 0.013886119891928539 -0.019495898213369028 0.03472266406825604 0.00065489803201930854 -0.006985941091683448 0.014143475358651144 -0.020742039318012859 0.015571589931671515 0.030112897802293315 0.030100014938528326 -0.014238208431605791 -0.00011923599826451224 0.029157585586884128 -0.015267178060301827 0.00097962795542581491 0.017487456657010198 0.0053738638743826275 0.0051402202712616477 0 0.027287183462756489 -0.0029575273384157734 -0.019659213727109579 0.020955355056838376 0.0036860061518920722 0 -0.0028416310487364865 -0.026560798302023007 0.017947889681578982 0.014826185842082926 -0.01483862485767014 -0.0056585110538636026 -0.02761023066919964 -0.022384368090309963 -0.0066160357605016332 0.0034623703228880108 0.034166926452518953 0.0093904664381796489 0.0067230851918378921 -0.001477680462360453 -0.016860414778993405 0.027608796231013595 0.0033905552027205044 0.020521113890160245 -0.0031356744293998284 -0.023018648565855809 0.0049306917479697591 0 -0.022898993896838006 0.039367058342590744 0.0093108415412976632 -0.0027393863488160389 0.023845838814062884 -0.02368366865031437 0.0062947278798951923 0.035802871168967305 0.0058771240705553281 -0.017311520904936473 -0.023629918313458981 0.010974288429803291 -0.020793601767560826 0.032437007449359234 -0.014677880183512465 0.020924761110340837 -0.0032385872363317712 0.012726719725779755 -0.013041164322801797 -0.0065352377191297073 -0.0079478283428368688
leaf_weight=95.87273564375937 2804.0726273786277 317.03722738847136 95.879326120018959 83.80012970790267 52.86366718262434 90.987464955076575 109.82115588709712 87.853427348658442 277.79206713661551 42.850643781945109 112.95479710400105 62.861097006127238 84.983086036518216 79.806455744430423 102.15376791916788 62.422022944316268 76.090549979358912 82.669043781235814 69.27978771366179 140.29165829718113 105.34106303006411 70.237534599378705 92.143678050488234 81.370416695252061 101.17917337268591 72.712510339915752 166.2491635158658 187.01622685790062 109.8043203689158 40.870282610878348 54.425090275704861 77.834221946075559 46.851011645048857 67.893155237659812 54.01472637988627 57.174171710386872 103.31822016462684 60.667459741234779 42.698298122733831 123.57147818244994 121.42431257478893 191.10381080210209 79.116284117102623 94.581789065152407 83.718599418178201 84.40937551856041 288.55845085717738 72.770470621064305 181.508933942765 292.14727342128754 30.164593957364559 76.128359939903021 124.79935690388083 99.240630073472857 43.997018776834011 103.1055619046092 85.206944145262241 127.3228807002306 84.345495849847794 59.937345325946808 70.340575544163585 48.214025614783168 88.172798020765185 42.970126120373607 56.01162476837635 92.040623912587762 42.450713828206062 48.494770251214504 89.808904528617859 73.263776142150164 129.22123160213232 215.38505881093442 58.472225891426206 46.846349580213428 43.85543929412961 274.9854875523597 56.051596371456981 344.47783844359219
leaf_count=1301 34152 3510 651 1722 465 1356 1184 1139 3449 627 784 1209 1090 1681 1264 772 843 1012 821 1023 1406 916 1199 963 1232 907 1169 3641 1306 473 685 854 625 901 566 1122 1357 616 673 1526 1447 1301 593 1228 1109 951 3439 963 3916 2087 585 1008 1588 1458 567 715 597 889 872 668 792 579 1102 913 641 1141 519 708 1155 1523 870 2561 928 719 582 3366 1133 3899
internal_value=0 0.00179834 -0.00396348 0.00476173 0.00295294 0.00228382 0.0140834 0.00177131 -0.0039181 0.00277342 0.00441098 0.0141699 0.00327433 0.00105738 0.00994887 0.0126861 0.00231654 0.00568553 0.00171082 0.0132122 -0.00337142 0.00464533 0.0165088 -0.00213178 -0.0138665 -0.00268609 0.0137943 -8.46417e-05 -0.00255784 0.00165183 0.016923 -0.00668816 0.0044128 -0.0093617 -0.0148623 0.0220843 -0.00806465 -0.00181298 -0.0148109 -0.00676146 0.00284335 -0.0191968 -0.010789 0.00610261 0.0161571 0.0193965 0.0155962 -0.00283724 -0.00863223 -0.0111308 0.00790537 0.00697148 0.00412708 0.00995979 -0.00632828 -0.00284334 -0.00773146 -0.0140766 0.0218068 0.0278102 0.0169471 0.00810877 -0.0134341 -0.00873571 0.0106301 0.0181768 0.00140076 -0.00714518 -0.00240335 -0.00997782 0.0243566 -0.00968082 -0.00192845 0.0100113 -0.00231651 -0.00922966 -0.0232088 -0.00158992
internal_weight=0 6673.23 1105.29 419.192 5567.94 5260.97 306.968 5081.38 751.909 4329.47 3425.65 348.007 3077.64 2319.32 758.322 656.168 2140.16 1271.01 839.289 431.724 903.817 329.917 162.381 143.792 378.971 651.455 262.128 575.364 869.148 543.958 512.376 167.536 89.7017 686.101 369.063 227.63 573.9 304.312 269.588 166.27 204.093 301.17 158.923 372.938 179.591 457.951 373.542 4119.14 546.427 473.656 87.3388 385.036 344.165 224.04 120.125 502.652 315.635 212.53 197.147 144.283 187.834 118.555 179.16 105.831 278.356 148.052 130.304 243.645 195.15 157.064 242.176 325.189 3572.71 105.319 3467.39 318.841 247.155 3148.55
internal_count=131304 80692 12476 5065 68216 65027 3189 62617 9349 53268 41606 3776 37830 28666 9164 7900 26208 14973 9784 5189 11662 4221 2115 1735 4681 7592 1820 6749 11235 7368 6165 2106 1252 7411 3901 2730 7441 3885 3556 2199 2459 3000 2274 4668 2410 5480 4529 50612 6966 6003 1707 5094 4621 3046 1575 5842 2201 1486 2005 1540 2192 1371 2458 2122 3440 1782 1658 3269 2561 3245 1654 3867 43646 1647 41999 3948 2434 38051
is_linear=0
shrinkage=0.0454652


Tree=9
num_leaves=79
num_cat=0
split_feature=12 14 28 13 14 27 3 13 3 14 15 15 16 13 14 20 16 28 2 3 18 14 20 27 15 14 27 3 28 10 1 15 12 14 3 13 18 10 13 13 2 3 2 3 14 16 27 18 16 10 28 3 27 16 28 27 3 10 3 13 2 14 18 14 15 28 18 3 10 14 3 2 18 28 28 20 27 27
split_gain=25.3099 32.1753 45.9504 47.0167 27.0702 35.2045 22.6873 20.5701 19.5492 18.6356 17.8706 17.3914 17.1139 16.2184 17.9616 17.2459 24.6555 16.3787 40.7903 15.9026 20.8957 17.8346 15.427 14.8735 14.8061 17.1349 14.71 15.6861 16.6706 13.8057 13.5688 12.9337 12.6752 14.6334 13.9031 13.8034 13.1607 12.2974 11.8304 26.0182 11.8294 15.404 18.4542 18.6458 16.5597 26.1695 12.0063 12.628 20.4166 16.186 11.715 11.5998 17.0943 12.1895 11.8829 11.1568 11.1412 19.4844 13.5751 25.2752 11.1248 12.9609 11.1235 10.9926 10.9649 15.9038 10.9262 13.899 10.6609 16.8487 19.4693 31.6709 15.8469 13.6036 10.5063 12.0193 11.5665 10.4306
threshold=0.060667471960186965 -2.5621856451034541 -0.076279435306787477 0.076675932854414 -7.3751142024993888 0.45201864838600164 0.32391549646854406 0.067532230168581023 0.59400358796119701 -3.7274441719055171 5.5277087688446054 7.2992465496063241 0.17040079087018969 -0.020785321481525895 -17.710774421691891 2.7445399761199956 0.50680312514305126 0.26932403445243841 1.7959910631179812 0.58086392283439647 68.500000000000014 -5.5449113845825186 2.7930458784103398 0.37256073951721197 3.4279352426528935 -12.023066043853758 0.81279832124710094 0.40000474452972418 -0.95032352209091175 0.075807388871908202 0.95515272021293651 11.87431049346924 -0.029518486931920048 -6.7143788337707511 0.35726134479045873 0.031965522095561034 63.500000000000007 0.025790839456021789 -0.011619125492870806 0.00041634519584476953 2.615897655487061 0.33456848561763769 0.55490440130233776 0.30050311982631689 -16.120282173156735 0.24043432623147967 0.50938662886619579 28.500000000000004 0.25636816024780279 0.097897145897150054 0.78661888837814342 0.87170818448066723 -0.87137606739997853 0.54164808988571178 -0.49049438536167139 -0.71473535895347584 0.67391541600227367 0.13185172528028491 0.25788466632366186 -0.08784794062376021 0.48622547090053564 -5.3788793087005606 48.500000000000007 -2.787331104278564 6.8934931755065927 0.20576497167348864 80.500000000000014 0.68844780325889599 0.072679024189710631 -20.387386322021481 0.51787886023521434 0.9383763074874879 34.500000000000007 0.56457334756851207 -0.11969653144478797 -1.1105993390083311 0.71473535895347606 -0.16288578510284421
decision_type=2 2 2 2 2 2 2 2 2 2 2 2 2 2 2 2 2 2 2 2 2 2 2 2 2 2 2 2 2 2 2 2 2 2 2 2 2 2 2 2 2 2 2 2 2 2 2 2 2 2 2 2 2 2 2 2 2 2 2 2 2 2 2 2 2 2 2 2 2 2 2 2 2 2 2 2 2 2
left_child=1 4 26 31 12 6 37 19 22 -10 -7 -12 56 15 -15 16 24 51 29 20 -2 77 -9 -24 25 -14 27 28 -3 38 -8 -4 34 -34 -13 36 60 -6 -19 -40 41 42 64 44 45 -44 47 55 -49 -50 63 52 -16 -54 -53 -43 58 -58 59 -1 -35 -62 -55 -22 65 -26 67 -29 -60 72 71 -71 -70 -72 76 -76 -37 -21
right_child=7 2 3 -5 5 10 30 8 9 -11 11 32 13 14 17 -17 -18 18 -20 21 50 -23 23 -25 40 -27 -28 66 -30 -31 -32 -33 33 35 -36 74 -38 -39 39 -41 -42 46 43 -45 -46 -47 -48 48 49 -51 -52 54 53 62 -56 -57 57 -59 68 -61 61 -63 -64 -65 -66 -67 -68 -69 69 70 73 -73 -74 -75 75 -77 -78 -79
leaf_value=-0.0091377134518888219 0.0070325823968259132 0.0028223133160238047 0.0048364246810951913 -0.016888199540266435 0.021797506796912922 -0.020961728363744322 -0.013577235673599839 0.011011799221977656 -0.0027547204058745289 0.029137464184640961 0.023706136632343118 0.034105482391488952 0.0078626800590949134 -0.027351842695411591 0.014645669034310738 -0.0061966192494904626 0.041299064631143009 -0.021112826801978828 0.040327635619909631 0 -0.012630129676368033 -0.0063089077408941289 -0.026383388757249635 0.0022696592177331855 0.024059983637938757 -0.028809296809822724 0.014853041944066487 0.015163250245950305 -0.02957459978242119 0.010339560976063648 -0.0043158364489716975 0.028660215164329879 -0.017691609468331513 0.013079789842195537 0.0025436256435606751 -0.012059628709008712 0.015398071800607748 -0.0014493222759626105 0.024017174457607416 -0.0074141704733049832 -0.006419521971400657 0.012284250389257467 -0.0085857791862715797 -0.022830383531609731 -0.016878563543793329 0.036150067447315977 0.022778299845799873 0.032170864276313896 0.013840288867636366 -0.011008796652482661 0.0023739031440579619 0.00089525947219138921 0.0010935174419875414 -0.017309552034563899 -0.021386950762221742 -0.012977968824637797 -0.013462011563871376 0.0068133172055809769 -0.020668979791840531 0.034438912877131037 0.0094265895485382833 -0.01810933059735411 0.0042711056352826987 -0.028729179967318219 0.030947451710374118 -0.0119487626096389 -0.014783180101064903 -0.0088869413411551135 -0.017735821228972326 -0.001158870419715137 -0.015901403159138235 0.046839610657997056 0.0079935795276027434 0.013490132181281483 0.0078363390911000714 -0.017574450852314873 0.014284898856313533 0.017959067799231652
leaf_weight=60.712980618700385 86.730905629694462 48.207849722355604 62.96759720146656 59.850180920213461 65.40879163518548 58.324934547767043 849.48716844245791 89.657076438888907 55.103536868467927 97.687140004709363 81.543880926445127 46.768250605091453 52.343981847167015 40.887929383665323 146.03308822214603 167.12499816343188 44.003358067944646 56.61436714977026 65.596291121095419 184.01266494579613 254.01655993796885 1064.9399911798537 72.277175236493349 66.724567508324981 42.963638881221414 43.895612457767129 95.67338652536273 135.75821742042899 81.016313031315804 308.21985401399434 569.06899170204997 329.30518272891641 81.045874020084739 77.37044769525528 77.104063831269741 48.912661110982299 215.36941470764577 133.75660549104214 70.591423546895385 195.42922472395003 86.923082694411278 60.386359822005033 47.686620539054275 77.95769757963717 46.96311729028821 51.274668801575899 237.12829611636698 95.156724590808153 209.18185840733349 67.092265125364065 53.922204148024321 81.294772241264582 673.85601168870926 160.94112658500671 107.12837161496282 76.94302374124527 119.39064999297261 458.05112704075873 115.71356021054089 42.862926390022039 50.624866751953959 90.42625654861331 63.856638122349977 160.67640443891287 53.120754987001419 49.573516182601452 59.403785469010472 71.007191944867373 243.82170521840453 71.162263112142682 109.96433769725263 41.035797161981463 56.373327305540442 40.328847328200936 45.537530699744821 150.70575834996998 90.131287641823292 99.233592776581645
leaf_count=916 1038 514 613 726 810 765 9650 892 888 1285 955 711 642 663 2017 2063 553 810 916 2540 3014 12219 721 738 495 506 1027 1371 990 3947 6531 2963 1012 793 769 624 2554 1735 992 2555 980 687 644 869 501 535 2822 1233 2588 791 616 1063 8604 2183 1419 986 1611 5921 1721 735 572 997 896 1589 676 664 598 826 3393 970 1457 542 800 589 588 1745 1169 1167
internal_value=0 0.000996051 0.00889564 0.0192885 1.24259e-06 -0.00360777 -0.00789031 -0.00438814 0.00513735 0.0175525 0.00257443 0.00399679 0.00204966 0.0037435 0.00099371 0.00728786 0.00901632 0.00167611 0.00724008 -0.00632944 -0.0128133 -0.00359189 -0.00311137 -0.0126161 0.00775888 -0.00886949 -0.000654725 -0.00464277 -0.0174067 0.00348547 -0.00991928 0.0250484 0.0022047 0.000138043 0.0155495 0.00216359 0.00753083 0.00622994 -0.00296049 0.000982979 0.00915582 0.0104321 0.00263828 -0.00538109 0.0039836 0.014634 0.0141931 0.00994686 0.0142758 0.00755929 -0.0166186 -0.00144049 0.000402718 -0.00191356 -0.011705 -0.00149077 -0.00224908 0.00247223 -0.00579227 0.00906507 -0.000147526 -0.00790312 -0.0109994 -0.0192037 0.0151007 0.00457512 0.00154302 0.00666044 -0.00817281 -0.0053865 0.0028625 0.0170056 -0.0127014 -0.00755038 -0.00464383 -0.0113949 0.00459695 0.00639817
internal_weight=0 8514.36 943.19 452.123 7571.17 2731.59 1617.72 2284.98 381.449 152.791 1113.87 1055.54 4839.59 3480.17 1970.45 1509.72 1342.59 1929.56 696.451 1903.53 555.346 1348.19 228.659 139.002 1298.59 96.2396 491.067 395.393 129.224 630.855 1418.56 392.273 973.996 850.124 123.872 769.078 433.791 199.165 322.635 266.021 1202.35 1115.43 369.54 223.882 145.924 98.9613 745.889 508.76 371.431 276.274 468.615 1233.11 1044.69 898.654 188.423 137.329 1359.42 577.442 781.976 103.576 218.422 141.051 224.798 414.693 145.658 92.5372 266.169 206.765 678.4 562.686 262.491 112.198 300.195 150.293 335.287 196.243 139.044 283.246
internal_count=131270 104563 9628 4302 94935 31980 18726 26707 4524 2173 13254 12489 62955 44300 26065 18235 16172 25402 9220 22183 6257 15926 2351 1459 15619 1148 5326 4299 1504 8304 16181 3576 11534 10054 1480 9042 4916 2545 4357 3547 14471 13491 4384 2549 1680 1179 9107 6285 4612 3379 5219 16182 13700 11683 2482 1673 18655 7532 11123 1651 2362 1569 3079 4603 1835 1159 2795 2197 9472 7751 3558 1512 4193 2046 4126 2333 1793 3707
is_linear=0
shrinkage=0.0454652


end of trees

feature_importances:
Column_3=93
Column_13=64
Column_16=52
Column_11=44
Column_15=43
Column_27=42
Column_2=41
Column_18=35
Column_14=34
Column_30=34
Column_12=28
Column_17=25
Column_20=24
Column_6=22
Column_21=22
Column_0=21
Column_10=20
Column_23=19
Column_28=17
Column_7=16
Column_22=16
Column_33=15
Column_5=12
Column_29=11
Column_4=10
Column_1=6
Column_8=5
Column_9=4
Column_32=4
Column_19=1

parameters:
[boosting: gbdt]
[objective: binary]
[metric: auc]
[tree_learner: serial]
[device_type: cpu]
[data_sample_strategy: bagging]
[data: ]
[valid: ]
[num_iterations: 600]
[learning_rate: 0.0454652]
[num_leaves: 79]
[num_threads: 2]
[seed: 42]
[deterministic: 0]
[force_col_wise: 0]
[force_row_wise: 0]
[histogram_pool_size: -1]
[max_depth: -1]
[min_data_in_leaf: 525]
[min_sum_hessian_in_leaf: 0.001]
[bagging_fraction: 0.774687]
[pos_bagging_fraction: 1]
[neg_bagging_fraction: 1]
[bagging_freq: 1]
[bagging_seed: 42]
[feature_fraction: 0.515409]
[feature_fraction_bynode: 1]
[feature_fraction_seed: 42]
[extra_trees: 0]
[extra_seed: 12879]
[early_stopping_round: 0]
[early_stopping_min_delta: 0]
[first_metric_only: 0]
[max_delta_step: 0]
[lambda_l1: 1.07292]
[lambda_l2: 4.08529]
[linear_lambda: 0]
[min_gain_to_split: 0]
[drop_rate: 0.1]
[max_drop: 50]
[skip_drop: 0.5]
[xgboost_dart_mode: 0]
[uniform_drop: 0]
[drop_seed: 17869]
[top_rate: 0.2]
[other_rate: 0.1]
[min_data_per_group: 100]
[max_cat_threshold: 32]
[cat_l2: 10]
[cat_smooth: 10]
[max_cat_to_onehot: 4]
[top_k: 20]
[monotone_constraints: ]
[monotone_constraints_method: basic]
[monotone_penalty: 0]
[feature_contri: ]
[forcedsplits_filename: ]
[refit_decay_rate: 0.9]
[cegb_tradeoff: 1]
[cegb_penalty_split: 0]
[cegb_penalty_feature_lazy: ]
[cegb_penalty_feature_coupled: ]
[path_smooth: 0]
[interaction_constraints: ]
[verbosity: -1]
[saved_feature_importance_type: 0]
[use_quantized_grad: 0]
[num_grad_quant_bins: 4]
[quant_train_renew_leaf: 0]
[stochastic_rounding: 1]
[linear_tree: 0]
[max_bin: 255]
[max_bin_by_feature: ]
[min_data_in_bin: 3]
[bin_construct_sample_cnt: 200000]
[data_random_seed: 175]
[is_enable_sparse: 1]
[enable_bundle: 1]
[use_missing: 1]
[zero_as_missing: 0]
[feature_pre_filter: 1]
[pre_partition: 0]
[two_round: 0]
[header: 0]
[label_column: ]
[weight_column: ]
[group_column: ]
[ignore_column: ]
[categorical_feature: ]
[forcedbins_filename: ]
[precise_float_parser: 0]
[parser_config_file: ]
[objective_seed: 16083]
[num_class: 1]
[is_unbalance: 0]
[scale_pos_weight: 1]
[sigmoid: 1]
[boost_from_average: 1]
[reg_sqrt: 0]
[alpha: 0.9]
[fair_c: 1]
[poisson_max_delta_step: 0.7]
[tweedie_variance_power: 1.5]
[lambdarank_truncation_level: 30]
[lambdarank_norm: 1]
[label_gain: ]
[lambdarank_position_bias_regularization: 0]
[eval_at: ]
[multi_error_top_k: 1]
[auc_mu_weights: ]
[num_machines: 1]
[local_listen_port: 12400]
[time_out: 120]
[machine_list_filename: ]
[machines: ]
[gpu_platform_id: -1]
[gpu_device_id: -1]
[gpu_use_dp: 0]
[num_gpu: 1]

end of parameters

pandas_categorical:null
