tree
version=v4
num_class=1
num_tree_per_iteration=1
label_index=0
max_feature_idx=33
objective=binary sigmoid:1
feature_names=Column_0 Column_1 Column_2 Column_3 Column_4 Column_5 Column_6 Column_7 Column_8 Column_9 Column_10 Column_11 Column_12 Column_13 Column_14 Column_15 Column_16 Column_17 Column_18 Column_19 Column_20 Column_21 Column_22 Column_23 Column_24 Column_25 Column_26 Column_27 Column_28 Column_29 Column_30 Column_31 Column_32 Column_33
feature_infos=[0.22403052449226379:4.806818962097168] [0.027025075629353523:26.170040130615234] [0.17134076356887817:8.6935958862304688] [0.087584272027015686:1] [-28.67047119140625:41.262332916259766] [-36.190670013427734:42.326030731201172] [-36.841156005859375:62.500308990478516] [-45.158794403076172:63.120437622070312] [-22.455821990966797:30.680826187133789] [0:0.95389312505722046] [0:0.64536702632904053] [0:0.40022626519203186] [-0.51016271114349365:0.5480339527130127] [-0.15599349141120911:0.22172828018665314] [-46.22015380859375:17.161741256713867] [-8.3726015090942383:64.2962646484375] [0:1] [0:95] [0:95] [-1:1] [-29.775985717773438:44.984848022460938] [-30.525325775146484:55.0223388671875] [-2.8409864902496338:15.253066062927246] [0.049656935036182404:5.4310722351074219] [-1:1] [0:1] [0:1] [-1:1] [-1:1] [-0.78183150291442871:0.97492790222167969] [-0.90096884965896606:1] [0:1] [0:1] [0.8888888955116272:4.5999999046325684]
tree_sizes=1731 1801 1761 1808 1800 1779 1782 1807 1805 1811 1776 1768 1755 1806 1816 1798 1782 1806 1790 1824 1783 1788 1783 1790 1793 1802 1814

Tree=0
num_leaves=15
num_cat=0
split_feature=28 27 30 2 27 30 11 33 11 0 11 2 2 12
split_gain=75.4686 86.9315 80.6867 54.2496 31.5677 73.8628 29.251 24.7015 30.7773 36.6057 30.8488 24.216 23.5389 27.7018
threshold=-0.22706275433301923 -0.11969653144478797 1.0000000180025095e-35 1.2547580003738406 -0.91080963611602772 1.0000000180025095e-35 0.018086231313645843 1.0545857548713686 0.031876021996140487 0.85406145453453075 0.13991309702396396 1.3038233518600466 1.0131081938743594 0.034337695688009269
decision_type=2 2 2 2 2 2 2 8 2 2 2 2 2 2
left_child=7 4 3 -3 5 6 -2 8 -1 -10 -11 -6 13 -4
right_child=1 2 12 -5 11 -7 -8 -9 9 10 -12 -13 -14 -15
leaf_value=-1.101027882760188 -1.0972879559434421 -1.1048851558202926 -1.0991241841694943 -1.1003287554118373 -1.1051065721527538 -1.1072092509532829 -1.1029878110188134 -1.1012020072117839 -1.1063193916471032 -1.1032676404876742 -1.0993497418545306 -1.1080797986492119 -1.1027886322960185 -1.1035613039717063
leaf_weight=781.77119307219982 106.18523874692619 1656.1473800390959 716.98408975824714 305.03737322613597 736.42440273053944 447.47263946570456 564.7091918848455 1739.7625271230936 348.90753348171711 1587.5614588856697 225.98194436728954 553.68084291182458 513.49189826659858 157.80645795166492
leaf_count=6316 1593 22442 9886 4142 9581 5985 7541 39827 2817 12274 1809 7880 6484 2177
internal_value=-1.10308 -1.10389 -1.10284 -1.10415 -1.10535 -1.10404 -1.10197 -1.10216 -1.10274 -1.10335 -1.10279 -1.10644 -1.10097 -1.09997
internal_weight=0 5757.94 3349.47 1961.18 2408.47 1118.37 670.894 4683.98 2944.22 2162.45 1813.54 1290.11 1388.28 874.791
internal_count=140754 77711 45131 26584 32580 15119 9134 63043 23216 16900 14083 17461 18547 12063
is_linear=0
shrinkage=1


Tree=1
num_leaves=15
num_cat=0
split_feature=15 13 10 23 27 30 2 13 30 13 2 7 0 23
split_gain=39.4058 61.358 32.14 29.7096 37.5696 33.6359 27.2284 26.5676 25.2882 29.5243 29.8341 34.4264 22.8279 22.7037
threshold=3.7651413679122929 -0.027440039440989491 0.21528929471969607 1.5357352495193484 -0.11969653144478797 1.0000000180025095e-35 1.5319616198539736 -0.084270186722278581 -0.56174489110708226 -0.076528917998075471 0.78425705432891857 -9.3801808357238752 1.3404250144958498 0.64933264255523693
decision_type=2 2 2 2 2 2 2 2 2 2 2 2 2 2
left_child=2 8 7 4 6 -6 12 -1 -2 -10 11 -11 -3 -8
right_child=1 3 -4 -5 5 -7 13 -9 9 10 -12 -13 -14 -15
leaf_value=0.0066036223416096424 -0.0040258153558832607 -0.00084799717254474462 -0.00123806900848735 0.0017020113132892555 -0.0002841292866687831 0.0016050324435998792 -0.0070587727996113672 0.0016127240512358485 0.0033143875984196201 -0.0026552673903749782 -0.0032794975432866966 0.004517160257280663 0.0032939320665451416 -0.0019286031748336002
leaf_weight=122.65068621374667 514.4272151067853 1498.0611577127129 344.01795447058976 985.5133940987289 2586.4041872471571 1501.400785304606 111.80434992164373 1169.108813079074 119.10725971311331 125.86537753976882 512.7760773152113 127.24964945949614 139.25862622633576 578.54325837269425
leaf_count=1762 7435 18831 4873 13071 33652 20198 1642 17844 1637 1744 6315 1674 1920 8152
internal_value=0 -0.000291236 0.00141336 7.12416e-05 -0.000174689 0.000401546 -0.00120201 0.00215378 -0.002227 -0.00111054 -0.00187695 0.000821918 -0.000457446 -0.00288558
internal_weight=0 8800.41 1635.78 7400.99 6415.47 4087.8 2327.67 1291.76 1399.43 884.998 765.891 253.115 1637.32 690.348
internal_count=140750 116271 24479 97466 84395 53850 30545 19606 18805 11370 9733 3418 20751 9794
is_linear=0
shrinkage=0.0101079


Tree=2
num_leaves=15
num_cat=0
split_feature=28 3 29 23 16 30 13 28 29 22 23 13 15 33
split_gain=71.7566 68.8109 41.5385 33.3863 26.3439 25.8128 41.4629 31.575 30.525 36.4517 29.0278 21.8697 22.106 22.007
threshold=-0.22706275433301923 0.48402996361255651 -0.60785761475563038 1.5738838911056521 0.15224505960941317 1.0000000180025095e-35 -0.021799690090119835 0.8491516411304475 1.0000000180025095e-35 -0.48423449695110315 0.49357286095619207 0.068730495870113387 6.9604723453521737 0.9590476155281068
decision_type=2 2 2 2 2 2 2 2 2 2 2 2 2 10
left_child=-1 4 -3 -4 -2 6 -6 8 9 -8 -7 12 -12 -14
right_child=1 2 3 -5 5 10 7 -9 -10 -11 11 -13 13 -15
leaf_value=0.00097272617314612952 0.0037528197769115378 0.0045999422360925007 -0.0020913306247966165 0.0025826292040797829 -0.0038703034962562144 -0.0017218721193761428 0.0078896334985787339 -0.0024332891233029563 0 0 0.00022576970122886717 -0.0014238700108335973 0.0013031961664585908 0.0065763569182163044
leaf_weight=4678.6030621994287 233.61194188147783 94.557131921872497 3098.4968714080751 150.47692399285734 309.94217392988503 196.93337309546769 127.42694401554763 287.84731890819967 472.14608363248408 104.95411475934088 191.8418484441936 103.07704879529774 159.48954410664737 239.81766261905432
leaf_count=63010 3576 1315 42129 1845 4551 2376 1686 3646 6285 1278 2554 1440 3269 1895
internal_value=0 -0.000710099 -0.00165213 -0.00185687 0.000572103 0.000203109 -0.000681486 0.000295897 0.00148195 0.00441704 0.0015357 0.00252617 0.00329193 0.00463364
internal_weight=0 5770.62 3343.53 3248.97 2427.09 2193.48 1302.32 992.374 704.527 232.381 891.159 694.226 591.149 399.307
internal_count=140855 77845 45289 43974 32556 28980 17446 12895 9249 2964 11534 9158 7718 5164
is_linear=0
shrinkage=0.0101079


Tree=3
num_leaves=15
num_cat=0
split_feature=0 27 29 23 30 29 27 16 7 23 21 27 11 16
split_gain=43.4643 74.1214 75.8172 47.4118 45.3574 32.1079 40.5891 27.5233 42.5554 35.4072 44.1669 32.8675 25.3804 24.037
threshold=1.3786629438400271 -0.41268247365951533 -1.0000000180025095e-35 0.88361877202987682 -0.56174489110708226 0.87837970256805431 -0.8253108263015746 0.66623526811599743 5.9482967853546151 0.80561566352844249 -5.6858503818511954 0.11969653144478799 0.024343261495232586 0.21214359253644946
decision_type=2 2 2 2 2 2 2 2 2 2 2 2 2 2
left_child=1 2 -1 -4 7 6 -5 8 9 10 -3 -11 -9 -6
right_child=-2 4 3 5 13 -7 -8 12 -10 11 -12 -13 -14 -15
leaf_value=0.001951249483177679 0.0015798693064535084 0.0012694548091073518 -0.004371424034633275 -0.0033685391608056251 0.0027818873084664701 0.0021879196281302709 0.002115097408025774 0.003671985384503093 0.0031676519582069873 0.0044277825439969012 -0.0053332849890205866 -0.0017137538339352706 -0.00026762039057453912 0.00062895940880313968
leaf_weight=431.06854861788452 1609.8971547428519 114.6317197624594 890.09247993864119 579.16187949851155 646.92354857549071 220.41846951283514 164.95205344818532 189.61511984840035 145.48510849475861 102.43267331272364 508.49673682078719 433.70918963104486 1012.2785247117281 3381.7641756627709
leaf_count=5683 22114 2012 11971 7547 9890 3115 2009 2389 1938 1487 7552 6268 12091 44605
internal_value=0 -0.000221538 -0.00178779 -0.00268303 0.000321504 -0.00106119 -0.00208994 -0.000735439 -0.00175287 -0.00242176 -0.00405377 -0.000420226 0.000339672 0.000989315
internal_weight=0 8821.03 2285.69 1854.62 6535.34 964.532 744.114 2506.65 1304.76 1159.27 623.128 536.142 1201.89 4028.69
internal_count=140671 118557 30325 24642 88232 12671 9556 33737 19257 17319 9564 7755 14480 54495
is_linear=0
shrinkage=0.0101079


Tree=4
num_leaves=15
num_cat=0
split_feature=0 27 29 30 15 15 3 12 13 18 11 15 6 14
split_gain=45.445 78.841 79.0718 48.1905 37.8665 37.0267 36.4004 35.2627 35.34 30.5558 30.1787 29.0472 34.93 24.7909
threshold=1.3404250144958498 -0.22706275433301923 -1.0000000180025095e-35 -0.56174489110708226 3.9602458477020268 14.087913513183596 0.62240183353424083 -0.016346476972103115 -0.045242793858051293 91.500000000000014 0.026521138846874241 19.37014198303223 0.59024223685264599 -14.231884956359862
decision_type=2 2 2 2 2 2 2 2 2 2 2 2 2 2
left_child=1 2 13 5 -5 7 10 8 -3 -6 -4 12 -7 -1
right_child=-2 3 6 4 9 11 -8 -9 -10 -11 -12 -13 -14 -15
leaf_value=-0.0020770718179946579 0.0015067812830425603 0.0050901814121253348 0.0036963334249353898 0.0033472082700479761 9.1569410731008114e-05 0.0070118600553101523 -0.003600970292700751 -0.0027866975715908422 -0.00096463112943217784 0.0027037480284927361 -0.0016580925987997833 -0.0010990728316672175 0.00069112952772968739 0.0030864058617686378
leaf_weight=109.83898172713816 1726.947393829003 118.37786879763007 116.78024797327816 621.53356877341866 2494.1296276468784 128.38696432299912 1351.2715217396617 1019.5156601965427 427.57710018567741 563.27471168339252 682.49766900576651 356.83810239844024 318.04366860724986 383.24828246049583
leaf_count=1591 23652 1746 1522 9364 32930 1579 18510 14215 6143 7281 8613 4661 3617 4989
internal_value=0 -0.000284835 -0.00174082 0.000346328 0.00107407 -0.000766715 -0.00258449 -0.00167869 0.000327139 0.000591566 -0.00079802 0.00095974 0.00268538 0.00184119
internal_weight=0 8691.31 2643.64 6047.68 3678.94 2368.74 2150.55 1565.47 545.955 3057.4 799.278 803.269 446.431 493.087
internal_count=140413 116761 35225 81536 49575 31961 28645 22104 7889 40211 10135 9857 5196 6580
is_linear=0
shrinkage=0.0101079


Tree=5
num_leaves=15
num_cat=0
split_feature=28 27 29 30 2 2 3 27 29 5 14 13 6 2
split_gain=67.4205 81.2134 90.5328 66.1826 54.0795 37.4982 31.17 26.1656 68.1099 21.2826 21.1082 28.5077 20.5445 18.8567
threshold=-0.24825246632099149 -0.20576497167348859 -1.0000000180025095e-35 1.0000000180025095e-35 1.4495249390602114 1.377259433269501 0.3487707674503327 -0.91080963611602772 0.87837970256805431 2.0712440013885502 -7.1797883510589591 -0.0029994500800967212 4.4189827442169198 1.0183665156364443
decision_type=2 2 2 2 2 2 2 2 2 2 2 2 2 2
left_child=-1 2 5 4 6 -2 -3 8 -4 13 -8 -12 -7 -5
right_child=1 3 7 9 -6 12 10 -9 -10 -11 11 -13 -14 -15
leaf_value=0.00094596801619108563 0.0050804981793566625 1.8470740447600516e-05 -0.0034879259891638136 0.0035724021816700337 0.0035960111669363394 -0.0029756593530992619 -0.0045074992129435446 -0.0044429942390259835 0.0027354130934618111 0 0.002857127163822578 -0.0024063477428161117 0.0025149361594013543 0.000464685699431071
leaf_weight=4623.4913352206349 193.29578561335802 746.82693996466696 689.11192015185952 724.49226531945169 228.61861994303763 157.17647775262594 393.77941834181547 904.20612713508308 228.5905930288136 451.32154154777527 116.31500858254731 553.1340719666332 108.11708653531969 321.57411067560315
leaf_count=62088 2512 11095 9314 10045 3171 2058 5725 12346 3157 5803 1616 6051 1554 4130
internal_value=0 -0.000687746 -0.00217353 0.000261663 -0.000909021 0.00176204 -0.00151302 -0.0031895 -0.00188421 0.00187897 -0.00261904 -0.00141012 -0.000581894 0.00266577
internal_weight=0 5816.56 2280.5 3536.06 2038.67 458.589 1810.06 1821.91 917.703 1497.39 1063.23 669.449 265.294 1046.07
internal_count=140665 78577 30941 47636 27658 6124 24487 24817 12471 19978 13392 7667 3612 14175
is_linear=0
shrinkage=0.0101079


Tree=6
num_leaves=15
num_cat=0
split_feature=28 3 29 23 30 12 14 29 28 16 12 23 13 15
split_gain=71.9441 68.6054 36.913 32.5424 32.1461 31.4969 26.256 38.4776 32.2969 29.5621 26.7483 25.0901 25.2668 23.65
threshold=-0.22706275433301923 0.48402996361255651 -0.60785761475563038 1.5538806319236758 1.0000000180025095e-35 -0.04589406214654445 -7.4408791065216056 0.87837970256805431 0.86046862602233898 0.86994487047195446 -0.00063988665351644148 0.44487354159355169 0.068730495870113387 4.8203823566436776
decision_type=2 2 2 2 2 2 2 2 2 2 2 2 2 2
left_child=13 4 -3 -4 5 -2 7 -7 9 10 -8 -6 -13 -1
right_child=1 2 3 -5 11 6 8 -9 -10 -11 -12 12 -14 -15
leaf_value=0.0022589227411721918 0.004863519532589595 0.0040632441365170534 -0.0021976670310984293 0.0022857001900675393 -0.0017255921833718968 -0.0046410303018622331 0 0.00076765269932687404 -0.0029271134896612728 -0.0013352543423228386 0.0054778057076432535 0.0032387756125916009 -0.0016669919587932245 0.00047730511222794707
leaf_weight=987.40808761864901 94.298865724354982 96.316669879481196 3072.3302976563573 159.98219808749855 150.47375647723675 345.81659377738833 137.31800563447177 195.20323584973812 222.46331096813083 205.1389137879014 216.87204580567777 736.51393808983266 108.85702649876475 3709.3363006319851
leaf_count=14427 1230 1341 41872 1944 1817 5600 1753 2993 2715 2328 2740 9739 1507 48649
internal_value=0 -0.00082143 -0.00176313 -0.0019584 0.000462354 -0.000493032 -0.000931033 -0.0026322 0.000208982 0.00155035 0.00332647 0.00185566 0.00255033 0.000863525
internal_weight=0 5741.58 3328.63 3232.31 2412.96 1417.11 1322.81 541.02 781.792 559.329 354.19 995.845 845.371 4696.74
internal_count=140655 77579 45157 43816 32422 19359 18129 8593 9536 6821 4493 13063 11246 63076
is_linear=0
shrinkage=0.0101079


Tree=7
num_leaves=15
num_cat=0
split_feature=27 0 30 27 20 16 14 0 30 13 33 3 3 7
split_gain=37.7422 72.6915 43.5896 58.8499 40.8965 32.4678 43.7343 26.91 35.9294 23.4546 35.5717 22.2379 20.0441 25.7332
threshold=-0.49049438536167139 1.2123598456382754 1.0000000180025095e-35 -0.88186877965927113 -2.9732471704483028 0.15224505960941317 -7.1797883510589591 0.86034548282623302 1.0000000180025095e-35 -0.00041255142423324282 0.9590476155281068 0.45761811733245855 0.66923847794532787 -3.5519090890884395
decision_type=2 2 2 2 2 2 2 2 2 2 10 2 2 2
left_child=1 2 3 12 -2 -6 7 8 -7 10 -8 -4 -1 -14
right_child=4 -3 11 -5 5 6 9 -9 -10 -11 -12 -13 13 -15
leaf_value=0.0036324444566345564 0.0023785033198739603 0.00067175950782283637 1.7751723267038617e-05 -0.0037682470231201913 0.0034438380242649341 -0.0035443260383664593 -0.00055426684005807679 0.00017973858680141641 -0.0002119745111600507 0.00024885029711181795 0.0045520657300124568 -0.0046859070542049951 -0.003525929221393356 0.0017060525206001877
leaf_weight=205.90349320881069 910.92386190965772 1553.6538498271257 100.11944901384413 411.0053879711777 273.33007162623107 749.96622525714338 210.45068359188735 859.13953713141382 636.84394327923656 3104.1004314497113 335.671212002635 700.23448717780411 143.3475676048547 252.7076571714133
leaf_count=2433 12798 21004 1236 5414 4720 11460 4733 11968 8978 38202 2705 9290 2119 3633
internal_value=0 -0.00091132 -0.00228708 -0.000832421 0.000387003 8.38274e-05 -6.93245e-05 -0.001183 -0.00205264 0.00060588 0.00253066 -0.00405278 0.00112775 -0.000118142
internal_weight=0 3366.97 1813.32 1012.96 7080.43 6169.5 5896.17 2245.95 1386.81 3650.22 546.122 800.354 601.959 396.055
internal_count=140693 45129 24125 13599 95564 82766 78046 32406 20438 45640 7438 10526 8185 5752
is_linear=0
shrinkage=0.0101079


Tree=8
num_leaves=15
num_cat=0
split_feature=28 2 29 7 0 29 11 21 16 12 4 33 11 0
split_gain=61.9055 35.1549 47.9153 27.9138 27.787 30.0125 24.3613 20.1425 33.3676 20.6962 19.9155 19.1021 26.8591 33.2398
threshold=-0.20576497167348859 0.64463829994201671 1.0000000180025095e-35 -19.369903564453121 1.0229412317276003 0.87837970256805431 0.013863021507859232 2.487881183624268 0.82240170240402233 -0.0012764214188791809 1.1547361612319949 1.0545857548713686 0.031876021996140487 0.8358408808708192
decision_type=2 2 2 2 2 2 2 2 2 2 2 8 2 2
left_child=11 10 6 -4 7 -6 -3 -5 9 -9 -2 12 -1 -14
right_child=1 2 3 4 5 -7 -8 8 -10 -11 -12 -13 13 -15
leaf_value=0.0019302469775533627 0.0013028216172280846 0.0032955807847713592 0.0021362358620143924 -0.0039284207062874965 -0.0022283547074342189 0.0025793601153478499 -0.00032964981768688012 -0.0028733043405215772 -0.0033740351812449835 0.0022806517051156957 -0.0015968542804838364 0.0016859910318452989 -0.0032869624091805814 0.0002631155669153098
leaf_weight=793.57177069038153 1102.7826613802463 207.12811152078211 136.58184477128088 994.29890450835228 318.35369319282472 213.64885830879211 1553.5296922307462 104.17614114098251 483.72046402841806 247.22046246752143 291.92641690559685 1777.4072628132999 304.38929609209299 1893.2140297591686
leaf_count=6366 15279 2802 1900 14532 4167 2773 20613 1310 5749 3535 3901 40586 2474 14661
internal_value=0 -0.000710123 -0.00116924 -0.00206792 -0.00233428 -0.000213385 8.63125e-05 -0.00292555 -0.0016587 0.000611293 0.000661624 0.000852374 0.000340489 -0.000219914
internal_weight=0 5653.37 4258.66 2498 2361.42 532.003 1760.66 1829.42 835.117 351.397 1394.71 4768.58 2991.18 2197.6
internal_count=140648 76561 57381 33966 32066 6940 23415 25126 10594 4845 19180 64087 23501 17135
is_linear=0
shrinkage=0.0101079


Tree=9
num_leaves=15
num_cat=0
split_feature=28 27 30 2 12 13 13 17 3 15 13 11 33 15
split_gain=75.9199 80.273 60.8143 53.6987 35.4965 31.4559 26.9576 35.9458 26.8281 20.9081 31.8992 23.2693 32.8122 32.2208
threshold=-0.22706275433301923 -0.20576497167348859 1.0000000180025095e-35 1.4495249390602114 0.077038165181875243 -0.025646912865340706 -0.012533939909189938 59.500000000000007 0.3487707674503327 4.7532987594604501 -0.019155811518430706 0.033241704106330879 0.9590476155281068 22.584335327148441
decision_type=2 2 2 2 2 2 2 2 2 2 2 2 10 2
left_child=9 5 3 8 -5 -2 7 -7 -3 -1 -11 -12 -13 -14
right_child=1 2 -4 4 -6 6 -8 -9 -10 10 11 12 13 -15
leaf_value=0.0022887325766969883 -0.0044267187404144091 -6.1258614419947016e-06 0.0017402698329337918 0.0073318128087983573 -0.0001989500213458776 0.0064850725303290911 -0.0020090072973611285 -0.0017540523158959969 -0.0025793838871382593 -0.0015683329482837503 0.0023478380770448914 0.0021115553850232891 -0.0010417920427786955 0.0034357324496448712
leaf_weight=975.17250540293753 534.48232134617865 728.951296325773 1478.8819114137441 114.8134184833616 112.18888759799302 87.425704585388303 1518.6323519311845 108.36134780012071 1058.0906776636839 566.1816909275949 931.38090634904802 763.7726076617837 1279.0207671001554 178.23861768841743
leaf_count=14245 7494 10896 19724 1554 1575 1153 20139 1735 13375 7745 12901 16827 9902 1379
internal_value=0 -0.000769922 0.000178951 -0.000949711 0.00355196 -0.00225725 -0.00154076 0.0018312 -0.00155678 0.000961764 0.000598934 0.00100384 0.000415963 -0.000451449
internal_weight=0 5741.83 3492.93 2014.04 227.002 2248.9 1714.42 195.787 1787.04 4693.77 3718.59 3152.41 2221.03 1457.26
internal_count=140644 77645 47124 27400 3129 30521 23027 2888 24271 62999 48754 41009 28108 11281
is_linear=0
shrinkage=0.0101079


Tree=10
num_leaves=15
num_cat=0
split_feature=22 3 30 14 3 12 15 12 15 7 12 15 11 23
split_gain=35.8059 51.102 25.9412 39.953 34.5576 31.0328 26.8659 37.4118 23.0219 21.18 22.7352 21.1581 17.2053 16.1034
threshold=-0.30237369239330286 0.55425560474395763 -0.56174489110708226 -9.5710020065307599 0.3438046276569367 -0.02447629906237125 4.0259108543396005 -0.023054660297930237 19.558112144470218 -11.052307128906248 -0.02447629906237125 10.888437271118166 0.016837920993566517 2.2457211017608647
decision_type=2 2 2 2 2 2 2 2 2 2 2 2 2 2
left_child=1 2 3 5 8 -1 7 -4 -5 -8 11 -11 -3 -2
right_child=13 12 6 4 -6 -7 9 -9 -10 10 -12 -13 -14 -15
leaf_value=0.00047920151425325441 0.00039207038784643141 0 0.00060797554757737978 0.005177664085956689 -0.0013016218073911086 -0.0056935083776622503 -0.0028011128024918908 0.0091431945158198975 -0.00036116697444805231 0.0012380372197322723 0.0015984581032424071 -0.0046653069108045456 -0.002288324066285337 0.0027093363300686054
leaf_weight=105.78016733378172 5235.7483688872308 421.11472130194306 144.01387872733176 184.11645221151412 469.8938029576093 242.74472678080201 162.7671001534909 88.151740189641714 104.79514848254621 99.469999089837074 1049.9391116388142 120.64496580138803 1683.3616175632924 327.3609480727464
leaf_count=1567 70775 5931 2225 2407 5522 3873 2205 1321 1443 1366 13283 1905 22442 4376
internal_value=0 -0.00064621 0.000242724 -0.000933241 0.000325729 -0.00373621 0.00104972 0.00420549 0.00307444 0.000490693 0.000958472 -0.00186768 -0.00183306 0.000539225
internal_weight=0 4876.79 2772.32 1107.33 758.805 348.525 1664.99 232.166 288.912 1432.82 1270.05 220.115 2104.48 5563.11
internal_count=140641 65490 37117 14812 9372 5440 22305 3546 3850 18759 16554 3271 28373 75151
is_linear=0
shrinkage=0.0101079


Tree=11
num_leaves=15
num_cat=0
split_feature=28 27 29 30 2 2 6 3 3 29 27 5 33 16
split_gain=61.7182 73.7682 90.666 57.347 40.997 40.8635 29.3792 27.3731 24.6476 24.556 57.8452 23.9022 23.8278 22.7904
threshold=-0.22706275433301923 -0.11969653144478797 -1.0000000180025095e-35 1.0000000180025095e-35 1.2474496960639956 1.377259433269501 4.4189827442169198 0.3487707674503327 0.57708710432052623 0.87837970256805431 -0.88186877965927113 2.0712440013885502 0.99611112475395214 0.78044626116752636
decision_type=2 2 2 2 2 2 2 2 2 2 2 2 10 2
left_child=-1 2 5 4 7 -2 -7 -3 11 -4 -11 -5 -6 -13
right_child=1 3 9 8 12 6 -8 -9 -10 10 -12 13 -14 -15
leaf_value=0.0008713088833885239 0.0050531317008525442 0 -0.0037063691727979211 0.003598763379032702 -0.00066389322894127862 -0.0034633725443507062 0.0030738140703236586 -0.0026274200243736182 -0.00022724786673649792 0.0024092720222807216 -0.0044642163061774914 -0.0021896477094900161 0.0046881508226319733 0.0037311221371728303
leaf_weight=4697.3996322229505 212.71851476468146 716.01198902912438 1434.0440998077393 739.82818940281868 127.35812562145293 162.23873408511281 108.33269440196455 926.95020793564618 388.51480574160814 242.37550127692521 236.83014822751284 166.56248466856778 186.62174002081156 99.63378132879734
leaf_count=62949 2730 10672 19553 10126 2737 2133 1599 11730 4983 3330 3279 2268 1475 1167
internal_value=0 -0.000689276 -0.0020424 0.000268691 -0.000832316 0.00179578 -0.000687889 -0.00148808 0.00183873 -0.0030363 -0.000921247 0.00267224 0.00242707 0
internal_weight=0 5748.02 2396.54 3351.48 1956.94 483.29 270.571 1642.96 1394.54 1913.25 479.206 1006.02 313.98 266.196
internal_count=140731 77782 32624 45158 26614 6462 3732 22402 18544 26162 6609 13561 4212 3435
is_linear=0
shrinkage=0.0101079


Tree=12
num_leaves=15
num_cat=0
split_feature=28 27 29 30 2 2 3 29 27 6 6 16 15 15
split_gain=56.4847 76.2327 91.9486 68.3294 45.4704 40.4929 27.9981 25.6491 60.2011 23.2854 23.0116 19.6829 38.1921 18.6151
threshold=-0.20576497167348859 -0.20576497167348859 -1.0000000180025095e-35 1.0000000180025095e-35 1.428245007991791 1.377259433269501 0.3487707674503327 0.87837970256805431 -0.88186877965927113 4.4189827442169198 5.7603919506073007 0.54164808988571178 11.246997356414797 5.0171861648559579
decision_type=2 2 2 2 2 2 2 2 2 2 2 2 2 2
left_child=13 2 5 4 6 -2 -3 -4 -9 -7 -6 -8 -13 -1
right_child=1 3 7 -5 10 9 11 8 -10 -11 -12 12 -14 -15
leaf_value=0.0020172961629577888 0.0053147841965569048 0 -0.0038961699433923891 0.0019106480341709582 0.0061506525411734233 -0.0032426045910719003 -0.0043476834029106794 0.0023992799046430504 -0.0049742237193520014 0.002766062595644356 0 0.0014933709638175325 -0.0034201514103919888 0.00047594617611080155
leaf_weight=1062.6671409569681 192.30254174396396 729.01741014048457 1313.8002894073725 1479.141196064651 117.16936868615448 149.5936535988003 403.9268279094249 235.94317068718374 199.16126875020564 101.4391799941659 113.36928606964648 261.14226989075541 373.57264288887382 3706.6487030442804
leaf_count=15432 2492 10868 17899 19650 1627 1983 5804 3259 2810 1483 1585 3180 4118 48565
internal_value=0 -0.000660782 -0.00213547 0.000259938 -0.00094441 0.00189479 -0.00151309 -0.00318397 -0.000911904 -0.000648037 0.00315466 -0.00257268 -0.0013418 0.000830532
internal_weight=0 5669.58 2192.24 3477.34 1998.2 443.335 1767.66 1748.9 435.104 251.033 230.539 1038.64 634.715 4769.32
internal_count=140755 76758 29926 46832 27182 5958 23970 23968 6069 3466 3212 13102 7298 63997
is_linear=0
shrinkage=0.0101079


Tree=13
num_leaves=15
num_cat=0
split_feature=28 27 29 30 14 14 16 16 12 33 6 29 27 29
split_gain=63.7076 72.5415 100.24 52.7169 39.8838 29.0884 35.28 24.1567 29.2557 23.3879 30.1457 23.0536 22.8194 58.3936
threshold=-0.22706275433301923 -0.11969653144478797 -1.0000000180025095e-35 1.0000000180025095e-35 -14.231884956359862 -20.684075355529782 0.55032661557197582 0.84808790683746349 0.071626495569944396 1.0545857548713686 -3.6105347871780391 0.87837970256805431 -0.91080963611602772 0.87837970256805431
decision_type=2 2 2 2 2 2 2 2 2 8 2 2 2 2
left_child=9 2 4 5 -2 -3 11 -8 -9 10 -1 -7 13 -4
right_child=1 3 12 -5 -6 6 7 8 -10 -11 -12 -13 -14 -15
leaf_value=0.0022288525382534691 -0.0027304953044195029 0.003837242088696726 -0.0033241488374901656 0.0017419870495905402 0.0036816961142795571 -0.0043579627743438173 0.0010943063337468027 -0.0034662123534765555 0.001887391938984993 0.001794839772734668 -0.00022409986261835417 -0.00025584153585966765 -0.0041699281548796411 0.0025229877187969
leaf_weight=642.78230784833431 121.75683813728392 117.102947935462 668.28758349455893 1390.9418398309499 363.06939606927335 434.65827803499997 701.56882351264358 334.29034647159278 133.55695274472237 1753.406675003469 2309.5375807136297 238.2504095248878 1021.0138095859438 221.1206588819623
leaf_count=5181 1676 1887 9092 18482 4810 6612 9313 3796 1534 39915 18039 3453 14068 3040
internal_value=0 -0.000717013 -0.00205902 0.000232856 0.00197177 -0.000820447 -0.001153 -5.23485e-05 -0.00184697 0.000867998 0.000300648 -0.00298423 -0.00310685 -0.00181622
internal_weight=0 5745.62 2395.25 3350.37 484.826 1959.43 1842.32 1169.42 467.847 4705.73 2952.32 672.909 1910.42 889.408
internal_count=140898 77763 32686 45077 6486 26595 24708 14643 5330 63135 23220 10065 26200 12132
is_linear=0
shrinkage=0.0101079


Tree=14
num_leaves=15
num_cat=0
split_feature=28 27 29 30 14 21 21 13 29 27 20 33 14 16
split_gain=67.4502 71.7163 87.0691 56.548 37.8528 43.9437 27.2887 29.042 25.1359 55.007 28.6185 23.1285 32.3841 46.8793
threshold=-0.20576497167348859 -0.09801131114363669 -1.0000000180025095e-35 1.0000000180025095e-35 -14.231884956359862 4.1165053844451913 -9.2068185806274396 0.071179103106260314 0.87837970256805431 -0.88186877965927113 0.42660388350486761 0.94700106978416454 -7.5080232620239249 0.83875873684883129
decision_type=2 2 2 2 2 2 2 2 2 2 2 10 2 2
left_child=-1 2 4 6 -2 -6 -3 11 -4 -10 -11 -8 -13 -14
right_child=1 3 8 -5 5 -7 7 -9 9 10 -12 12 13 -15
leaf_value=0.00091221288329292375 -0.0029664262573280901 0.0040502594007705743 -0.0037134865310428206 0.0018275034470575289 0.0064513399224606274 -0.0003561797269957167 -3.4323980879228525e-05 0.0020665195679846911 0.002421280669444882 -0.00087594485016720858 -0.008206497356828997 -0.0051292712233903465 0.00094237764406323947 -0.0045569902008554463
leaf_weight=4791.4111466575414 116.43155772984028 98.274885009974241 1417.5923558324575 1355.0322504863143 201.38308867812157 159.38863727264106 599.93625903874636 229.75668753124774 237.14965683780611 140.73341214098036 102.06199903972447 342.88621989637613 389.21800797432661 248.1701602935791
leaf_count=64240 1608 1425 19485 17986 2559 2216 13710 3147 3272 2031 1351 2905 3019 1848
internal_value=0 -0.000717418 -0.00205262 0.000244375 0.00173237 0.00338878 -0.000861458 -0.00116632 -0.00302888 -0.000897255 -0.00427535 -0.00166954 -0.00262131 -0.00116463
internal_weight=0 5638.02 2374.74 3263.27 477.203 360.772 1908.24 1809.97 1897.54 479.945 242.795 1580.21 980.274 637.388
internal_count=140802 76562 32522 44040 6383 4775 26054 24629 26139 6654 3382 21482 7772 4867
is_linear=0
shrinkage=0.0101079


Tree=15
num_leaves=15
num_cat=0
split_feature=15 13 13 17 27 30 23 23 27 11 13 11 15 29
split_gain=31.5384 45.6884 27.5547 24.2966 23.591 27.2961 30.9248 22.3113 29.7377 24.2269 18.5201 19.074 18.1729 18.0143
threshold=3.7651413679122929 -0.027440039440989491 -0.091416280716657625 83.500000000000014 -0.69930991530418385 -0.56174489110708226 0.74244180321693432 0.51607030630111705 -0.43245348334312433 0.010153822135180237 -0.076528917998075471 0.070127606391906752 12.335570812225344 1.0000000180025095e-35
decision_type=2 2 2 2 2 2 2 2 2 2 2 2 2 2
left_child=2 4 -1 13 -2 6 -6 8 -3 12 -7 -12 -9 -4
right_child=1 7 3 -5 5 10 -8 9 -10 -11 11 -13 -14 -15
leaf_value=0.0057221480065661216 -0.0045257861240389176 -0.0065777278590113727 0.0036059127915592953 -0.00059693512001680979 -0.0061497167573225306 0.0037982880320758675 -0.00031939911890627572 0.0012130144360728253 -0.00066612342427612022 5.8297730127940557e-05 0.00078855086970456645 -0.0027540515318764404 0.0058127716726209394 0.00058532394169774626
leaf_weight=127.48707312904298 283.73097369074821 98.706333110108972 381.50223844498396 633.62331327609718 189.64920122362673 104.49003586731851 207.16225926205516 552.66909163445234 626.09455106593668 5988.3819130696356 345.087257463485 256.58227456361055 109.86511880531907 508.0942953620106
leaf_count=1782 3945 1323 5157 9492 2730 1438 2988 7816 8226 78323 4218 3294 1550 8106
internal_value=0 -0.000231874 0.001288 0.000863744 -0.00191104 -0.00117547 -0.0032695 7.9989e-05 -0.00158664 0.000269307 0 -0.000671301 0.00209372 0.00194549
internal_weight=0 8762.42 1650.71 1523.22 1386.7 1102.97 396.811 7375.72 724.801 6650.92 706.16 601.67 662.534 889.597
internal_count=140388 115851 24537 22755 18613 14668 5718 97238 9549 87689 8950 7512 9366 13263
is_linear=0
shrinkage=0.0101079


Tree=16
num_leaves=15
num_cat=0
split_feature=28 27 29 30 2 14 21 3 0 29 2 33 3 11
split_gain=64.048 66.512 85.5195 59.8037 49.7064 42.2072 37.8769 31.9175 24.9722 25.5715 24.5247 20.5876 19.7469 25.0492
threshold=-0.22706275433301923 -0.14132478833198545 -1.0000000180025095e-35 1.0000000180025095e-35 1.2474496960639956 -14.231884956359862 4.1165053844451913 0.3487707674503327 1.0393570065498354 0.87837970256805431 0.6489514708518983 0.99611112475395214 0.5015249252319337 0.015130911953747274
decision_type=2 2 2 2 2 2 2 2 2 2 2 10 2 2
left_child=-1 2 5 4 7 -2 -7 -3 10 -10 -4 -6 -5 -14
right_child=1 3 8 12 11 6 -8 -9 9 -11 -12 -13 13 -15
leaf_value=0.00087043486572443139 -0.0031675974819041709 -7.0118472408564348e-06 0.0002041300436018541 0.0027273153384825936 -0.0002117400030451144 0.0063962296572380633 0 -0.0029035497680769077 -0.0027544817857717719 0.0019552333213634309 -0.0041125787056258819 0.0047118019661313085 0.0046171913315956239 -0.00073315092121321878
leaf_weight=4716.6864870544523 118.48009466566145 713.04938224330544 129.67696191743016 855.89211318269372 128.31220386922359 196.98921577073634 156.77736796438694 928.53268496133387 286.89205051213503 180.56860808841884 1272.1558539830148 187.42514003813267 101.73232327029109 462.6586087923497
leaf_count=63046 1625 10618 1789 11439 2778 2501 2175 11815 3961 2496 17477 1476 1427 5972
internal_value=0 -0.000719457 -0.00202709 0.000177625 -0.000953441 0.0017411 0.00352931 -0.0016758 -0.00300384 -0.000847806 -0.00368558 0.00262792 0.0017615 0.000209197
internal_weight=0 5719.14 2341.54 3377.6 1957.32 472.247 353.767 1641.58 1869.29 467.461 1401.83 315.737 1420.28 564.391
internal_count=140595 77549 32024 45525 26687 6301 4676 22433 25723 6457 19266 4254 18838 7399
is_linear=0
shrinkage=0.0101079


Tree=17
num_leaves=15
num_cat=0
split_feature=28 27 30 2 27 30 2 11 6 9 9 33 6 14
split_gain=57.4285 62.8242 61.8614 45.4589 27.9529 68.4164 26.998 25.203 24.7024 24.4285 20.6607 20.514 22.64 26.6935
threshold=-0.22706275433301923 -0.20576497167348859 1.0000000180025095e-35 1.428245007991791 -0.91080963611602772 1.0000000180025095e-35 1.2623016238212588 0.018503363244235519 5.8573050498962411 0.30341726541519171 0.17320095747709277 1.0545857548713686 -3.5281977653503414 -13.117477416992186
decision_type=2 2 2 2 2 2 2 2 2 2 2 8 2 2
left_child=11 4 3 10 5 7 -6 -2 -5 -8 -3 12 -1 -14
right_child=1 2 -4 8 6 -7 9 -9 -10 -11 -12 -13 13 -15
leaf_value=0.0019619975767374543 0.005484657539335672 -0.00039647920968831433 0.0017430298359773127 0.0060811455889615423 -0.0014949652111304998 -0.0038777740457887474 -0.005950212183171405 0.00022682161257581263 -6.2724805375063682e-05 -0.00038533819033090521 -0.0026367382055895866 0.0017103847020239163 -0.0036744161033232833 0.00016971019096120919
leaf_weight=654.24817018955946 109.20556222647429 897.85087336041033 1484.5558755714446 123.3781402464956 589.78658372908831 439.05630606040359 413.05543276295066 560.65795162692666 110.50868205726147 120.84730497188866 881.68254162557423 1756.2034867405891 193.5451618283987 2109.0329685360193
leaf_count=5263 1615 12245 19747 1679 7771 6016 5954 7496 1545 1696 11874 39872 1565 16376
internal_value=0 -0.000662738 0.000172672 -0.000967372 -0.00198584 -0.000789434 -0.00311742 0.0011959 0.00310031 -0.00478859 -0.00153561 0.000842245 0.000309877 -0.000146953
internal_weight=0 5730.59 3497.98 2013.42 2232.61 1108.92 1123.69 669.864 233.887 533.903 1779.53 4713.03 2956.83 2302.58
internal_count=140714 77638 47090 27343 30548 15127 15421 9111 3224 7650 24119 63076 23204 17941
is_linear=0
shrinkage=0.0101079


Tree=18
num_leaves=15
num_cat=0
split_feature=28 27 29 30 2 2 9 27 29 33 11 11 4 5
split_gain=54.5733 65.8133 103.712 51.3885 38.2 34.7468 25.2867 22.9599 60.0046 21.4076 22.9689 25.8419 20.6484 20.6019
threshold=-0.22706275433301923 -0.11969653144478797 -1.0000000180025095e-35 1.0000000180025095e-35 1.2396902441978457 1.3124693632125857 0.13858319818973544 -0.91080963611602772 0.87837970256805431 1.0545857548713686 0.029149245470762256 0.14145004004240039 -1.325432240962982 2.1199523210525517
decision_type=2 2 2 2 2 2 2 2 2 8 2 2 2 2
left_child=9 2 5 4 6 -2 -3 8 -4 10 -1 12 -12 -5
right_child=1 3 7 13 -6 -7 -8 -9 -10 -11 11 -13 -14 -15
leaf_value=0.0018150588708500195 0.0052684199830355712 0 -0.003298359872544487 0.0024949242377242725 0.0022722713313460818 -2.6520229865302018e-05 -0.0025111035877173524 -0.0041166732407971291 0.0026442448618519462 0.0016743954680961675 0.0010480785587524792 0.0028617739782147078 -0.0012628732959813263 -9.6862601405465096e-05
leaf_weight=715.60467205941677 200.51363011449575 675.98916857689619 656.79163219407201 986.41619437560439 322.82783981226385 285.23009173385799 960.92126350291073 1008.7613395564258 221.2376228813082 1755.1762178000063 514.27350423485041 231.32857292145491 1471.0529545322061 413.93077112920582
leaf_count=5727 2558 9321 9060 13229 4324 3915 13038 14007 3011 39848 4027 1864 11413 5347
internal_value=0 -0.000679206 -0.00196694 0.000220427 -0.000821355 0.00212482 -0.00146381 -0.00304604 -0.00174539 0.000789938 0.000243776 -0.000249763 -0.000642209 0.00170368
internal_weight=0 5732.62 2372.53 3360.09 1959.74 485.744 1636.91 1886.79 878.029 4687.44 2932.26 2216.66 1985.33 1400.35
internal_count=140689 77810 32551 45259 26683 6473 22359 26078 12071 62879 23031 17304 15440 18576
is_linear=0
shrinkage=0.0101079


Tree=19
num_leaves=15
num_cat=0
split_feature=28 27 29 30 14 14 13 14 27 29 13 13 16 12
split_gain=55.1492 72.1657 77.1923 55.6254 32.7029 37.3425 33.9779 27.8353 22.9611 48.3295 20.4914 17.9402 22.3261 17.8456
threshold=-0.22706275433301923 -0.20576497167348859 -1.0000000180025095e-35 1.0000000180025095e-35 -17.924177169799801 -7.4408791065216056 -0.0029994500800967212 -14.231884956359862 -0.91959547996520985 0.87837970256805431 0.0092410584911704081 0.075124464929103865 0.84808790683746349 0.065733790397644057
decision_type=2 2 2 2 2 2 2 2 2 2 2 2 2 2
left_child=-1 2 7 4 -3 -6 -7 -2 9 -4 -9 12 -8 -14
right_child=1 3 8 -5 5 6 11 10 -10 -11 -12 -13 13 -15
leaf_value=0.00078269737180239319 -0.0025285758404317875 0.0029620936686346818 -0.0031789277430329683 0.001688509226653318 -0.0033112743557196845 0.0041969523790714785 -0.00013232931448509802 0.0064562522192475342 -0.0042177086561344503 0.0022410711631663987 0.00097521788845388176 0.0018680534147659526 -0.0051895757839652591 -8.7389687151481569e-06
leaf_weight=4718.6529273763299 112.53071806021035 190.49232532083988 637.55446992069483 1487.9837295878679 623.61432399787009 144.3682371340692 526.06541965343058 112.74325434491038 916.81945452094078 212.24633711948991 228.31019998528063 177.85697567276657 220.18157339841127 119.54119668528438
leaf_count=63325 1557 3090 8762 19724 9480 2029 6574 1544 12724 2922 2957 2520 2328 1335
internal_value=0 -0.00069272 -0.00211568 0.000203545 -0.000882157 -0.00131937 -0.000225443 0.00152516 -0.00307583 -0.0017701 0.00300491 -0.000901748 -0.00152846 -0.00352339
internal_weight=0 5710.31 2220.2 3490.1 2002.12 1811.63 1188.01 453.584 1766.62 849.801 341.053 1043.65 865.788 339.723
internal_count=140871 77546 30466 47080 27356 24266 14786 6058 24408 11684 4501 12757 10237 3663
is_linear=0
shrinkage=0.0101079


Tree=20
num_leaves=15
num_cat=0
split_feature=28 30 2 13 15 13 17 21 17 22 15 14 29 10
split_gain=54.2809 37.9551 43.7206 25.0805 47.0055 27.3562 24.3569 27.1793 22.0892 26.9135 21.244 40.0276 30.8792 25.3093
threshold=0.41268247365951544 1.0000000180025095e-35 1.0131081938743594 0.016239969059824947 15.567254543304445 0.075124464929103865 16.500000000000004 -1.803350508213043 10.500000000000002 -0.48953703045845026 3.6248812675476079 -10.270184040069578 0.6078576147556306 0.21528929471969607
decision_type=2 2 2 2 2 2 2 2 2 2 2 2 2 2
left_child=10 3 -3 6 -5 -6 -2 -8 -4 -10 13 12 -12 -1
right_child=1 2 8 4 5 -7 7 -9 9 -11 11 -13 -14 -15
leaf_value=0.0026628671529719079 0 0.0016772815775525824 0.0019718709903168317 0.0018275108848343168 -0.004594670815187247 0.00018065797056931456 -0.0022814441915203704 -0.006353495441198594 -0.0042238954428861332 0.00020337696869786719 -0.0024559316570518506 0.00072404293511271018 0.00077212919404012368 -0.00095821244372906072
leaf_weight=841.51171844638884 227.72356000728905 858.73842717893422 117.14226817153394 403.78879909031093 303.88108209148049 175.2415345814079 529.84155273810029 292.33617353625596 360.90512403473258 198.35872026346624 823.64261319302022 4623.8316640034318 446.95292889513075 233.44823085702956
leaf_count=12472 3329 11542 1444 4780 3814 2464 7818 4255 5018 2655 12111 59067 6534 3266
internal_value=0 -0.00101667 0.000145786 -0.00195777 -0.000634882 -0.00278942 -0.00301935 -0.00382324 -0.00173635 -0.0026006 0.000529305 0.000281736 -0.00129089 0.00183786
internal_weight=0 3467.96 1535.14 1932.81 882.911 479.123 1049.9 822.178 676.406 559.264 6969.39 5894.43 1270.6 1074.96
internal_count=140569 47119 20659 26460 11058 6278 15402 12073 9117 7673 93450 77712 18645 15738
is_linear=0
shrinkage=0.0101079


Tree=21
num_leaves=15
num_cat=0
split_feature=28 27 30 2 3 27 30 2 23 18 23 20 33 15
split_gain=61.9733 67.3029 52.3164 45.6903 25.6847 23.9477 61.9853 24.3815 23.196 17.1538 17.0518 26.7851 16.8262 16.0595
threshold=-0.22706275433301923 -0.14132478833198545 1.0000000180025095e-35 1.2474496960639956 0.3487707674503327 -0.91080963611602772 1.0000000180025095e-35 1.3038233518600466 0.76065146923065197 75.500000000000014 0.70750296115875255 -0.060852788388729089 0.99393379688262951 22.584335327148441
decision_type=2 2 2 2 2 2 2 2 2 2 2 2 10 2
left_child=13 5 3 4 9 6 -2 10 -5 -3 11 -7 -11 -1
right_child=1 2 -4 8 -6 7 -8 -9 -10 12 -12 -13 -14 -15
leaf_value=0.00069043309982976247 0.0010082416735604919 0.0011214882026945178 0.0016832540173604537 0.0052991369061396957 -0.0026432258946366741 0.001676385765652873 -0.0038157057987287827 -0.0046700331819732946 0 0.00065570978790173992 -0.0047075508505701226 -0.0026944479898445397 -0.004084430350364549 0.0029920098663474277
leaf_weight=4361.7844865918159 671.17243756167591 443.74203067645431 1427.1388168502599 153.42012417130172 931.44405383989215 241.83876878395677 438.78150174953043 527.84887382946908 165.18127467483282 112.17380129359663 143.23404074646533 312.90886085480452 163.44255218654871 342.39438267424703
leaf_count=57777 9103 6883 18877 2208 11941 3343 5986 7694 2057 2525 1817 4036 1302 5179
internal_value=0 -0.00069303 0.000204872 -0.000848324 -0.00154101 -0.0020124 -0.000875535 -0.00299717 0.00256871 -4.53618e-05 -0.00163784 -0.000720106 -0.00204657 0.000871124
internal_weight=0 5732.33 3396.54 1969.4 1650.8 2335.78 1109.95 1225.83 318.601 719.358 697.982 554.748 275.616 4704.18
internal_count=140728 77772 45793 26916 22651 31979 15089 16890 4265 10710 9196 7379 3827 62956
is_linear=0
shrinkage=0.0101079


Tree=22
num_leaves=15
num_cat=0
split_feature=15 14 3 22 3 23 7 12 6 15 30 11 21 7
split_gain=36.8325 40.4333 39.608 28.5682 26.9457 29.1052 27.7833 22.9859 32.7354 29.4166 21.6337 30.0266 28.9704 28.6781
threshold=3.7651413679122929 -7.3751142024993888 0.64791738986969005 0.2293224632740021 0.57262560725212108 0.86128294467926036 1.1370721459388735 0.063604772090911879 2.4014157056808476 19.023989677429203 -0.56174489110708226 0.023085400462150577 -1.2634780406951902 0.36633418500423437
decision_type=2 2 2 2 2 2 2 2 2 2 2 2 2 2
left_child=2 3 -1 10 7 -6 -7 8 -3 -9 13 12 -12 -2
right_child=1 4 -4 -5 5 6 -8 9 -10 -11 11 -13 -14 -15
leaf_value=0.0030102454235836889 -0.0040224917756619743 0.0015053110757074777 -7.1046718144230779e-05 0.00053341304636316997 -0.001909881622082532 0.0030940243281346105 -0.00026416341706769157 0.0061760731727798007 -0.00086420853369698948 0.00095606464794174069 0.0047030865845191921 -0.0015641533837136468 -0.0011723972278188536 0
leaf_weight=814.66815422475338 645.23877776786685 1466.2285598516464 832.5689019523561 802.16773730143905 885.12379657104611 300.30725909210742 1298.0559265036136 179.94352252595127 971.01695408299565 334.1765638962388 166.22740910947323 1289.5634998846799 147.91537311300635 276.4746241979301
leaf_count=12720 9640 18555 11734 11590 11057 4102 16845 2092 11835 3771 2405 17635 2551 3934
internal_value=0 -0.000207961 0.00143524 -0.00108697 0.000323554 -0.000440445 0.000353276 0.0009796 0.000544961 0.00292432 -0.0016177 -0.000864933 0.00184854 -0.00286602
internal_weight=0 8762.44 1647.24 3327.59 5434.85 2483.49 1598.36 2951.37 2437.25 514.12 2525.42 1603.71 314.143 921.713
internal_count=140466 116012 24454 47755 68257 32004 20947 36253 30390 5863 36165 22591 4956 13574
is_linear=0
shrinkage=0.0101079


Tree=23
num_leaves=15
num_cat=0
split_feature=28 27 29 30 2 2 3 33 11 27 16 6 14 16
split_gain=59.122 62.3269 89.7296 50.3537 43.9369 37.3852 27.0163 20.4713 19.0202 20.2359 19.4033 18.8102 18.7965 21.2377
threshold=-0.20576497167348859 -0.11969653144478797 -1.0000000180025095e-35 1.0000000180025095e-35 1.2474496960639956 1.377259433269501 0.3487707674503327 0.99393379688262951 0.017252267338335518 -0.9686339497566222 0.49815234541893011 4.4978668689727792 -7.1169731616973868 0.84808790683746349
decision_type=2 2 2 2 2 2 2 10 2 2 2 2 2 2
left_child=-1 2 5 4 6 -2 -3 -6 9 -4 -11 -7 -8 -14
right_child=1 3 8 -5 7 11 12 -9 -10 10 -12 -13 13 -15
leaf_value=0.00079950156825092937 0.0049569213782712195 -3.5563825769489719e-05 0.003044357411349197 0.0016227129210532791 -0.00038988413833762836 -0.0028572580311775789 -0.0046287625516194851 0.0045684542075714665 -0.0034296306319190934 0.00052206597455962912 -0.0054630853098998414 0.0024023811373986084 0 -0.0042825139691244742
leaf_weight=4798.7910306528211 212.14186044037342 706.62843580916524 96.111910318955779 1395.6207187287509 124.67460406571627 156.50404546037316 343.23019894957542 186.77905280888081 1578.5063180737197 92.411797536537051 96.59004813246429 107.75910686887801 385.61460385657847 175.85829587653279
leaf_count=64215 2694 10517 1400 18431 2703 2059 5010 1467 21645 1405 1256 1583 4775 1775
internal_value=0 -0.000724339 -0.00198604 0.000155709 -0.000890317 0.00185448 -0.00157833 0.00249487 -0.00299301 -0.000410987 -0.00242403 -0.000556343 -0.00272856 -0.00144929
internal_weight=0 5658.43 2340.03 3318.41 1922.79 476.405 1611.33 311.454 1863.62 285.114 189.002 264.263 904.703 561.473
internal_count=140935 76720 32042 44678 26247 6336 22077 4170 25706 4061 2661 3642 11560 6550
is_linear=0
shrinkage=0.0101079


Tree=24
num_leaves=15
num_cat=0
split_feature=0 11 23 2 16 20 14 30 20 5 21 21 14 11
split_gain=28.9075 31.5504 23.7409 22.345 19.0596 28.5002 24.777 35.3836 23.27 30.6923 22.7372 20.6036 19.7674 20.5085
threshold=0.52537560462951671 0.010153822135180237 2.1918528079986577 0.60268157720565807 0.15698824822902682 -5.0020198822021475 -10.865278244018553 -0.56174489110708226 1.6184650063514712 0.45451286435127264 1.4972842931747439 -3.6342145204544063 -18.130776405334469 0.078186091035604491
decision_type=2 2 2 2 2 2 2 2 2 2 2 2 2 2
left_child=3 -2 4 -1 5 -3 7 -6 9 11 -10 -8 -9 -14
right_child=1 2 -4 -5 6 -7 8 12 10 -11 -12 -13 13 -15
leaf_value=0.00047530645183537022 0.0020007981537001414 -0.00069410947697638411 0.0025515450333368568 -0.0031145459249492628 -0.0034563933264309507 0.0025888682513485741 0.0041263467328323099 0.0027445071939912395 -0.0034954126173244748 0.0021328403894138675 -0.00036442014468660011 -0.00029877023199016516 0 -0.0035301338876661333
leaf_weight=241.27406922355294 854.96169524267316 457.48653212189674 343.01497442647815 502.33882907964289 563.49746450409293 594.92455228976905 105.51844690367579 171.09937837533653 260.86798701807857 918.46090583689511 2536.371117291972 2051.7077216096222 616.8942683506757 219.84738068282604
leaf_count=3511 12154 6567 4600 7620 8541 9265 1359 2648 3419 11562 31772 26540 8391 2929
internal_value=0 0.000155086 -2.04232e-05 -0.00190287 -0.000131214 0.00112882 -0.000315756 -0.00144 -6.59228e-06 0.000592491 -0.000679569 -4.98282e-05 -0.000255217 -0.000935835
internal_weight=0 9694.65 8839.69 743.613 8496.68 1052.41 7444.26 1571.34 5872.93 3075.69 2797.24 2157.23 1007.84 836.742
internal_count=140878 129747 117593 11131 112993 15832 97161 22509 74652 39461 35191 27899 13968 11320
is_linear=0
shrinkage=0.0101079


Tree=25
num_leaves=15
num_cat=0
split_feature=28 3 29 0 16 11 17 33 11 0 3 16 17 15
split_gain=47.5188 61.9164 30.1356 27.277 23.4506 22.9532 23.4611 21.2768 28.9011 33.3087 29.9062 22.0953 18.0041 17.1964
threshold=-0.20576497167348859 0.48402996361255651 -0.60785761475563038 1.4054519534111025 0.15224505960941317 0.010555171407759191 34.500000000000007 1.0545857548713686 0.033241704106330879 0.85406145453453075 0.70945724844932567 0.15698824822902682 46.500000000000007 22.584335327148441
decision_type=2 2 2 2 2 2 2 8 2 2 2 2 2 2
left_child=7 4 -3 5 -2 6 -4 8 10 12 -1 -11 -10 -13
right_child=1 2 3 -5 -6 -7 -8 -9 9 11 -12 13 -14 -15
leaf_value=0.0033583170578669582 0.0036399570288576555 0.0037990781385644394 0.0047060909777431464 0.0016354747102554996 0.0002947890009172069 -0.0022481707779160114 -0.0010763530946532344 0.0016772368266158521 -0.0051967268800061899 0.0030119231210121995 -0.00043350024477076119 -0.00062149823157106848 -0.00032085142352944414 0.0026807049369151291
leaf_weight=515.62531740218401 236.17847832478583 95.345618097111583 91.299677642062306 219.17856445536017 2149.5751568023115 2598.5399231016636 237.16568573005497 1778.5228021666408 192.64059427380562 240.19479743391275 326.31526227295399 1398.6859971061349 158.70924275368452 172.16096749156713
leaf_count=4074 3557 1322 1274 2793 28445 35644 3431 40254 1504 1928 2636 10750 1331 1330
internal_value=0 -0.000569571 -0.00148157 -0.00166325 0.000653418 -0.00192767 0.0004808 0.000799095 0.000262869 -0.000340895 0.00185034 0.000194859 -0.0031607 -0.000222716
internal_weight=0 5627.28 3241.53 3146.18 2385.75 2927.01 328.465 4782.85 3004.33 2162.39 841.941 1811.04 351.35 1570.85
internal_count=140273 76466 44464 43142 32002 40349 4705 63807 23553 16843 6710 14008 2835 12080
is_linear=0
shrinkage=0.0101079


Tree=26
num_leaves=15
num_cat=0
split_feature=28 27 13 13 17 21 33 11 0 3 11 6 21 13
split_gain=46.1503 64.5827 30.7878 31.5945 38.3253 29.352 22.1595 22.5904 31.0406 28.8599 25.8947 24.0677 19.4493 18.9444
threshold=-0.22706275433301923 -0.20576497167348859 -0.026250896044075486 -0.012533939909189938 57.500000000000007 -7.1279938220977774 1.0545857548713686 0.033241704106330879 0.85406145453453075 0.69512012600898754 0.14145004004240039 -0.34612511098384852 -11.575764656066893 0.054793434217572219
decision_type=2 2 2 2 2 2 8 2 2 2 2 2 2 2
left_child=6 2 12 4 -4 -3 7 9 -9 11 13 -1 -2 -10
right_child=1 5 3 -5 -6 -7 -8 8 10 -11 -12 -13 -14 -15
leaf_value=0.0058220208695661333 -0.00066119480866039585 0.0029911096031918064 0.0072123408447329939 -0.0018029178239038607 -0.0011676886554851833 -8.0208253993209198e-05 0.0016187124682406002 -0.0031134172661956205 8.2837200126837702e-05 -0.00061300238430242557 0.0033883186746773439 0.0010828408129748101 -0.0053891582599975623 -0.0034183066061437149
leaf_weight=199.73559615761042 146.2722471691668 343.45569733902812 86.077783316373825 1487.0616659708321 117.80947719328105 3159.8023631963879 1762.1990749817342 344.71437054872513 1405.1448397636414 333.03972391784191 215.68584477901459 298.87074588239193 371.03006467968225 167.76204241067171
leaf_count=1594 2026 4999 1153 20066 1898 42093 39908 2790 10847 2682 1719 2340 5309 1244
internal_value=0 -0.000628199 -0.00198063 -0.00127484 0.00231134 0.000215213 0.000720805 0.000170731 -0.000365425 0.00158513 0.000152627 0.00312045 -0.00415848 -0.000279666
internal_weight=0 5711.51 2208.25 1690.95 203.887 3503.26 4727.15 2964.95 2133.31 831.646 1788.59 498.606 517.302 1572.91
internal_count=140668 77544 30452 23117 3051 47092 63124 23216 16600 6616 13810 3934 7335 12091
is_linear=0
shrinkage=0.0101079


end of trees

feature_importances:
Column_27=34
Column_29=30
Column_30=29
Column_2=26
Column_13=24
Column_11=23
Column_3=21
Column_15=21
Column_28=21
Column_14=19
Column_16=17
Column_23=15
Column_33=15
Column_0=13
Column_12=12
Column_6=11
Column_21=11
Column_7=7
Column_17=7
Column_20=5
Column_5=4
Column_22=4
Column_9=3
Column_4=2
Column_10=2
Column_18=2

parameters:
[boosting: gbdt]
[objective: binary]
[metric: auc]
[tree_learner: serial]
[device_type: cpu]
[data_sample_strategy: bagging]
[data: ]
[valid: ]
[num_iterations: 600]
[learning_rate: 0.0101079]
[num_leaves: 15]
[num_threads: 2]
[seed: 42]
[deterministic: 0]
[force_col_wise: 0]
[force_row_wise: 0]
[histogram_pool_size: -1]
[max_depth: -1]
[min_data_in_leaf: 1280]
[min_sum_hessian_in_leaf: 0.001]
[bagging_fraction: 0.829452]
[pos_bagging_fraction: 1]
[neg_bagging_fraction: 1]
[bagging_freq: 1]
[bagging_seed: 42]
[feature_fraction: 0.727545]
[feature_fraction_bynode: 1]
[feature_fraction_seed: 42]
[extra_trees: 0]
[extra_seed: 12879]
[early_stopping_round: 0]
[early_stopping_min_delta: 0]
[first_metric_only: 0]
[max_delta_step: 0]
[lambda_l1: 4.00664]
[lambda_l2: 7.63247]
[linear_lambda: 0]
[min_gain_to_split: 0]
[drop_rate: 0.1]
[max_drop: 50]
[skip_drop: 0.5]
[xgboost_dart_mode: 0]
[uniform_drop: 0]
[drop_seed: 17869]
[top_rate: 0.2]
[other_rate: 0.1]
[min_data_per_group: 100]
[max_cat_threshold: 32]
[cat_l2: 10]
[cat_smooth: 10]
[max_cat_to_onehot: 4]
[top_k: 20]
[monotone_constraints: ]
[monotone_constraints_method: basic]
[monotone_penalty: 0]
[feature_contri: ]
[forcedsplits_filename: ]
[refit_decay_rate: 0.9]
[cegb_tradeoff: 1]
[cegb_penalty_split: 0]
[cegb_penalty_feature_lazy: ]
[cegb_penalty_feature_coupled: ]
[path_smooth: 0]
[interaction_constraints: ]
[verbosity: -1]
[saved_feature_importance_type: 0]
[use_quantized_grad: 0]
[num_grad_quant_bins: 4]
[quant_train_renew_leaf: 0]
[stochastic_rounding: 1]
[linear_tree: 0]
[max_bin: 255]
[max_bin_by_feature: ]
[min_data_in_bin: 3]
[bin_construct_sample_cnt: 200000]
[data_random_seed: 175]
[is_enable_sparse: 1]
[enable_bundle: 1]
[use_missing: 1]
[zero_as_missing: 0]
[feature_pre_filter: 1]
[pre_partition: 0]
[two_round: 0]
[header: 0]
[label_column: ]
[weight_column: ]
[group_column: ]
[ignore_column: ]
[categorical_feature: ]
[forcedbins_filename: ]
[precise_float_parser: 0]
[parser_config_file: ]
[objective_seed: 16083]
[num_class: 1]
[is_unbalance: 0]
[scale_pos_weight: 1]
[sigmoid: 1]
[boost_from_average: 1]
[reg_sqrt: 0]
[alpha: 0.9]
[fair_c: 1]
[poisson_max_delta_step: 0.7]
[tweedie_variance_power: 1.5]
[lambdarank_truncation_level: 30]
[lambdarank_norm: 1]
[label_gain: ]
[lambdarank_position_bias_regularization: 0]
[eval_at: ]
[multi_error_top_k: 1]
[auc_mu_weights: ]
[num_machines: 1]
[local_listen_port: 12400]
[time_out: 120]
[machine_list_filename: ]
[machines: ]
[gpu_platform_id: -1]
[gpu_device_id: -1]
[gpu_use_dp: 0]
[num_gpu: 1]

end of parameters

pandas_categorical:null
