tree
version=v4
num_class=1
num_tree_per_iteration=1
label_index=0
max_feature_idx=33
objective=binary sigmoid:1
feature_names=Column_0 Column_1 Column_2 Column_3 Column_4 Column_5 Column_6 Column_7 Column_8 Column_9 Column_10 Column_11 Column_12 Column_13 Column_14 Column_15 Column_16 Column_17 Column_18 Column_19 Column_20 Column_21 Column_22 Column_23 Column_24 Column_25 Column_26 Column_27 Column_28 Column_29 Column_30 Column_31 Column_32 Column_33
feature_infos=[0.22403052449226379:4.806818962097168] [0.027025075629353523:26.170040130615234] [0.17134076356887817:8.6935958862304688] [0.087584272027015686:1] [-28.67047119140625:41.262332916259766] [-36.190670013427734:42.326030731201172] [-36.841156005859375:62.500308990478516] [-45.158794403076172:63.120437622070312] [-22.455821990966797:30.680826187133789] [0:0.95389312505722046] [0:0.64536702632904053] [0:0.40022626519203186] [-0.51016271114349365:0.51874518394470215] [-0.15599349141120911:0.22172828018665314] [-46.22015380859375:17.161741256713867] [-8.3726015090942383:64.2962646484375] [0:1] [0:95] [0:95] [-1:1] [-29.775985717773438:44.984848022460938] [-30.525325775146484:55.0223388671875] [-2.8409864902496338:15.253066062927246] [0.049656935036182404:5.4310722351074219] [-1:1] [0:1] [0:1] [-1:1] [-1:1] [-0.78183150291442871:0.97492790222167969] [-0.90096884965896606:1] [0:1] [0:1] [0.8888888955116272:4.5999999046325684]
tree_sizes=8570 8651 8690 8676 8715 8657 8733 8719 8669 8672 8702

Tree=0
num_leaves=79
num_cat=0
split_feature=29 11 22 16 18 13 20 16 15 11 18 13 13 7 15 13 16 18 29 17 15 13 16 6 13 13 17 15 17 17 20 16 15 16 22 7 13 7 13 20 5 7 6 22 6 20 6 5 29 9 20 29 6 13 13 6 15 13 15 16 8 5 7 13 13 29 22 13 15 13 17 13 6 7 5 11 6 4
split_gain=40.9431 31.77 26.5348 38.1838 33.827 32.9145 29.4177 26.7685 25.135 40.1547 24.6523 23.3587 30.2941 23.1075 22.7887 25.9635 21.358 20.4955 19.4861 19.4467 16.4205 20.4111 17.262 15.7181 16.6238 13.8003 16.4606 13.5397 13.368 12.5099 16.7671 12.0522 14.9467 11.6187 10.7726 10.7175 14.1637 10.2109 10.1279 17.5777 14.1663 11.1093 13.8497 14.3327 10.5381 9.90355 9.52162 9.37219 11.0763 9.2383 15.254 12.7253 13.7557 11.9891 11.0961 9.89124 13.1203 9.90208 9.01273 8.44408 8.43141 8.33929 8.32286 8.17087 11.403 16.0861 12.3476 10.7692 24.5747 10.8442 13.0921 10.5693 20.2579 9.26375 9.15099 8.12864 8.07791 7.85755
threshold=-0.60785761475563038 0.017034010030329231 -0.49141287803649897 0.45376971364021307 73.500000000000014 -0.087325319647788988 0.78736498951911937 0.80814239382743847 2.6562331914901738 0.10654027014970781 49.500000000000007 0.064643416553735747 0.078019388020038619 13.21613931655884 10.11048746109009 -0.0077524371445178977 0.78412339091300975 46.500000000000007 -1.0000000180025095e-35 34.500000000000007 21.860967636108402 0.083895564079284682 0.82192230224609386 4.388620376586915 0.046864882111549384 0.048976173624396331 45.500000000000007 12.500528812408449 28.500000000000004 60.500000000000007 2.5074338912963872 0.74199318885803234 8.6325349807739276 0.71387708187103283 -0.024757817387580868 10.143428325653078 0.017472503706812862 -4.5222184658050528 -0.021195940673351284 -0.9006940722465514 -3.4915971755981441 -13.18385601043701 -7.4424493312835684 -0.99877607822418202 1.0515643954277041 -0.9006940722465514 16.729323387146 0.9886893928050996 0.6078576147556306 0.23998024314641955 7.5411992073059091 1.0000000180025095e-35 2.2681161165237431 0.048976173624396331 0.059425994753837592 6.6941213607788095 14.759906291961672 0.031784245744347579 12.145339488983156 0.88962104916572582 1.2699146866798403 -1.3362820744514463 23.747909545898441 -0.078372038900852189 -0.020686997100710865 0.6078576147556306 -0.24665945023298261 0.02294263988733292 12.145339488983156 0.050246020779013641 57.500000000000007 0.028039167635142807 -1.5281952023506162 -14.644967079162596 0.33867850899696356 0.044698942452669151 -3.4428694248199458 0.81223890185356151
decision_type=2 2 2 2 2 2 2 2 2 2 2 2 2 2 2 2 2 2 2 2 2 2 2 2 2 2 2 2 2 2 2 2 2 2 2 2 2 2 2 2 2 2 2 2 2 2 2 2 2 2 2 2 2 2 2 2 2 2 2 2 2 2 2 2 2 2 2 2 2 2 2 2 2 2 2 2 2 2
left_child=33 14 3 5 7 -3 25 18 76 38 -11 13 -13 35 17 34 27 -2 58 -20 22 46 23 63 -25 75 -27 -17 -18 30 45 32 -21 -1 -16 36 37 -8 41 40 -40 -10 -43 -44 -45 -19 -22 48 -31 51 -51 52 -24 -54 55 56 -53 -57 -5 -58 -34 -28 -14 -4 66 67 -65 -66 71 74 -71 -69 -73 -68 -70 -6 -7 -47
right_child=1 2 20 4 6 8 11 -9 9 10 -12 12 62 -15 15 16 28 29 19 31 21 -23 49 24 -26 26 61 -29 -30 47 -32 -33 60 -35 -36 -37 -38 -39 39 -41 -42 42 43 44 -46 77 -48 -49 -50 50 -52 54 53 -55 -56 57 59 -59 -60 -61 -62 -63 -64 64 65 -67 73 68 69 70 -72 72 -74 -75 -76 -77 -78 -79
leaf_value=-0.90236214238357604 -0.87754927876951572 -0.88241342154375979 -0.87891638564877983 -0.87054482912367959 -0.8834116209913212 -0.86610770622682431 -0.88363028133457289 -0.85107510722718138 -0.8708141327561536 -0.85207915333640627 -0.80295351871151344 -0.83535225771038424 -0.88507505748609949 -0.89139936552288246 -0.90477055751653934 -0.87519549005219943 -0.87312366147788156 -0.85876130216608382 -0.87999033320285291 -0.87414531688661512 -0.88476966143326197 -0.86608166339841219 -0.85702395953064436 -0.88120035174477207 -0.86118695008521995 -0.89582377607715902 -0.8501268920831816 -0.90071839052404823 -0.84317240661627524 -0.83295559428507682 -0.85197208265983726 -0.87624079459252224 -0.8458877255626015 -0.87280291581584935 -0.87811774910954832 -0.85668394253959934 -0.88622304497828741 -0.86024151452949116 -0.87358087309345123 -0.88238649941658909 -0.84504474137253582 -0.87262221563289732 -0.83023106222947662 -0.84568471983460647 -0.86446440601866958 -0.88543124064237477 -0.86848434997638213 -0.86851163610352777 -0.86520151822668889 -0.85635687149658268 -0.87615838720344141 -0.84404394406003413 -0.87272869708905942 -0.89628374552091861 -0.84715335763563537 -0.88852540378782019 -0.880741454870963 -0.86587924186209819 -0.8971132938104267 -0.85679637530210351 -0.86908140969987069 -0.87621494779496845 -0.8601360163170757 -0.85871148735180469 -0.87780910461740635 -0.86684021294871016 -0.87559044839264177 -0.87302142250629011 -0.89332124540921298 -0.85626262662243047 -0.8828968624301361 -0.86536129068806744 -0.82890775703580832 -0.86562351986758002 -0.87054482912367959 -0.90456434825498455 -0.88872647099236901 -0.8648274002359807
leaf_weight=99.733353326097131 641.32689704746008 101.32476803474128 191.56084955483675 45.008351918309927 96.036523470655084 135.74116890132427 46.454504968598485 278.94493441842496 56.011988237500191 48.077471412718296 48.642789330333471 79.362655667588115 49.178479876369238 122.46327800489962 126.40308160893619 124.76842281408608 68.153337299823761 47.763720626011491 116.85979814454913 62.613911736756563 424.13860763981938 237.81690976768732 53.189112095162272 501.343958677724 97.461239824071527 45.712363969534636 44.05921945348382 68.230248937383294 47.729749647900462 52.597672522068024 72.358509400859475 63.366856956854463 190.22755210474133 43.305403850972652 51.73963319323957 101.59312479384243 110.25151191465557 148.16206845268607 52.594689764082432 73.29162622988224 89.393703503534198 45.569020546972752 82.97173591144383 170.66553793102503 113.1696043163538 159.47413105890155 82.495203712955117 76.350898304954171 45.107426537200809 410.74215658195317 93.429951198399067 63.709694322198629 121.59374532289803 72.553114065900445 68.306752849370241 64.46949097327888 60.156288420781493 87.267519634217024 57.240446429699659 53.24108330719173 44.998046673834324 46.303061746060848 52.523673420771956 352.98528896085918 809.37685565650463 952.38654914870858 276.55401750467718 51.545409703627229 100.95434196852148 79.513914277777076 65.207445882260799 81.670860001817346 52.940787689760327 595.79290500283241 54.253733895719051 86.61903490871191 38.27145167440176 43.592776846140623
leaf_count=1214 7925 1467 2701 532 1158 1998 506 2916 801 545 521 747 474 1308 1295 1436 860 637 1365 744 4604 3062 559 6218 1167 534 560 893 546 750 971 717 2244 518 686 1068 1267 1722 638 1078 1301 568 976 1982 1348 2125 1308 1083 563 4230 1120 679 1323 691 700 712 649 876 680 581 540 586 614 4519 9815 11410 3880 545 1246 847 907 984 639 7513 680 1002 599 583
internal_value=-0.870545 -0.869912 -0.868861 -0.865314 -0.869223 -0.858402 -0.874748 -0.862564 -0.855762 -0.852292 -0.825151 -0.869643 -0.855681 -0.874409 -0.875751 -0.883952 -0.875651 -0.872165 -0.868268 -0.864325 -0.870552 -0.876872 -0.869688 -0.871011 -0.877821 -0.886136 -0.874551 -0.884904 -0.860682 -0.865317 -0.870545 -0.859075 -0.855233 -0.894056 -0.897641 -0.869252 -0.87341 -0.866224 -0.856449 -0.865085 -0.855738 -0.852665 -0.850105 -0.847184 -0.852811 -0.876247 -0.882027 -0.855643 -0.846551 -0.864748 -0.860138 -0.868473 -0.876402 -0.882126 -0.863403 -0.867171 -0.859895 -0.875407 -0.885773 -0.869827 -0.85002 -0.863678 -0.87183 -0.869905 -0.869385 -0.87129 -0.865858 -0.8746 -0.869341 -0.877263 -0.868601 -0.856452 -0.849869 -0.868848 -0.885489 -0.894229 -0.871111 -0.880747
internal_weight=0 10726 9100.36 2943.7 1887.98 1055.73 1028.72 859.26 954.401 780.388 96.7203 709.989 181.065 528.924 1625.6 487.024 308.882 1138.57 580.315 478.066 6156.66 744.451 5412.21 4263.55 598.805 318.73 136.075 192.999 115.883 497.245 323.189 361.206 297.84 143.039 178.143 406.461 304.868 194.617 683.668 215.28 141.988 468.388 412.376 366.807 283.835 250.831 506.634 174.056 97.7051 1148.66 504.172 644.487 247.336 194.147 397.151 328.844 177.107 151.737 102.249 113.397 235.226 90.3623 101.702 3664.74 3473.18 2247.85 1225.33 1295.46 486.086 299.929 144.721 186.157 134.612 872.347 155.208 182.656 174.013 203.067
internal_count=131356 129624 109271 35106 21284 13822 11546 9738 12355 9758 1066 7706 1835 5871 20353 5716 3735 14637 6822 5610 74165 8974 65191 53071 7385 3840 1680 2329 1406 6712 4316 4245 3528 1732 1981 4563 3495 2228 8692 3017 1939 5675 4874 4306 3330 3345 5912 2396 1313 12120 5350 6770 2573 2014 4197 3497 1909 1588 1212 1230 2784 1146 1088 45686 42985 27073 15912 15663 5848 3680 1754 2168 1623 11393 1926 2160 2597 2708
is_linear=0
shrinkage=1


Tree=1
num_leaves=79
num_cat=0
split_feature=28 21 16 20 12 16 21 16 20 20 2 16 28 10 17 22 17 33 17 4 7 20 20 28 22 12 28 2 28 21 8 21 18 22 22 16 2 21 10 16 18 10 6 12 2 12 12 17 7 21 7 22 20 2 7 20 7 20 18 2 2 2 12 7 1 16 6 2 16 28 1 7 21 28 16 7 22 28
split_gain=49.9396 25.3407 49.2134 30.5579 27.9249 24.2772 32.1541 20.999 30.066 25.5106 20.7132 26.5197 19.3643 30.236 18.0026 17.5204 16.9174 16.4172 16.3713 13.978 13.9316 13.6132 13.5938 12.6486 20.4058 11.4502 14.7916 11.3584 12.4769 24.3 15.2266 19.8967 11.3798 11.3216 11.2576 13.8068 22.5821 15.8196 11.9599 15.5851 17.2206 11.2522 11.2066 10.9113 10.8706 10.7917 15.3122 20.5242 17.3114 10.393 10.254 12.8065 10.9882 9.64973 9.63271 14.1754 9.97296 10.6741 15.0615 10.3569 9.58203 9.28867 24.789 9.25625 9.0006 8.73063 14.216 8.6894 22.9902 15.4466 12.0042 9.92946 8.47017 8.09021 7.90771 10.7227 8.25492 11.2068
threshold=0.24825246632099154 -0.69078540802001942 0.79415616393089306 -1.7326918244361875 0.064232476055622115 0.89818727970123302 10.073600292205812 0.21679066866636279 -0.15633553266525266 3.2362145185470585 1.3802981972694399 0.9713244140148164 -0.92794367671012867 0.028821243904531006 52.500000000000007 -0.40061351656913752 61.500000000000007 3.3999999761581425 26.500000000000004 0.85311889648437511 -2.2682480812072749 0.78736498951911937 -3.2008705139160152 0.8491516411304475 -0.80783316493034352 -0.028609056957066056 0.6835516393184663 1.0901357531547549 -0.47136868536472315 16.374689102172855 3.1267968416213994 -3.8039672374725337 41.500000000000007 -0.51783218979835499 0.11962223425507547 0.34932753443717962 0.55389314889907848 -2.4149883985519405 0.057863384485244758 0.26288694143295294 68.500000000000014 0.076934590935707106 -4.6256835460662833 0.02639583591371775 1.9071006774902346 0.13194963335990909 0.047587582841515548 52.500000000000007 -7.7823588848114005 3.69671642780304 2.5058439970016484 -0.35889291763305659 0.060243722051382072 1.7275920510292055 2.2614827156066899 1.5229783654212954 19.160627365112308 3.9259455204010014 70.500000000000014 1.5082235336303713 0.79880532622337352 0.60762071609497081 0.015352021902799608 4.0273141860961923 1.0576975941658022 0.44496920704841619 0.060264766216278083 1.0077989697456362 0.61478894948959362 0.94331136345863353 0.5182594656944276 2.2614827156066899 1.7940735816955569 -0.032717135734856122 0.30120943486690527 -9.8754930496215803 0.09058126807212831 -0.58244305849075306
decision_type=2 2 2 2 2 2 2 2 2 2 2 2 2 2 2 2 2 8 2 2 2 2 2 2 2 2 2 2 2 2 2 2 2 2 2 2 2 2 2 2 2 2 2 2 2 2 2 2 2 2 2 2 2 2 2 2 2 2 2 2 2 2 2 2 2 2 2 2 2 2 2 2 2 2 2 2 2 2
left_child=12 7 3 41 5 14 18 8 16 22 15 17 13 49 43 -6 -2 19 -7 -12 72 25 -9 24 -18 26 -22 42 -29 30 31 32 44 -25 35 37 -37 38 -24 -40 -41 -3 -14 -4 -30 46 47 48 -15 -1 52 -52 -27 64 -33 -56 57 58 -57 -59 -45 62 -23 -50 -48 -38 -67 69 -69 70 -63 -70 -5 -46 76 -76 77 -44
right_child=1 2 4 20 10 6 -8 9 -10 -11 11 -13 27 45 -16 -17 23 -19 -20 -21 21 61 34 33 -26 50 -28 28 29 -31 -32 54 -34 -35 -36 36 65 -39 39 40 -42 -43 74 60 73 -47 53 -49 63 -51 51 -53 -54 -55 55 56 -58 59 -60 -61 -62 67 -64 -65 -66 66 -68 68 71 -71 -72 -73 -74 -75 75 -77 -78 -79
leaf_value=0.0022770087587624219 -0.011546747286595788 0.0019128243138399328 -0.014284300509768647 -0.011887406695496578 -0.022978041360998871 0.042183133203515306 0.00011455667328854238 -0.0024230468903737703 -0.023548517780642795 -0.018467124735632695 0.027061839477985145 -0.020818594225883603 -0.0088770073380450114 0.020354725356884134 0.016766104801481694 0.0061996236781698697 0.034637785998431737 -0.0034014651764470408 0.013728991070358526 0.0019009083218077406 0.022529005573889319 -0.010506912769355911 0.0050082044771796895 -0.011031629572187595 0.0070360777336415997 0.010821730678309804 -0.0097493819377521065 4.190589667611905e-05 -0.0092560194031418158 0.023101814286099389 -0.022804012439346748 -0.017726930210050212 0.017919280958566618 0.01079590182248889 -0.00026894396983138518 0.048637840814186539 0.024948290096555081 -0.004541872140688929 0.038283624363330541 -0.0036777033794364289 0.030665195937010749 0.025124879644456442 0.027037847263067145 0.017355461408916726 -0.00079569769554289742 0.010156066293135315 -0.030268738583347939 -0.014000809213404674 -0.012614700057863177 0.026263601637073315 -0.022625309538774098 -0.0011018657030907287 -0.017131090263921112 0 0.0038271696724105908 0 -0.024592858663126122 -0.017022879776163572 -0.029392034259818126 0.0047029592827867485 -0.007971836302608816 -0.019807321312487546 0.0347897768409152 0.0038659964115238294 -0.012409294981899322 0.022939896642542052 -0.0061983695715111427 0.028839897648887357 -0.020611693019962855 -0.029924861144890309 0.01036299360395467 0.0018693184556644825 -0.035112675712080092 0.019886034044262448 -0.015945901056348136 0.0014617869854457693 -0.0019812551985840306 0.005197703796511092
leaf_weight=187.02644241787493 93.216053318232298 104.41084229946136 93.67276419326663 139.76699234172702 114.46999242901802 138.30942754819989 91.22489438764751 87.421781308948994 79.840477608144283 47.830052519217134 136.82117954641581 58.087635530158877 213.83996329270303 69.843605257570744 167.19194595329463 60.618725208565593 77.277570897713304 97.275139831006527 75.372758943587542 74.92380565404892 43.073211845010519 43.300717581063509 134.6232775952667 93.124211754649878 203.96072394400835 62.807658022269607 72.195671143010259 1225.7420149818063 163.56523790583014 51.699997890740633 118.95607689581811 228.03536877036095 76.332983415573835 95.205906415358186 75.881078239530325 63.365535449236631 170.04045465774834 93.128354370594025 81.644213635474443 64.851334318518639 48.06366123072803 77.216772591695189 76.786713998764753 65.095147289335728 89.683611758053303 45.658498236909509 154.21553395874798 439.20286664925516 136.95070565491915 44.856726257130504 243.03847815655172 81.223154954612255 46.922504195943475 48.509969335049391 183.88521243073046 62.430223487317562 87.597968865185976 57.128383127972484 79.914128188043833 168.38603906333447 49.443512937054038 38.741369048133492 47.47552221827209 131.52944371849298 126.76132859662175 63.52272498421371 64.272865954786539 50.469410125166178 52.477489599958062 52.748836694285274 70.569754457101226 131.18641457147896 48.202823037281632 59.588878208771348 71.639792963862419 1946.5388217438012 99.503408841788769 147.07575769722462
leaf_count=2329 1213 1174 1034 1762 1074 1209 1021 950 1334 493 1046 600 2701 892 1899 565 1049 2221 695 542 524 559 1684 1328 2738 787 902 14829 1991 728 1541 2703 921 1303 878 815 2164 1259 1009 716 616 1064 1096 668 1103 539 1755 5421 1690 440 2935 909 610 541 2117 757 868 601 963 1893 551 564 558 1704 1433 725 678 754 519 642 983 1692 492 713 955 22748 1549 2192
internal_value=0 0.00382702 0.00103614 -0.00473795 0.0077095 0.0138154 0.023321 0.00826382 0.00175193 0.0123978 0 0.00613015 -0.00248369 -0.00726152 0.00579833 -0.012693 0.00557112 0.0115571 0.0328163 0.0185894 -0.00735 -0.00517566 0.014081 0.00914254 0.0151787 -0.0100574 0.00226185 -0.00119953 -0.0032852 -0.00616869 -0.00736937 -0.00580033 0.00262449 0 0.0158198 0.0174333 0.0240928 0.0114467 0.0161165 0.0232962 0.0110841 0.0123794 0.000948496 -0.00293207 -0.00113643 -0.0102889 -0.0112103 -0.00755829 0.000730009 0.00749819 -0.0134313 -0.0174633 -0.00088864 -0.019484 -0.0096309 -0.00657324 -0.0108751 -0.00724314 -0.0168213 -0.000793236 0.00611306 0.000269025 0.0131468 -0.00442485 -0.022676 0.0181218 0.00817731 -0.00266375 0.00277209 -0.0106857 -0.00022797 -0.00460299 -0.0187175 0.00745208 0.0018805 0.000788775 0.0084503 0.0132534
internal_weight=0 4265.6 2628.33 1405.83 1222.51 680.31 304.907 1637.27 642.625 994.645 542.196 367.108 6592.89 1384.56 375.403 175.089 562.784 309.02 213.682 211.745 1224.2 1036.23 946.815 469.568 281.238 549.261 115.269 5208.33 2652.95 1427.2 1375.5 1256.55 389.171 188.33 859.394 783.512 361.202 422.311 329.182 194.559 112.915 181.628 2555.38 208.211 312.838 1152.67 1107.01 777.527 338.324 231.883 433.992 324.262 109.73 329.487 867.377 639.342 455.457 367.859 142.344 225.514 114.539 486.97 90.7762 268.48 280.977 297.836 127.796 396.193 234.133 162.06 109.311 183.664 187.97 149.272 2341.54 2018.18 323.366 223.862
internal_count=131220 51507 30555 17430 13125 7077 2925 20952 8965 11987 6048 4409 79713 16744 4152 1639 7631 3809 1904 1588 15192 12938 11494 6418 3787 6667 1426 62969 31728 16899 16171 14630 4728 2631 10544 9666 4382 5284 4025 2341 1332 2238 31241 2253 3807 13975 13436 9707 4286 2769 5241 3844 1397 3729 9902 7199 5082 4214 1720 2494 1219 6271 1117 3394 3188 3567 1403 5154 2965 2189 1547 2211 2254 1816 28540 23703 4837 3288
is_linear=0
shrinkage=0.0454652


Tree=2
num_leaves=79
num_cat=0
split_feature=29 23 11 3 14 11 16 14 11 14 14 11 23 20 4 11 18 3 16 16 18 14 0 10 29 16 18 3 29 14 18 14 3 14 9 10 14 3 18 3 11 9 29 23 18 3 3 20 9 14 17 29 3 20 9 14 20 16 20 14 11 11 14 14 14 20 5 16 3 11 17 9 1 14 3 8 0 5
split_gain=43.8073 34.7781 33.3721 23.3882 29.8422 40.3072 21.7885 20.8013 20.2323 21.6596 18.8743 17.4732 16.5385 18.9605 15.5745 14.7977 14.1707 17.4336 26.3396 27.9532 24.7339 22.5543 20.2736 18.7411 21.3318 21.1692 23.2427 18.5522 27.1253 19.327 20.4375 17 18.2848 13.9996 14.5404 13.8258 16.6899 13.4784 13.4773 14.8014 32.0705 15.6937 15.4381 12.9658 12.9237 12.2952 11.8455 15.5196 14.1113 11.728 11.6279 12.9957 11.7306 11.7529 11.9337 14.7855 26.2469 11.1677 15.5699 21.4494 11.002 10.7698 13.7225 10.7541 17.2212 10.6051 15.7445 10.5643 10.5175 12.1841 9.97135 9.86218 9.69469 9.5651 9.31354 9.29606 8.85691 8.80023
threshold=-0.60785761475563038 0.55967646837234508 0.0098392590880393999 0.22475872188806537 -7.8508772850036612 0.073861956596374526 0.15464979410171512 -7.1848340034484854 0.014035767409950497 -5.218878746032714 -3.9368017911911006 0.093167942017316832 1.1094545125961306 -6.9528012275695792 1.7387630343437197 0.1294999569654465 88.500000000000014 0.83408325910568248 0.83133530616760265 0.66835525631904613 24.500000000000004 -9.4772787094116193 0.93163704872131359 0.10031773522496225 0.87837970256805431 0.21241487562656405 32.500000000000007 0.47735372185707098 0.87837970256805431 -0.77902567386627186 67.500000000000014 -2.8975995779037471 0.32499541342258459 -16.078873634338375 0.30688908696174627 0.10667139664292337 -11.130266666412352 0.36229579150676733 33.500000000000007 0.35597370564937597 0.10081018507480623 0.36848908662796026 1.0000000180025095e-35 0.75137722492218029 76.500000000000014 0.60119980573654186 0.43561398983001715 0.54032209515571605 0.1056838668882847 -5.165829896926879 85.500000000000014 1.0000000180025095e-35 0.90607535839080822 -2.8073734045028682 0.37209643423557287 -1.7422764897346494 5.7416071891784677 0.25441947579383856 0.66563576459884655 -10.415178775787352 0.080223400145769133 0.036095947027206428 -4.9365506172180167 -7.8508772850036612 -11.226890563964842 -0.56456312537193287 -0.56779313087463368 0.8597249984741212 0.94474351406097423 0.054631272330880172 56.500000000000007 0.13373504579067233 0.58824026584625255 -6.0686569213867179 0.60119980573654186 -0.19760394096374509 0.61205345392227184 -1.9126933217048643
decision_type=2 2 2 2 2 2 2 2 2 2 2 2 2 2 2 2 2 2 2 2 2 2 2 2 2 2 2 2 2 2 2 2 2 2 2 2 2 2 2 2 2 2 2 2 2 2 2 2 2 2 2 2 2 2 2 2 2 2 2 2 2 2 2 2 2 2 2 2 2 2 2 2 2 2 2 2 2 2
left_child=73 3 7 70 6 8 75 35 49 44 -7 -12 13 -4 -9 -13 17 18 19 23 -20 68 -23 24 38 -26 -27 28 67 30 -29 32 60 -18 76 -3 -37 71 -15 40 42 46 -40 -34 -10 61 -41 63 -49 -6 51 77 53 -53 55 -55 -57 -39 74 -60 -21 -45 -63 64 -48 66 72 -22 69 -19 -2 -8 -25 -1 -59 -5 -35 -14
right_child=1 2 12 4 5 10 37 14 9 -11 11 15 50 16 -16 -17 33 21 20 31 27 22 -24 65 25 26 -28 29 -30 -31 -32 -33 43 34 -36 36 -38 57 39 41 -42 -43 -44 45 -46 -47 47 48 -50 -51 -52 52 -54 54 -56 56 -58 58 59 -61 -62 62 -64 -65 -66 -67 -68 -69 -70 -71 -72 -73 -74 -75 -76 -77 -78 -79
leaf_value=-0.033806900638498734 -0.025292373282514075 -0.0082769290545141629 0.023849520355539569 0.01252394206789053 -0.0043967145813004786 -0.0025152856595201832 -0.0054525490763603851 -0.021397487896758247 0.014092995179902318 -0.023352766157912045 0.044432142054703992 0 0 0.0018616961283735149 -0.00010407248023001383 0.026969833743047705 0.019396816495519671 0.013131831026725795 0.032394229585266651 0.013888964479575286 0.011272570848771294 0.013052956275892163 -0.011440138569040297 0.0070886882477669026 -0.031059064597544251 0.015667329071972404 -0.011696672241980484 0.035922235694319148 0.023178849065431512 -0.002004234859183543 0.0085633639806958761 0.016834032724997769 -0.025133008041151206 0.011599911382937813 0.0059385095294651928 -0.006702574219207994 0.023370081409348584 0.041521819957271333 -0.024296628613820564 0.03209702225900013 0.026938166580977276 -0.0061986361161715667 0.0049201715854395138 -0.018314778442136519 -0.012820633366548201 -0.022688680227171503 0.031601820137761139 -0.013773483539294213 0.013241707099562352 0.023895270536960396 -0.0098070252613850287 0.011766922018583231 -0.0072554277797723041 0.00025350311751789188 -0.010194478566356109 0.035522391541742325 -0.0027247198265339017 0.020382078778620649 0.014140364355363644 0.055085658907858652 -0.0072333558217149482 -0.010800261571788221 0.013592456729888755 0.036284821299634736 -0.0013016851298648161 -0.011500058014333635 0.016010597158795801 -0.0090663179421187467 0.0085911473708104955 0.046273701090232641 0.0020905567475179693 0.01868759411339245 -0.0063628540990610938 -0.0074441819400729945 -0.0019538727816426154 -0.015975713367178346 -0.0077299979339075795 -0.0093278768527717756
leaf_weight=87.465912789106369 56.553891699761152 242.29960977844894 75.330085199326277 36.673918630927801 54.286921579390764 81.226948285475373 59.199689649045467 310.77136106602848 70.64891429245472 164.92996396310627 54.386705925688148 77.706860089674592 336.85008977912366 479.45133728906512 97.705509655177593 80.53241883777082 50.613609122112393 51.854746054857969 79.020890148356557 84.940891250967979 58.24364872276783 157.62118920311332 117.79044615849853 139.82182720303535 50.643159793689847 108.8364263959229 144.48517695069313 103.14955828338861 79.383777970448136 105.33867765776813 139.63511779904366 48.386812398210168 159.75507939979434 46.429675471037626 231.92653722688556 66.121755821630359 76.567307446151972 76.517188230529428 75.787502516061068 107.26713741570711 64.376900808885694 54.442307136952877 63.837321911007166 68.054809270426631 68.37946168705821 94.717143423855305 52.990442760288715 58.150871308520436 104.69289495423436 55.884934548288584 386.80629959702492 253.24257854931056 270.92181055247784 697.84016826376319 164.01069997064769 68.87688821554184 69.935364743694663 70.547737814486027 71.334538895636797 47.688610196113586 113.21837005577981 83.072802031412721 99.473301159217954 74.546710424125195 70.570617971941829 224.55146483518183 101.11138102971017 301.83535328507423 77.093674160540104 57.640226321294904 43.68692809715867 69.958223428577185 450.37179448083043 53.280476367101073 71.230341617017984 50.267605349421501 866.42571868002415 535.23079332523048
leaf_count=1141 817 3277 1022 576 669 972 755 3716 928 1905 566 738 3749 6257 1251 762 797 601 883 1225 662 2014 1472 1962 761 1275 1796 1000 911 988 1463 519 1720 658 2555 849 917 929 891 1365 906 646 987 755 880 1037 695 689 1256 666 4879 3195 3834 8151 1835 616 668 873 770 561 1614 957 997 845 870 2814 1262 3231 1138 625 728 944 5739 583 1019 828 9737 6316
internal_value=0 0.000515174 -0.000469239 0.00729469 0.00900554 0.00271047 0.0168924 -0.00936657 -0.00632791 -0.0124099 0.0155242 0.0225582 0.000353816 0.00174571 -0.0164739 0.0138106 0.00142826 0.00260121 0.00162564 -0.000278859 0.00863337 0.0109472 0.00238891 0.00208061 0.00519925 -0.00541604 0 0.00603289 -8.72247e-05 0.0138087 0.0207868 -0.00792892 -0.00978913 -0.00294644 -0.00404221 -0.00160643 0.00930346 0.020774 0.00792408 0.0118245 0.00114278 0.0158599 -0.010839 -0.014361 0.000526883 -0.00900227 0.0185595 0.0140886 0.00320148 0.00986878 -0.00251554 -0.00130386 0.00120234 0.00308615 0.000801807 0.00305451 0.0163846 0.0255908 0.0201643 0.0322256 0.00167719 -0.00335685 0.00223706 0.0225511 0.012987 -0.0030087 -0.000129005 -0.00555295 0.0230018 0.0320447 -0.0132762 0.0074289 -0.00306716 -0.0246554 0.00908548 -0.00339548 -0.00664634 -0.00572678
internal_weight=0 10715.7 9354.07 1361.64 1261.4 707.983 553.418 793.466 414.13 303.958 293.853 212.626 8560.6 5776.89 408.477 158.239 5701.56 4506.16 4044.16 3177.55 866.607 462 275.412 2425.94 1510.08 303.965 253.322 787.586 439.463 348.123 242.785 751.619 703.232 1195.4 1144.78 384.989 142.689 466.476 1206.11 726.663 204.002 522.661 139.625 505.073 139.028 345.318 468.219 360.952 162.844 110.172 2783.71 2396.91 1524.83 1253.91 1000.66 836.652 138.812 337.318 260.801 119.023 198.159 250.601 182.546 198.108 123.561 915.856 691.305 360.079 186.589 109.495 100.241 129.158 590.194 140.746 141.778 86.9415 912.855 872.081
internal_count=131460 129736 112850 16886 15341 8086 7255 10010 5048 3713 3038 2066 102840 69597 4967 1500 68575 54828 48978 39840 9138 5850 3486 31016 19239 3832 3071 8255 4804 3451 2463 8824 8305 13747 12950 5043 1766 5851 15407 9150 2784 6366 1878 5466 1808 3746 5720 4355 1945 1335 33243 28364 18299 14465 11270 9435 1284 4152 3223 1331 2839 2709 1954 2410 1565 11777 8963 3893 2364 1226 1545 1699 7701 1724 1892 1404 10395 10065
is_linear=0
shrinkage=0.0454652


Tree=3
num_leaves=79
num_cat=0
split_feature=28 29 27 6 7 27 21 7 7 8 21 0 7 27 27 7 10 12 27 18 20 29 27 18 7 20 4 7 21 10 29 27 20 21 29 20 20 17 4 17 20 18 22 27 4 20 0 17 12 22 28 27 20 22 18 27 0 10 21 20 12 17 0 8 0 6 7 20 22 27 0 7 12 12 17 0 27 29
split_gain=57.4324 51.0097 38.9887 30.9665 21.7915 33.4428 24.7882 33.6951 57.5994 21.233 19.7811 30.9085 39.107 20.3922 20.254 27.0498 19.2572 21.9796 16.8653 15.909 19.0114 15.0471 18.2164 15.0073 15.1105 18.3005 15.9794 14.9087 16.1288 14.8583 13.8129 13.6096 24.9501 14.4054 13.8175 15.816 13.3735 13.3456 13.2436 13.1511 12.8501 12.2007 12.4624 11.7141 13.904 11.3563 10.9694 11.7974 17.5304 10.8821 10.8365 10.543 13.8915 14.9938 10.3682 10.3128 15.5704 15.8925 15.2569 20.3645 19.0357 20.0133 13.7162 10.1947 10.1819 10.1449 10.0683 9.78425 9.73947 9.65493 9.49047 9.40638 9.06121 12.1984 13.3877 15.1874 14.8861 11.2905
threshold=0.24825246632099154 -0.60785761475563038 0.43245348334312445 -1.9794682860374448 9.6629843711853045 0.076279435306787505 11.85458564758301 17.072178840637211 12.709381103515627 -0.60423776507377613 -0.49727348983287806 0.78045272827148449 0.12484553456306459 0.82531082630157482 0.24825246632099154 -9.5214905738830549 0.10031773522496225 -0.059071838855743401 -0.74455857276916493 44.500000000000007 0.42149530351161962 0.87837970256805431 0.74455857276916515 91.500000000000014 5.8648712635040292 -0.86609923839569081 0.62074705958366405 8.0715742111206072 3.9308407306671147 0.26827464997768408 -1.0000000180025095e-35 -0.52803644537925709 0.3023024201393128 -7.8288598060607901 1.0000000180025095e-35 -1.7326918244361875 -4.5025877952575675 43.500000000000007 1.5078932642936709 13.500000000000002 0.91218683123588573 81.500000000000014 -0.49141287803649897 0.58244305849075328 2.2729949951171879 1.8742841482162478 1.0764805078506472 18.500000000000004 0.03953149542212487 -1.1885214447975156 0.89194178581237804 -0.71473535895347584 0.66563576459884655 -0.93129128217697132 16.500000000000004 0.94331136345863353 0.62431547045707714 0.031599747017025955 1.2098017334938052 1.2551612257957461 -0.014929973054677246 32.500000000000007 0.71397894620895397 0.22664233297109607 0.89614212512969982 3.533414483070374 18.87754058837891 2.8803055286407475 -0.49141287803649897 0.60003554821014415 0.66783475875854503 -4.120532512664794 -0.061807267367839806 0.029099162667989734 50.500000000000007 0.88400620222091686 -0.91080963611602772 -1.0000000180025095e-35
decision_type=2 2 2 2 2 2 2 2 2 2 2 2 2 2 2 2 2 2 2 2 2 2 2 2 2 2 2 2 2 2 2 2 2 2 2 2 2 2 2 2 2 2 2 2 2 2 2 2 2 2 2 2 2 2 2 2 2 2 2 2 2 2 2 2 2 2 2 2 2 2 2 2 2 2 2 2 2 2
left_child=2 -2 23 31 10 6 7 8 40 -8 14 13 -13 -12 51 37 17 -4 -10 20 -7 27 -23 24 25 30 -27 28 67 -25 -1 32 34 50 -3 -36 -35 -16 -24 66 -6 42 -14 44 -21 -41 47 -45 -49 -38 54 -5 63 -54 -33 58 -57 -58 59 -19 -60 -62 -59 -53 -51 71 -29 70 -52 -43 -18 -17 -26 74 75 -74 -76 -75
right_child=1 3 16 4 5 19 9 -9 18 -11 11 12 41 -15 15 65 21 55 -20 43 -22 22 38 29 72 26 -28 39 -30 -31 -32 33 -34 36 35 -37 49 -39 -40 45 -42 69 -44 46 -46 -47 -48 48 -50 64 68 52 53 -55 -56 56 57 62 60 -61 61 -63 -64 -65 -66 -67 -68 -69 -70 -71 -72 -73 73 77 76 -77 -78 -79
leaf_value=-0.01181692821150197 -0.022463167874463678 0.031213481305937141 -0.022418090662095529 -0.00026201364279473564 0.010950963880568636 -0.006354326163031279 0.019926350159310487 0.039969987646465636 0.0086964267446957271 -0.016217719481810611 -0.014127985844734981 -0.018503080875328943 0.021016615432132183 0.0055769591389571299 -0.021754843749246959 0.014350082767026869 0.015194038750675029 0.011469604984444407 -0.022554101463291103 -0.0028182342452773251 0.026623117323408326 -0.011465516954992863 0.027278747237463381 -0.016097324828304744 -0.015942056496948638 -0.017165537800461494 -0.0055459849026747304 0.0029388039401942764 0.014594330322283787 0.0088674952941839198 -0.00039441198679175606 0 -0.0091168995580996059 -0.010666733509549808 0.0029376873215019314 0.029785001288506661 -0.0076546450364666195 0.0061188833411013124 -0.0016028721226286852 -0.0096157063053905981 0.04282502919934876 0.011445334105390307 -0.0021617350866339007 -0.028649621662716295 0.023207007859876397 -0.035015123857637595 0.0040273232258218831 -0.022784109710977472 0.016149108395093141 0.018635192136162083 -0.0075470279697733888 0.017761260426747999 0.05012252435601583 0.01335546380050077 -0.030972025621884058 0.015300957306796814 -0.01495175756158343 -0.011760097571665551 -0.016627547741494549 0.039804912244984079 0 0.025825109270800329 0.01037079489057291 -0.0087974827387181723 0.0035115393128473393 0.027488321237523036 -0.018993215175334446 -0.018508411224542182 0.020208932587734846 0.040375851615354286 -0.0037383439279401495 -0.0061127355994938922 0.034853001421284523 -0.013286696485172517 0.016393331635152674 0.0070579107261178903 -0.0085627599089461229 -3.3788688714983321e-05
leaf_weight=278.44678864628077 139.45991319790483 178.69754769466817 50.518518339842558 70.182187916710973 48.762174740433693 55.870233928784728 52.470178999006748 131.21005422435701 57.369187140837312 78.108611486852169 556.50214651785791 101.46691397950053 69.364510294049978 128.28748825378716 130.36716521345079 84.264739802107215 58.739994131028652 311.71798368915915 77.94812517054379 171.11156990379095 83.590433223173022 57.126062609255314 94.375468552112579 405.64004856348038 69.668417308479548 482.30067449994385 538.05735218524933 137.59769202955067 116.52231256663799 50.740129623562098 1016.2294177487493 50.937164053320885 57.814920788630843 49.543962640687823 132.1606278643012 69.956163115799427 43.610830491408706 42.854784954339266 43.969562029466033 94.57780303992331 85.186079660430551 64.413030268624425 127.41611961647868 85.79646080173552 51.190779451280832 70.002176053822041 65.787775710225105 46.285608477890491 40.598230389878154 373.31006296165287 44.480528380721807 71.341560920700431 45.662159986793995 59.361694540828466 39.227953024208546 133.52560769952834 134.24801381118596 76.292552443221211 72.307375088334084 63.776668408885598 170.53267082758248 90.434177175164223 194.67705579660833 43.475838154554367 135.87977416999638 45.408367188647389 56.932118119671941 75.851756585761905 49.647724499925971 48.241668729111552 403.2543274872005 90.632944338023663 49.007109401747584 173.05810688622296 62.848574599251151 223.23249054327607 180.75722199678421 561.89470655471087
leaf_count=3352 1723 2046 635 970 557 596 707 1127 636 1021 7010 1104 793 1695 1651 1044 864 3972 879 1996 850 659 1242 4571 930 5808 6694 1381 1371 566 13082 741 625 572 1801 848 553 630 472 1067 914 705 1325 917 518 776 573 548 588 5204 652 940 465 762 475 1963 1517 941 836 922 2163 1006 2222 574 1396 447 585 925 631 525 4807 1208 632 2123 596 2531 2167 6522
internal_value=0 0.00413179 -0.0026299 0.00506164 0.0024805 0.00740535 0.0156693 0.0212362 0.0114681 -0.00116789 -0.000633269 -0.00443825 0.0053088 -0.0103545 0.00538508 -0.00123454 0.00181862 0.00566688 -0.0090886 0 0.0132671 -0.00227816 0.00906751 -0.00536639 -0.00436073 -0.00657285 -0.0111325 -0.00454197 -0.000362585 -0.0131618 -0.00291806 0.0111246 0.017608 0.00737554 0.0218458 0.0128726 0.0107818 -0.0146017 0.0179743 -0.0119336 0.0322426 0.0134119 0.00602698 -0.00404837 0.0032699 -0.0212947 -0.0110118 -0.0169781 -0.0041473 0.0128558 -0.00349088 0.0144254 0.0192513 0.0310663 -0.0146097 0.00691263 0.00203479 -0.00232653 0.010519 0.0167874 0.00319411 0.00904186 0.00388029 0.00733774 0.0147545 0.00913288 -0.00349298 -0.00377855 0.00682776 0.0252314 -0.00111446 0.00357611 -0.000437306 0.000436511 0.00580482 0.0126793 -0.00176313 -0.00327663
internal_weight=0 4275.26 6598.86 4135.8 2910.53 1131.29 531.054 400.476 269.266 130.579 1779.24 1095.69 410.902 684.79 683.551 393.528 2506.98 1298.03 135.317 600.231 139.461 1208.95 195.471 4091.88 3635.5 2315.03 1020.36 1013.48 654.368 456.38 1294.68 1225.27 438.629 786.638 380.814 202.117 602.345 173.222 138.345 359.11 133.948 309.435 196.781 460.77 222.302 164.58 238.468 172.68 86.8838 552.801 184.293 290.023 219.841 105.024 90.1651 1247.51 538.743 405.218 708.769 375.495 333.274 260.967 270.97 114.817 509.19 220.306 194.53 537.846 94.1283 112.655 461.994 174.898 1320.47 1250.8 515.845 272.24 243.606 734.953
internal_count=131442 51542 79900 49819 34275 12427 5841 4113 2986 1728 21848 13157 4452 8705 8691 4980 30326 16177 1515 6586 1446 14149 2373 49574 44437 28936 12502 11776 7967 5137 16434 15544 5320 10224 4695 2649 7725 2281 1714 3809 1471 3348 2118 5140 2514 1843 2626 2053 1136 7153 2499 3711 2741 1227 1216 15542 6643 4680 8899 4894 4005 3169 3163 1514 6600 2699 1966 6596 1283 1230 5671 2252 15501 14571 5926 3163 2763 8645
is_linear=0
shrinkage=0.0454652


Tree=4
num_leaves=79
num_cat=0
split_feature=29 22 14 14 12 14 23 21 21 21 22 15 3 20 14 29 3 20 21 3 22 15 21 12 14 15 14 30 30 32 12 14 15 21 15 15 30 3 3 32 12 3 3 14 21 12 33 22 33 29 6 12 22 3 32 3 29 12 3 20 14 30 15 14 23 3 29 3 21 15 1 3 3 20 6 20 20 14
split_gain=33.9088 29.2683 23.9355 31.9588 22.9629 34.2464 37.4295 46.3841 32.6281 26.5555 27.7601 24.7546 21.6519 21.2085 16.2483 17.7869 16.2228 17.0777 16.0837 15.3624 23.8921 23.8458 14.3031 15.3282 14.029 16.4331 31.3715 28.7519 19.5975 31.3763 29.6404 15.4629 16.196 14.8903 14.51 14.4925 14.3717 18.2982 13.9729 13.94 16.2897 13.7017 12.9232 12.9056 12.5027 12.0332 11.6842 11.3526 11.1087 20.2801 19.9685 16.1075 11.0988 10.9815 13.2004 12.1893 13.847 10.755 13.1779 13.8203 12.6684 12.1737 14.9084 13.1007 10.576 10.5392 10.447 10.1424 10.0203 9.96994 9.28895 9.18628 9.08688 8.95485 8.83345 10.0029 8.80741 8.55628
threshold=-0.60785761475563038 -0.98392537236213673 -6.9999113082885733 -3.599281787872314 0.05929293483495713 -2.5198394060134883 0.81437590718269359 5.593191623687745 4.9497694969177255 1.2098017334938052 -0.25251603126525873 12.773062229156496 0.588391274213791 1.4881960749626162 -5.8928017616271964 0.87837970256805431 0.35916593670845037 0.84881418943405162 4.2462105751037607 0.30982294678688055 -0.05698494799435138 18.143903732299808 9.8891673088073748 0.024981979280710224 -4.72088599205017 5.2640616893768319 -9.6316256523132306 1.0000000180025095e-35 -0.56174489110708226 1.0000000180025095e-35 -0.00062934114248491813 -9.0167798995971662 7.4085428714752206 -3.6270817518234248 7.5421009063720712 8.7018361091613787 0.81174489855766307 0.40389482676982885 0.3739010095596314 1.0000000180025095e-35 0.031614206731319434 0.40883255004882818 0.81880834698677074 -16.257175445556637 4.0117545127868661 -0.027831054292619225 1.0013927817344668 -1.1885214447975156 0.89692735671997081 0.6078576147556306 0.23415917158126834 0.0037474322598427538 -1.1191050410270689 0.5420612394809724 1.0000000180025095e-35 0.51095253229141246 -1.0000000180025095e-35 0.07634786888957025 0.70906254649162304 5.4645924568176278 -2.7910770177841182 -0.56174489110708226 20.155258178710941 -1.7983957529067991 0.87010741233825695 0.96817117929458629 0.6078576147556306 0.74070098996162426 4.16534447669983 14.225338935852053 0.41306273639202123 0.32499541342258459 0.69226095080375682 -3.7217936515808101 4.4652245044708261 3.9259455204010014 2.74022388458252 -4.3180561065673819
decision_type=2 2 2 2 2 2 2 2 2 2 2 2 2 2 2 2 2 2 2 2 2 2 2 2 2 2 2 2 2 2 2 2 2 2 2 2 2 2 2 2 2 2 2 2 2 2 8 2 10 2 2 2 2 2 2 2 2 2 2 2 2 2 2 2 2 2 2 2 2 2 2 2 2 2 2 2 2 2
left_child=44 2 16 52 5 9 7 18 14 10 11 24 13 -10 15 -6 -2 47 -7 45 48 -22 23 -9 25 26 36 -28 29 31 35 32 -27 -31 -33 -30 -3 -38 -32 40 -40 66 -16 72 -1 -11 68 -18 -21 50 -50 -51 -4 54 55 56 -15 69 61 60 64 63 -63 -59 -60 -45 71 74 -47 -14 -5 -8 -12 -39 -43 -76 -44 -52
right_child=1 4 3 70 8 6 41 22 12 19 43 -13 57 53 42 -17 17 -19 -20 20 21 -23 -24 -25 -26 28 27 -29 30 33 38 34 -34 -35 -36 -37 37 73 39 -41 -42 67 76 65 -46 46 -48 -49 49 51 77 -53 -54 -55 -56 -57 -58 58 59 -61 -62 62 -64 -65 -66 -67 -68 -69 -70 -71 -72 -73 -74 -75 75 -77 -78 -79
leaf_value=-0.031376183370573241 -0.0061160811110822742 0.0022729427779856252 -0.021295386946210304 0.0037517042624145981 -0.0012794303462179365 0.020814984553577096 -0.00089129528217820383 -0.00066671113099858259 0.014275999790238738 0.020998327880195244 -0.010794975369915496 -0.020289891554180702 0.031238787633292554 0.0026508164342538385 -0.028043695533886737 -0.028691596045226031 0.001955601326254061 0.03991289587503969 0.056529044918191489 -0.0026642633559640794 -0.0030030112619350117 0.02288464430034531 -0.011726283462363386 0.026945927165135972 -0.017932085206383563 0.016909792508393202 0.0036835558805507073 -0.034806623323450879 0.0081980494985180574 0.017074101301447916 -0.016515432519509064 0.032749662920982192 0.046969399938875174 -0.015394437480091441 0.0015865161097698725 0.028760757383310177 -0.0037082453654050957 0.0087226734771903135 0.025359258287352648 -0.016714006441115717 -0.0053731614781933742 0.020936102157352064 0.0060905451535433397 0.0014508018552989248 -0.001472996272411772 0.017002436607358458 -0.0086065123966302531 0.022559739048918285 -0.019982431505949048 -0.0098929699425214061 -0.0068699008197801491 -0.031013927374738671 0 -0.02238502212077265 0.0068367308847515846 0.0064521655150148035 -0.022135251703122812 0.010927205271434799 0.016688774409669899 0.0026890121861257808 -0.0246974159632911 0.028762140020300624 0.0015735349443550596 -0.016856171268117115 -0.010417392173372824 -0.011378900379795977 0.0055681519362644699 -0.0054236469021070642 -0.0023834951914397805 0.0030715110645261612 0.023640768069158727 -0.027257364230931867 -9.9624469294092756e-05 0.032675858319795505 -0.0092917657325645459 0.013976964682897833 -0.019092451043331675 0.0091242217300897283
leaf_weight=92.053251253440976 48.124441923573613 603.89374271221459 107.22777238301933 110.03844496980309 293.70608910731971 59.497117660939693 52.405249089002609 71.728966543450952 73.931029597297311 60.898289568722248 435.89166755229235 70.092935148626566 47.595180921256542 56.354177799075842 187.87352733500302 55.858738278970122 100.05280556902289 75.167247185483575 71.798157008364797 271.22545959614217 548.60125186480582 80.678567972034216 54.808017982169986 84.350891396403313 43.309390839189291 78.926324086263776 73.437178885564208 77.586360426619649 262.22173518501222 44.754238206893206 120.49229814298451 45.934535192325711 98.965184492990375 67.446121573448181 91.424822464585304 102.42796074785292 65.188517378643155 62.8885014988482 70.280555609613657 47.768469974398613 62.175003739073873 113.61841359175742 48.76150044053793 1706.2580799479038 46.979019062593579 102.42338483035564 177.59824436530471 139.9820225648582 146.33176680654287 146.17023601382971 141.36233781278133 185.41194766759872 92.102748895063996 130.76513154804707 100.68212877213955 55.674256581813097 184.327014638111 75.341345600783825 37.825569581240416 380.02925078384578 86.109667683020234 93.885739201679826 80.410709273070097 58.311816655099392 95.356617774814367 139.062201814726 65.306144386529922 92.951572425663471 104.68089152127504 63.065705724060535 97.234337996691465 64.645049506798387 276.94781182333827 96.533211575821042 63.02717681415379 81.586608327925205 55.186321079730988 126.85695136338472
leaf_count=1143 660 8326 1291 1212 3721 574 638 716 735 917 6239 1048 501 553 2117 765 1329 830 644 5948 6443 941 604 851 538 1121 995 856 3176 544 1449 592 1321 790 1023 1162 926 748 787 556 637 1107 501 20728 597 815 3836 1801 1107 1091 1106 1429 1077 1207 804 566 2029 789 572 5124 932 907 871 568 1292 1892 736 1077 815 733 872 691 3664 1139 617 874 656 925
internal_value=0 0.000333406 0.00885238 0.00111194 -0.000322742 0.000853673 0.00929814 0.0209518 -0.00435103 -0.000225855 0.00164854 0.00541129 -0.000871709 -0.00770366 -0.0130005 -0.00607853 0.0172734 0.0210297 0.0418219 -0.00449402 -0.00652651 0.00036517 0.00718363 0.0142582 0.00632327 0.00688795 0.00253009 -0.0161717 0.0107256 0.018336 0.00568155 0.0256154 0.0345797 -0.00187912 0.0129976 0.0143609 0.00606035 0.0158075 -0.0047345 0.0030687 0.010847 0.001631 -0.0209289 -0.00155091 -0.0219432 0.00289928 -3.08608e-05 0.0143477 -0.0108215 -0.013691 -0.00671266 -0.0220823 -0.0116351 -0.0109601 -0.00688605 -0.0117401 -0.0161851 0.00313381 0.00140949 -0.00245671 -0.0114786 0.00902376 0.0168156 -0.000980732 -0.00209594 0.000434587 -0.00824588 0.00693284 0.00711627 0.0162922 0.0135893 -0.0162837 -0.00673197 0.0239792 0.0115818 0.00353102 -0.00704408 0.000538936
internal_weight=0 10742.9 769.93 406.603 9972.92 7711.87 875.723 342.183 2261.05 6836.15 4743.91 2185.75 1619.67 601.734 641.386 349.565 363.327 315.202 131.295 2092.24 1646.64 629.28 210.888 156.08 2115.65 2072.34 979.528 151.024 1092.82 427.451 665.366 315.251 177.892 112.2 137.359 364.65 828.504 224.61 300.716 180.224 132.456 533.54 291.821 2558.16 139.032 445.601 384.703 240.035 1017.36 746.133 414.551 331.582 199.331 527.803 397.038 296.355 240.681 1017.93 907.271 599.321 219.292 307.95 174.296 133.653 133.182 1845.32 182.356 351.184 207.104 110.661 207.273 117.05 712.839 159.422 258.232 144.614 103.948 268.219
internal_count=131514 129774 9072 4452 120702 94759 9129 3389 25943 85630 60257 27734 18183 5894 7760 4486 4620 3960 1218 25373 18990 7384 2171 1567 26686 26148 12990 1851 13158 5391 7767 4057 2442 1334 1615 4338 11139 2813 3429 1980 1424 5740 3274 32523 1740 6383 5466 3130 11606 5658 3138 2520 2368 5159 3952 3148 2582 12289 11055 7920 2796 3135 1778 1357 1864 22620 2065 3675 1630 1234 2084 1329 9903 1887 2598 1491 1157 2031
is_linear=0
shrinkage=0.0454652


Tree=5
num_leaves=79
num_cat=0
split_feature=12 29 14 14 23 7 23 27 16 23 16 15 15 27 16 27 27 15 15 5 7 15 16 5 29 27 18 16 5 2 2 23 33 27 5 15 14 16 12 8 12 10 17 12 18 27 33 27 23 27 15 14 2 27 23 18 8 23 2 16 33 10 2 2 23 29 33 14 23 23 2 2 29 17 17 23 2 14
split_gain=34.4468 39.6803 33.2798 43.7672 43.3941 38.2558 30.5629 26.8732 28.682 30.2922 25.5385 25.3817 23.3575 23.2593 22.5123 18.1937 17.1481 20.4098 24.5275 16.9037 16.3653 21.6654 18.1442 15.8713 18.2368 16.1724 15.4639 15.4555 25.1353 16.2578 15.2538 19.8161 30.0474 18.3812 15.4113 14.9792 14.6856 13.8182 13.6485 13.6467 12.8784 12.8682 12.7065 12.6676 12.6426 12.6201 12.4261 15.6736 12.3043 12.1248 19.3549 12.8405 15.5742 12.0645 21.0511 17.7708 11.9695 10.9707 10.9522 11.237 10.3174 10.1752 9.75691 9.61987 9.42398 9.3434 17.3892 11.6905 9.26779 9.26509 9.16817 19.825 14.5136 11.9898 9.05589 9.03449 12.7008 18.4287
threshold=0.061264099553227432 -0.60785761475563038 -2.5198394060134883 -7.3851702213287345 0.82955291867256176 0.75176542997360241 0.97327145934104931 -0.52803644537925709 0.19540803134441379 0.56869155168533336 0.46684949100017553 20.517580032348636 6.2694945335388192 0.79989895224571239 0.65751555562019359 -0.71473535895347584 0.098011311143636717 9.0649690628051776 10.515588760375978 1.0704917311668398 -1.0000000180025095e-35 8.2805538177490252 0.97765305638313305 1.7657605409622195 1.0000000180025095e-35 0.45201864838600164 10.500000000000002 0.35387876629829412 -0.18978355079889295 0.75352001190185558 1.6628194451332095 0.91138923168182384 3.3999999761581425 0.18436925113201144 4.7099325656890878 12.865734577178957 -20.179558753967282 0.79415616393089306 -0.012973922304809092 -2.7083350419998165 0.0012579288450069728 0.084998466074466719 33.500000000000007 0.10180482640862466 46.500000000000007 0.1413247883319855 0.99472221732139599 -0.74455857276916493 0.83562377095222484 0.63435554504394542 17.132397651672367 -3.8794727325439449 1.2754916548728945 0.29026740789413458 0.82955291867256176 85.500000000000014 -0.34540450572967524 0.46621398627758032 0.65445345640182506 0.81865110993385326 0.99611112475395214 0.18056509643793109 1.0594429373741152 0.60271853208541881 0.49190899729728704 0.6078576147556306 0.99472221732139599 -11.727898120880125 0.71378880739212047 0.68430209159851085 0.75803670287132274 0.90731048583984386 0.6078576147556306 82.500000000000014 2.5000000000000004 1.1094545125961306 2.1923905611038212 -14.771564483642576
decision_type=2 2 2 2 2 2 2 2 2 2 2 2 2 2 2 2 2 2 2 2 2 2 2 2 2 2 2 2 2 2 2 2 8 2 2 2 2 2 2 2 2 2 2 2 2 2 10 2 2 2 2 2 2 2 2 2 2 2 2 2 10 2 2 2 2 2 10 2 2 2 2 2 2 2 2 2 2 2
left_child=1 -1 3 6 11 13 7 15 57 10 27 56 -7 -5 16 19 17 -14 -19 40 21 -2 30 -6 62 -26 38 29 -29 64 43 32 33 -32 -33 -11 -8 46 63 -38 65 -18 60 49 -37 -13 -28 -48 68 50 -22 -51 -53 54 -49 -55 -4 -9 59 -39 -23 -52 -25 -16 -10 66 69 -67 -15 -3 73 72 -72 -41 -27 -73 77 -77
right_child=20 2 4 5 23 12 36 8 9 35 -12 45 14 48 26 -17 41 18 -20 -21 22 42 -24 24 25 74 37 28 -30 -31 31 34 -34 -35 -36 44 39 58 -40 70 -42 -43 -44 -45 -46 -47 47 53 -50 51 61 52 -54 55 -56 -57 -58 -59 -60 -61 -62 -63 -64 -65 -66 67 -68 -69 -70 -71 71 75 -74 -75 -76 76 -78 -79
leaf_value=-0.025302742296291189 0.0059479067141677382 -0.014690886944473264 0.043394536056462117 -0.017494140695101159 -0.013257495508621896 -0.022418071979781126 -0.0097526665916992765 -0.022666879838370849 -0.0092368452886716634 0.0049330642552918493 0 0.019970249589410551 -0.013871486733695884 0 0.037051631273248127 0.034549716030415456 0.023750323637843976 0.031964125692451648 -0.0090560198574377547 -0.0010246145498895637 -0.014732642717475136 -0.007748405670425413 -0.016181023208430581 -0.014525380014701455 0.0025355562937100142 0.0094046551076670103 0.00089555235236457381 0.0066503455023992448 0.053098492976753467 0.028072411516134037 0.034070580073561237 -0.012296399409735334 -0.0078252098620579229 0.0041163738095211589 0.0030288766564558565 -0.022323344835731701 -0.0087938568808064929 0.010196118693872668 -0.0040702475924467496 0.0050945197559833563 -0.0062251471566335589 0 0 -0.017649108324962359 0.0061811495099121068 -0.0074977635329643976 0.0025579765544332471 -0.036122104740208646 -0.017219139734489897 0.021490958695344439 0.0099419205144634735 -0.011419950090589694 0.017598557684054866 -0.015581685481551349 -0.0046604875416262495 0.010217207459208035 0.020943920249703925 -0.0024901057923841213 0.0068039797923078451 -0.013417135146390627 -0.030527090648927453 -0.010552394809322917 0.0091655573742158141 0.0058192884117525536 0.018131988245111912 0.020039650019557931 0.034484202622204044 -0.0078979754993729698 0.025083630457489875 0.017780686332348968 -0.028130503674207868 0.010446958809227523 0.0022906707765441852 0.033715864086535999 0.038571166318683701 0.018785883787624788 -0.012494872733554943 -0.00067185371108952584
leaf_weight=110.15967588871717 83.179870685562491 24.340750241652131 78.235369890928268 544.52468710578978 122.33541218750179 93.803296081721783 335.66534396447241 60.348073801025748 58.65237427316606 1095.0111682023853 124.85100580193102 52.780418124049902 109.1897412724793 74.716568736359477 42.744552370160818 82.336098991334438 173.82747657969594 61.093320602551103 50.778761522844434 153.25426995195448 295.60951237380505 67.671192862093449 198.31081621162593 106.82640306465328 150.99138663336635 49.391730885952711 237.60475883819163 40.745912566781044 72.757338095456362 99.393999237567186 113.23208054900169 202.03934531658888 95.843846868723631 74.525304809212685 385.42939108423889 77.926154531538486 255.2523634172976 52.732776176184416 66.05815040320158 137.16185169667006 40.207058232277632 69.058146763592958 52.007598496973515 154.75486251339316 46.922702427953482 81.751833839341998 126.0065825432539 113.63310833275318 45.053091995418072 66.165037738159299 144.38348420895636 110.08916074968874 52.995891621336341 190.63185606896877 78.568471066653728 71.394327275454998 222.00148215889931 497.71671463176608 329.00111520476639 140.80762086994946 162.30146939307451 70.086003599688411 47.214291827753186 47.102592382580042 39.699908215552568 68.629546357318759 140.44410339742899 47.807796355336905 44.413469910621643 43.353777004405856 73.584306880831718 260.42858741432428 49.907403504475951 37.931378154084086 54.699548199772835 122.3401795886457 122.2039844263345 471.31088303029537
leaf_count=1337 1008 555 697 6579 1202 997 4684 913 743 13637 1555 472 1334 950 455 1028 1965 681 629 1849 3505 1474 1995 1161 1609 517 4961 607 889 1147 883 2407 2113 493 4946 1222 3107 627 780 1911 594 862 530 1580 790 922 935 879 573 913 1313 1179 637 1455 629 533 2129 7374 3907 1732 1199 702 583 657 570 926 1065 581 473 1026 957 3047 613 587 619 1598 1425 5595
internal_value=0 0.00128736 0.00165361 0.000613797 0.00957676 -0.00391243 0.00329715 0.00628806 0.00392978 0.00694216 0.0171952 0.0201621 -0.00073642 -0.012992 0.000320748 0.0148187 0.00904735 0 0.0132613 0.0113435 -0.00494767 -0.0137761 -0.0032558 0.000738411 0.0051312 0.012583 -0.00236983 0.0240863 0.0376495 0.0154551 -0.0017421 0.00249544 0.0123005 0.0227762 -0.00220778 0.00319167 -0.00119219 -0.00398069 0.0109225 0.000674906 0.0166257 0.0172814 -0.0197667 -0.00591746 -0.0113756 0.00319769 -0.00766771 -0.0112396 0.00171199 -0.0033127 -0.00723877 0.0051875 -0.00149871 -0.0151622 -0.0238744 -0.00832001 0.0274584 -0.00490763 0.00171201 -0.00665877 -0.0242849 0.00294937 -0.00690629 0.0221625 0.00161693 0.019647 0.0254914 0.00828516 0.00960088 0.00525377 0.0026309 0.00102461 -0.0157742 0.0121945 0.0260603 0.00325616 0.000527943 0.00335739
internal_weight=0 8519.32 8409.16 7442.93 966.228 2762.74 4680.19 2814.4 2214.03 1655.96 436.101 434.769 2054.04 708.708 1960.23 600.373 463.947 221.062 111.872 518.037 2328.62 365.16 1963.46 531.459 409.123 255.083 1496.29 311.25 113.503 197.746 1765.15 871.07 283.601 187.757 587.469 1219.86 1865.79 1340.38 155.905 1530.12 364.783 242.886 281.98 894.084 124.849 134.532 817.839 580.234 164.183 739.329 510.079 229.25 163.085 454.228 192.202 262.026 300.237 558.065 522.542 193.54 229.973 214.469 154.041 89.8471 98.3523 324.576 208.139 116.437 119.13 67.6945 1274.87 1099.78 123.492 175.093 104.091 976.284 715.855 593.651
internal_count=131313 104436 103099 93188 9911 32593 60595 37071 29447 21160 5511 4220 24018 8575 23021 7624 5471 2644 1310 6596 26877 4211 22666 5691 4489 2745 17550 3956 1496 2460 20671 10842 3489 1376 7353 15649 23524 15658 1892 18840 4747 2827 3203 9829 2012 1394 9392 4431 1996 8249 5520 2729 1816 3496 1508 1988 2826 8287 6266 2359 2673 2015 1744 1112 1313 4153 2646 1507 1423 1581 15733 13235 1570 2498 1136 11665 8618 7193
is_linear=0
shrinkage=0.0454652


Tree=6
num_leaves=79
num_cat=0
split_feature=12 13 16 16 13 13 2 33 30 33 23 13 30 22 13 27 30 13 8 23 18 20 30 27 12 2 22 16 21 17 18 13 33 7 2 18 2 21 7 13 20 2 27 7 23 12 13 2 16 21 27 23 2 30 30 13 18 2 13 20 20 20 20 13 27 18 12 21 21 17 16 7 16 30 7 20 13 13
split_gain=25.9506 28.3546 26.5711 32.4221 22.2669 28.581 23.9675 25.532 21.7864 21.6837 24.4979 31.3147 30.5562 21.3561 35.3408 20.3004 20.2892 19.48 19.3965 22.2678 18.6816 17.6684 15.8818 15.7336 21.0711 14.4998 14.3493 17.1906 14.5393 13.9088 17.0548 15.0528 17.9717 21.003 13.7334 13.4756 13.1879 13.5808 18.0693 32.0993 18.4355 12.7867 12.1549 12.125 12.0915 11.8832 11.6303 11.3626 10.9271 10.8749 16.3284 10.6081 12.1433 51.5079 25.9153 19.1217 16.672 18.6475 27.9209 15.8325 13.6755 14.0235 13.455 11.7934 16.5434 17.3808 16.5165 21.2413 13.7705 18.2962 13.3542 12.3156 10.6747 12.9647 14.153 11.7789 11.8066 18.4687
threshold=0.061264099553227432 0.062221067026257522 0.79755991697311412 0.65751555562019359 -0.087325319647788988 -0.020152963697910305 0.5742972493171693 1.0013927817344668 -0.56174489110708226 0.9590476155281068 0.80822250247001659 0.069130990654230132 1.0000000180025095e-35 -0.80783316493034352 -0.053139911964535706 0.16288578510284427 1.0000000180025095e-35 -0.0077524371445178977 1.1292343735694887 1.2961108088493349 50.500000000000007 1.6272668838500979 1.0000000180025095e-35 -0.77296444773674 0.019830484874546531 1.6482185721397402 -0.37494412064552302 0.63444942235946666 4.4781746864318857 19.500000000000004 8.5000000000000018 0.0041406329255551108 0.99393379688262951 4.9204530715942392 0.35557320713996893 71.500000000000014 2.6149257421493535 11.85458564758301 -0.24596066027879712 0.012606764212250711 3.181833148002625 2.3507690429687504 -0.39271505177021021 24.990538597106937 1.5467700362205508 -0.046310465782880776 -0.053139911964535706 1.3510419726371767 0.87516367435455333 9.6950235366821307 -0.076279435306787477 1.4375374913215639 1.0594429373741152 0.81174489855766307 0.81174489855766307 -0.0090881288051605207 23.500000000000004 1.4510965347290041 -0.00082923029549419869 -1.483524441719055 -3.3431826829910274 -0.4702873677015304 2.4656614065170293 0.0020539405522868042 -0.56457334756851185 58.500000000000007 -0.038653302937746041 0.57736715674400341 -0.82000726461410511 50.500000000000007 0.58235964179039013 3.2582732439041142 0.41437307000160223 1.0000000180025095e-35 -4.2516908645629874 1.3884902596473696 -0.0060561085119843474 -0.011999434791505335
decision_type=2 2 2 2 2 2 2 8 2 10 2 2 2 2 2 2 2 2 2 2 2 2 2 2 2 2 2 2 2 2 2 2 10 2 2 2 2 2 2 2 2 2 2 2 2 2 2 2 2 2 2 2 2 2 2 2 2 2 2 2 2 2 2 2 2 2 2 2 2 2 2 2 2 2 2 2 2 2
left_child=2 25 3 4 8 6 7 16 45 20 11 12 -11 14 -8 -13 -6 -5 19 42 -4 -14 -22 -12 48 26 27 -2 -28 -19 -31 -32 -33 -34 -7 47 37 38 40 -40 -27 49 -3 -44 -38 -1 -9 -30 -25 50 -41 52 53 62 56 -55 57 -54 -59 -57 -56 -62 63 72 65 -65 -66 68 69 -68 -69 -70 73 -36 -75 76 77 -74
right_child=1 18 9 17 5 34 13 46 -10 10 23 15 21 -15 -16 -17 -18 29 -20 -21 22 -23 -24 24 -26 36 28 -29 35 30 31 32 33 -35 51 -37 44 -39 39 41 -42 -43 43 -45 -46 -47 -48 -49 -50 -51 -52 -53 54 55 60 59 -58 58 -60 -61 61 -63 -64 64 66 -67 67 70 71 -71 -72 -73 75 74 -76 -77 -78 -79
leaf_value=-0.0081975907169444286 -0.00074873162269852673 0.024564623799384615 0.0097576963889642251 -0.025220028081831564 0.049623377857993291 0.023894410831896442 0.037855750426191853 -0.015988266383579065 -0.023388270976906315 0.033685706270655737 -0.010272151936163468 0.015832121738201706 0.022313459890364089 0.0020798584058733861 0.0046812051523123484 -0.016042597650551164 0.014570003322468293 0.004337379237479887 -0.013635791996585418 -0.0088998088214572307 -0.0011577808559500348 -0.0079468341503905141 -0.025777085748333921 0.0065348641834708839 0.014330464504760974 0.0066026478919357558 -0.015129223393023947 -0.022729055102207504 0.026742679418519315 0.0088629445994567475 0.010679532707268114 -0.0008900331782984482 -0.029966526795712937 -0.0097733505235134081 0.0087002014863506259 -0.0056853754584159887 -0.022522996657520358 -0.013564325274426 0.034016293923650971 0.0010153871525483431 -0.030173241890519495 0.021334943510694305 0.013743264816539841 -0.010610366205813456 0.00016110636375643713 0.022759431597222244 0.012640556100030792 -0.0021166518838592607 -0.013878574342098608 0.0097493828066801055 -0.027120736840829697 -0.0068331885286787922 0.018029719838227161 0 0.0029472130669071519 -0.0090060859044010042 -0.006112445791034312 0.016619098782158191 -0.022384136655425851 -0.034198253704895647 0.038690752577460345 0.0046528893200462927 0.02387964909460023 0.035414512394040983 -0.012334367967300371 0 0.023163614918533824 -0.01699454516756245 0.0073672256188427165 -0.01290326515180174 0.0053684625658498523 0.036469083780493766 -0.023757724715686199 0.0067387334498136865 -0.026651576789906373 0.0064441544250323267 -0.025954174448739285 0.013982988450999028
leaf_weight=58.441861571744084 103.6342757884413 144.13630101457238 141.02621487155557 102.81474732421339 64.617801055312157 41.736232023686171 93.387231763452291 41.304379420354962 139.27660981565714 235.33005900681019 131.35478831082582 76.501891478896141 73.281997762620449 1710.1349086444825 226.20994065701962 80.500145643949509 88.877602010965347 261.55888151563704 90.609595309942961 104.38626704178751 145.086047783494 76.053284890949726 87.271460857242346 97.216653272509575 317.71702518314123 49.634723307564855 223.55088292993605 299.10295208357275 54.341507770121098 111.57781375199556 63.863350920379162 240.00037515163422 158.09925372153521 367.17144161462784 191.80123703368008 287.74259203858674 106.01795317232609 104.99070375412703 77.592922208830714 114.74643787369132 53.301534099504352 54.160119879990816 139.05443851090968 54.300289999693632 79.289040628820658 38.356262238696218 76.951143635436893 47.89989211410284 108.84823687374592 96.453707154840231 60.750140128657222 552.23271573893726 168.67740879394114 84.814071895554662 80.459304509684443 93.940982200205326 388.86930703185499 67.087746258825064 76.200522042810917 145.4373442735523 80.077520951628685 42.341588214039803 50.608144249767065 63.167206631973386 131.26701640151441 47.609569236636162 46.348753064870834 95.679234456270933 60.983193766325712 63.693238107487559 115.83176503516734 74.139311181381345 46.359349606558681 43.240590268746018 52.246152468025684 58.349915677681565 108.01638737507164 52.134628782048821
leaf_count=733 1357 1557 3307 1333 637 617 1119 998 2094 1708 918 507 567 21353 2509 594 648 3085 947 1136 3200 533 1919 709 2338 499 2803 3347 568 1380 789 4914 1194 2835 2736 3121 1495 1126 1034 1338 585 502 1408 599 1240 603 1710 571 765 970 733 6854 2029 1071 1044 1311 4839 857 922 1797 1070 551 721 701 1694 535 560 1202 759 764 1419 795 473 581 735 800 1329 747
internal_value=0 -0.00423326 0.00116206 -3.65341e-05 0.00144667 0.00205267 0.00589477 0.0185297 -0.0120737 0.00649682 0.00948315 0.0166252 0.0235482 0.00414533 0.0148811 -0.000200658 0.0305401 -0.00649176 0.00490996 0.00891233 -0.00294505 0.00678334 -0.0108965 0.00343765 0.00702111 -0.0069502 -0.010554 -0.0172572 -0.00598982 -0.00476975 -0.00736136 -0.00963599 -0.0114425 -0.0161277 -0.000766838 -0.000524518 -0.0022633 0.000902864 0.00408093 0.00848744 -0.0124094 0.00191981 0.014605 0.00657888 -0.0127653 0.0040105 0.00204235 0.0132015 -0.00407604 -0.00202862 -0.00884802 -0.00114784 8.31869e-05 -0.00224463 0.00431563 -0.0183524 7.07482e-05 0.00791191 -0.0038373 -0.0248293 0.0184529 0.027834 0.00177526 0.00076726 0.00471218 0.0205316 0.00152806 0.00569259 0.0147427 0.00214576 -0.00465176 0.024287 -0.0041351 0.00179099 -0.011385 -0.0106739 -0.0157735 -0.00354406
internal_weight=0 2345.7 8536.18 6965.99 5660.91 5424.83 2301.48 271.751 236.075 1570.19 1196.8 541.667 384.665 2029.73 319.597 157.002 153.495 1305.09 532.487 441.877 373.384 149.335 232.358 655.137 523.782 1813.21 1016.27 402.737 613.535 1202.27 940.712 829.134 765.271 525.271 3123.35 389.984 796.937 611.63 506.64 403.703 102.936 326.11 337.491 193.355 185.307 96.7981 118.256 102.241 206.065 271.95 175.497 3081.61 2529.38 1625.67 903.713 324.192 700.835 311.966 143.288 239.378 202.878 122.419 1301.48 1250.87 698.719 110.777 587.943 456.675 245.164 110.042 211.511 135.123 552.148 287.288 95.4867 264.86 206.51 98.494
internal_count=131448 26936 104512 87447 71917 68487 28974 3993 3430 17065 8639 3909 2808 24981 3628 1101 1285 15530 5647 4700 8426 1100 5119 4730 3812 21289 11767 4704 7063 14197 11112 9732 8943 4029 39513 4260 9522 6787 5661 4577 1084 3543 3564 2007 2735 1336 2708 1139 1474 3041 2071 38896 32042 20730 11312 4179 8647 3808 1779 3108 2665 1621 16551 15830 8429 1236 7193 5499 2878 1324 2621 1554 7401 4052 1316 3349 2549 1220
is_linear=0
shrinkage=0.0454652


Tree=7
num_leaves=79
num_cat=0
split_feature=29 12 11 22 27 21 27 20 29 15 2 5 15 2 33 21 15 21 29 29 15 27 20 23 12 12 2 23 21 27 27 2 21 12 5 23 29 20 29 2 10 11 2 11 9 21 11 22 9 29 10 22 15 12 11 15 29 29 22 2 10 21 15 21 20 23 23 21 9 15 23 10 21 29 2 12 21 27
split_gain=33.3766 23.8797 23.8566 22.6025 21.4709 20.7446 19.4112 21.6201 18.9206 18.3795 15.6056 14.1258 25.4948 18.1084 30.0115 17.0107 15.307 17.281 22.7217 17.5212 16.2163 15.5368 14.7328 16.2318 18.7141 15.3185 14.1307 14.1058 18.6417 21.3593 17.6978 13.9051 11.9142 11.0521 10.4443 13.5702 14.8076 10.489 10.3272 10.2689 14.3133 10.211 10.034 9.80921 9.71539 19.3491 15.5243 13.5764 12.7647 12.5585 9.99186 9.52758 13.5764 14.4449 10.5845 9.40504 10.4227 12.9268 12.5989 12.4356 9.25824 10.4809 9.23757 23.9513 20.6788 19.1882 10.3637 9.14134 9.08481 10.9141 8.95168 8.82234 15.8906 19.6052 11.3091 8.82094 8.7002 8.68899
threshold=-0.60785761475563038 0.057423800230026252 0.033273156732320792 -0.95659345388412464 -0.92794367671012867 4.9497694969177255 -0.35222910344600672 2.5074338912963872 0.87837970256805431 8.0703492164611834 1.6050521135330202 1.1492566466331484 21.257810592651371 1.0077989697456362 1.0545857548713686 7.7197778224945077 12.236508369445803 2.8527470827102666 0.6078576147556306 -1.0000000180025095e-35 14.535993099212648 0.88186877965927135 0.15191102772951129 0.84201747179031383 -0.0062056696042418471 -0.018124443478882309 0.81680566072464 0.55967646837234508 -0.69078540802001942 0.35222910344600683 -0.22706275433301923 0.88741478323936474 4.5528712272644052 0.079032238572835936 3.6833450794219975 0.95371896028518688 0.87837970256805431 3.5291867256164555 0.87837970256805431 3.5567603111267094 0.30572706460952764 0.05888731777668 1.1851748228073122 0.065570168197155013 0.126586489379406 10.256284713745119 0.043658941984176643 -0.39023372530937189 0.39075134694576269 0.87837970256805431 0.21554919332265857 -0.26419498026370997 1.7366226315498354 -0.0095591084100306017 0.10654027014970781 10.943307399749758 1.0000000180025095e-35 0.87837970256805431 -0.38524201512336725 1.0652617216110232 0.015720081515610222 1.4395700693130495 20.335623741149906 15.55260753631592 5.5995531082153329 1.4375374913215639 1.6386519670486452 3.8521353006362919 0.27787695825099951 17.132397651672367 0.82955291867256176 0.10031773522496225 -0.49727348983287806 1.0000000180025095e-35 0.79411035776138317 0.043411815539002425 -1.0886054039001463 0.41268247365951544
decision_type=2 2 2 2 2 2 2 2 2 2 2 2 2 2 8 2 2 2 2 2 2 2 2 2 2 2 2 2 2 2 2 2 2 2 2 2 2 2 2 2 2 2 2 2 2 2 2 2 2 2 2 2 2 2 2 2 2 2 2 2 2 2 2 2 2 2 2 2 2 2 2 2 2 2 2 2 2 2
left_child=67 2 4 38 55 8 7 10 9 42 -7 16 13 14 34 76 39 18 -18 -19 -20 22 23 25 -25 -21 -14 28 30 31 -6 -30 41 -10 35 36 -13 -36 71 51 -41 -16 -3 70 45 47 -46 -8 49 68 -47 52 -5 -54 -53 56 59 58 -58 -2 61 -29 -9 64 -64 -65 -66 -1 69 -48 -11 72 73 -4 -74 -62 -15 -77
right_child=1 5 3 11 27 6 44 62 33 43 -12 12 26 15 32 -17 17 19 20 21 -22 -23 -24 24 -26 -27 -28 60 29 -31 -32 -33 -34 -35 37 -37 -38 -39 -40 40 -42 -43 -44 -45 46 50 48 -49 -50 -51 -52 54 53 -55 -56 -57 57 -59 -60 -61 75 -63 63 65 66 -67 -68 -69 -70 -71 -72 -73 74 -75 -76 77 -78 -79
leaf_value=-0.030152664893936316 -0.038640147782880073 0.026481763391443643 0.045726715300558191 -0.0086027930895750063 -0.0022094357590430572 0.033749892911595802 -0.036077001854071609 0.0061735062742493216 -0.036860018817074944 0 0.0031669539119926551 0.029678725111129737 0.0028654112645599464 0.0043269391425181918 0.003907537473316125 0.023852072029483765 -0.025082286677018853 0.011667208273016103 -0.012918239063812752 0.017912396356637508 0.023496415324487187 -0.019658706368069035 -0.010410379121770048 -0.002314718707737634 0.033571695748998417 -0.015034918354762788 -0.019364443347384977 0.011837105218342294 -0.018067298758998446 0.020219341956836175 0.030081152272507079 0.010515972958110062 0.012701519688522966 -0.007187666528132494 -0.0023180688676635408 0.0067602270810478921 0.0054080284039681016 0.018012898703701537 0.027356133330981962 0.025352976050062204 -0.0051867506335324205 -0.017503410580705907 -0.0012707287525107213 -0.023433830617419858 0.018685396929259537 -0.0096040250844362848 -0.027230774141372937 -0.010363524338885542 -0.015949979039288416 0.014088124133086086 0.017451953788989068 0.0014376508874799985 0.011417622234419672 -0.00033502972762592228 -0.0081695286232144389 -0.031589822251549576 -0.0083978320444329339 -0.017267528963420747 0.020814148213083528 -0.0059699741054683479 -0.0021576658107894729 -0.0085129885114125729 0.0012554678491131011 0.030412847661758707 -0.036037898971284996 -0.0044222806262954164 -0.0079894784712002103 -0.0039176338022334735 0.005861535411783296 -0.0035646082910487128 -0.013227601455312614 0 0.013882307619248701 0.0041765335187651745 -0.011089623062590828 -0.026565251312125095 -0.0086390389415994598 -0.0036697017998571853
leaf_weight=90.493399895727634 41.821576962247491 42.996159238740802 53.872568506747484 124.45536783710122 47.496590794995427 75.099438702687621 70.507460588589311 330.74783176742494 74.503305993974209 208.33180364966393 69.588981561362743 282.30133598297834 111.65741627290845 197.30880832113326 75.10424249060452 53.929924171417952 153.13819549232721 176.26662561669946 53.218712983652949 38.212114771828055 40.560085499659181 109.34487180411816 178.27244694717228 46.906489826738834 67.223540745675564 86.609279586002231 112.34293386898935 180.03362675011158 115.12973586656153 66.074345860630274 102.49633287638426 44.447927076369524 78.192355362698436 49.248995631933212 103.01493393629789 126.03747177124023 72.330440498888493 94.199091292917728 82.55211266502738 85.725116075947881 43.568661017343402 99.591647097840905 54.874624019488692 91.141931980848312 62.069059835746884 52.122819555923343 53.244113178923726 129.21805709041655 144.87492930330336 91.349140238016844 50.939008386805654 1065.1892939023674 573.80857879668474 332.3824822511524 299.34748299047351 45.664424154907465 51.992131108418107 69.071583818644285 60.185503832995892 63.740708103403449 1560.781733578071 66.916897621005774 112.04195154644549 55.9957623668015 72.21377288363874 65.329448545351624 55.081192897632718 47.096481522545218 105.30892886966467 163.08675490878522 212.45403516478837 135.84314121119678 93.550456620752811 45.685718845576048 55.315738659352064 60.359670577570796 218.39139511436224 89.324567688629031
leaf_count=1142 562 599 597 1871 599 676 769 3881 981 2529 881 2172 1234 2345 1679 599 2147 2000 635 546 674 1389 1981 580 719 1192 1409 2289 1345 923 1315 620 1725 584 748 941 573 718 953 878 686 2320 646 1111 758 537 600 1399 1454 900 546 13023 6948 4017 4126 542 588 891 794 801 19364 784 1096 800 889 1057 653 608 1086 1709 2519 1524 934 592 702 750 2550 1129
internal_value=0 0.000323498 0.00150838 0.00320496 -0.00201517 -0.00356608 -0.000849656 0.00412453 -0.00997228 -0.00648042 0.0198596 0.002311 0.00580897 0.00810457 0.0117673 0.000703414 0.000656569 -0.00423309 -0.0144811 -0.00050092 0.00265632 -0.00472454 -0.000542177 0.00667063 0.0188397 -0.00432217 -0.00821681 -0.000444061 0.00755061 -0.000554445 0.019752 -0.00974404 -0.00141124 -0.0260401 0.0167342 0.0204022 0.0249824 0.00731915 0.0127605 0.0025193 0.0148525 -0.00814674 0.0110155 -0.00998057 -0.00540783 -0.01206 -0.0020229 -0.0202215 -0.00453285 -0.000293799 0.00346885 0.00180906 0.00510478 0.00707111 -0.000652392 -0.0127558 -0.00918798 -0.00213897 0.00703606 -0.0203155 -0.00201571 0.00607966 0.000664282 -0.00426681 -0.0126388 0.0117333 -0.0248983 -0.0218887 -0.00465364 -0.0100075 -0.00675449 0.00924457 0.0142709 0.0280468 0.00423594 -0.00322464 -0.00238642 -0.01368
internal_weight=0 10723.4 8230.99 5565.45 2665.54 2492.37 1758.82 836.098 733.551 609.799 144.688 5098.63 1624.4 1400.4 930.772 469.63 3474.23 949.752 246.917 702.835 93.7788 526.569 417.224 238.951 114.13 124.821 224 2333.06 375.645 225.652 149.993 159.578 252.888 123.752 677.883 480.669 354.632 197.214 466.82 2524.48 129.294 174.696 97.8708 511.928 922.72 302.787 619.933 199.726 557.864 412.989 103.062 2395.18 1030.65 906.191 1364.54 332.476 286.812 181.249 112.178 105.562 1957.42 246.951 691.41 360.662 239.337 121.325 127.295 137.59 321.64 216.331 420.786 384.268 248.424 99.5583 148.866 1710.47 415.7 149.684
internal_count=131433 129683 101023 67727 33296 28660 19691 9933 8969 7404 1557 62425 19013 16370 10876 5494 43412 11863 3456 8407 1309 6407 5018 3037 1299 1738 2643 29118 4802 2888 1914 1965 5724 1565 5152 3686 2745 1466 5302 31549 1564 3999 1245 6159 9758 3251 6507 2168 5749 4295 1083 29985 12836 10965 17149 4178 3636 2273 1382 1363 24316 3073 8376 4495 2638 1857 1542 1750 3395 2309 5048 4349 2825 1189 1636 21243 4895 1879
is_linear=0
shrinkage=0.0454652


Tree=8
num_leaves=79
num_cat=0
split_feature=29 23 11 13 14 11 33 14 23 12 4 11 13 0 6 14 11 13 11 13 11 14 13 18 14 13 18 11 11 18 11 8 13 8 9 13 14 6 6 12 11 14 20 18 33 9 6 22 12 14 6 13 20 14 18 20 11 14 20 0 0 0 11 0 18 11 14 6 14 9 13 20 9 12 12 13 20 0
split_gain=32.9021 24.0173 23.4669 22.4316 24.2696 35.2303 24.8677 20.8492 19.5552 19.8575 18.7524 18.1473 17.9354 17.3769 16.2451 18.7056 36.2646 17.6151 17.1255 16.2157 19.3687 14.6673 18.1126 11.8992 11.6977 23.0174 19.4568 18.9972 16.5837 12.1804 13.7183 11.172 11.0685 25.167 19.5162 23.1974 12.5651 11.8479 15.1415 10.7015 10.5557 10.4022 10.1073 10.0751 12.5477 9.96473 9.38326 15.6382 13.4025 11.4458 16.2374 12.098 22.8348 10.5711 9.85622 9.25906 11.3315 9.12243 9.07436 13.8965 10.4067 8.43111 8.42542 8.28016 8.21769 8.07075 7.93295 11.1732 7.93293 7.87467 7.81415 16.1512 7.7707 7.71625 8.79564 9.35243 8.25901 11.7212
threshold=-0.60785761475563038 0.55967646837234508 0.011097088456153871 -0.087325319647788988 -7.9184086322784415 0.073263477534055724 1.0359913706779482 -6.5990126132965079 1.5088239908218386 -0.20982252806425092 1.5637252330780032 0.011097088456153871 -0.00082923029549419869 1.4378236532211306 4.6947078704833993 -2.7356638908386226 0.12828671187162402 -0.028464514762163159 0.040531316772103317 0.052048621699213989 0.12828671187162402 -5.165829896926879 0.017472503706812862 74.500000000000014 -10.948276042938231 -0.025589214637875553 40.500000000000007 0.035194927826523788 0.10654027014970781 80.500000000000014 0.079590950161218657 -5.0055110454559317 0.0668219029903412 0.80866929888725292 0.24604013562202456 0.036940567195415504 -5.8928017616271964 15.827877521514894 9.4483909606933612 0.022419091314077381 0.092380024492740645 -5.7253220081329337 2.5990152359008794 76.500000000000014 0.9590476155281068 0.191981315612793 1.3959419727325442 -0.86469826102256764 -0.0075202500447630874 -19.293704986572262 -0.47272700071334833 -0.048339469358324998 -0.7663598060607909 -18.783957481384274 18.500000000000004 7.8584306240081796 0.024250795133411888 -19.573305130004879 -0.59845450520515431 0.96955054998397838 0.93525621294975292 0.85058459639549266 0.12708191573619845 0.79843086004257213 54.500000000000007 0.13186953961849215 -25.37214374542236 -7.6136388778686515 -13.160143375396727 0.38677935302257543 0.051416020840406425 2.9295848608016972 0.086641926318407073 0.080517303198575987 0.053673725575208671 -0.020152963697910305 1.062440872192383 0.76550394296646129
decision_type=2 2 2 2 2 2 8 2 2 2 2 2 2 2 2 2 2 2 2 2 2 2 2 2 2 2 2 2 2 2 2 2 2 2 2 2 2 2 2 2 2 2 2 2 10 2 2 2 2 2 2 2 2 2 2 2 2 2 2 2 2 2 2 2 2 2 2 2 2 2 2 2 2 2 2 2 2 2
left_child=41 3 7 -2 24 11 19 43 9 -4 -9 12 -6 -10 15 31 18 42 -17 -7 -21 23 -23 -13 28 -26 -27 -28 29 30 68 -11 34 37 36 55 -19 38 -34 40 -20 -1 -16 58 -45 -31 47 48 54 50 66 52 -51 -48 -33 56 -36 -15 59 -3 -60 -18 -8 -58 -38 70 67 -49 -5 -37 72 -72 -66 74 76 -76 77 -55
right_child=1 2 8 4 5 6 62 10 13 14 -12 21 -14 57 17 16 61 32 39 20 -22 22 -24 -25 25 26 27 -29 -30 45 -32 46 33 -35 35 69 64 -39 -40 -41 -42 -43 -44 44 -46 -47 53 49 -50 51 -52 -53 -54 73 -56 -57 63 -59 60 -61 -62 -63 -64 -65 65 -67 -68 -69 -70 -71 71 -73 -74 -75 75 -77 -78 -79
leaf_value=-0.03125277661387714 -0.02163277156256703 0.01215726486286926 0.022829340083917002 0.027330693189402112 -0.0088164726876012751 0.037964332708945669 -0.015650228704276792 -0.021002739740650551 -0.017562426263173343 0.023549968131638944 0.00094106007488281107 0.010361089074836632 0.02946623670604415 -0.01349557939514663 0 -0.00037451134565852763 -0.023845386492965311 0.006282615330644674 0.0026546355036863888 -0.0038874451982461007 0.026428498737107741 -0.0006017303927992832 -0.031789276749810698 -0.013564365972613925 0.046326923929517448 0.032403253588834245 0.016962920438390396 -0.023655277689870805 0.033743364569815769 -0.018589653894280595 -0.0085977632849550834 0 0.015138388900718955 -0.013004550931617833 -0.0048789964886153878 -0.00012103829056417973 0.0065783090608903094 0.030989228453553955 -0.009023178022110015 0.029704036601279887 0.025880307071293761 -0.003485826728826347 -0.026287420755288109 -0.0043312740142359618 0.029889326902297491 0.0088670689779228803 0.017557547084763238 -0.011774984399212709 -0.0030012374508768397 0.031220312770335067 0.021607250812371071 0.0015749472300177773 -0.00028808344522069003 -0.017856769432836275 0.024671486158516439 -0.0067908416880985379 0.0011104898301585592 -0.0010793953984949926 -0.024898740687863907 -0.0079306255550718272 0 0 0.01251757718750109 0.021972061949197347 -0.01973667097283124 -0.027986893267605329 -0.013215448706844471 0.013797521834415481 0.0059297498552219625 -0.01853508987461619 -0.015251009342013061 0.016776032447577676 -0.0072206589634586605 0.013870668657731851 0.0033953939176879825 -0.019453903964112763 0.0022358461438674697 -0.0014957465947407148
leaf_weight=85.667056964710355 53.6548395100981 119.4559529889375 82.926173036918044 82.56700449064374 44.924134081229568 74.709672555327415 64.444656128063798 293.44573587551713 185.02118832431734 42.361383626237512 104.17471706308424 80.298393392935395 46.548125455155969 136.78592623583972 45.606605062261224 93.891315557062626 56.583982950076461 106.01868071593344 107.14688183180988 79.759757369756699 83.88683608174324 63.648185815662146 108.56282217986882 82.400731043890119 59.634845031425357 54.676601566374302 48.631710208952427 39.103615652769804 45.127608742564917 62.60880840010941 49.374510806053877 47.887203723192215 160.24181279912591 107.27920416928828 51.839103309437633 109.03544918261468 50.518159229308367 54.217501936480403 73.633215995505452 160.77713427506387 67.972956227138638 48.257375217974186 93.363422991707921 38.147445669397712 40.367898866534233 40.315697310492396 46.732275215908885 69.596522277221084 74.629489736631513 79.85432986356318 36.289489503949881 2587.900589056313 102.55702292174101 131.6216605771333 146.18156588450074 49.498445553705096 56.250910507515073 1040.2594795580953 71.863670598715544 163.20516436360776 61.373663917183876 57.262123225256801 26.934911420568824 189.27046566456556 182.31608084216714 55.912889955565333 250.05024764873087 63.582767238840461 77.973555605858564 90.181216012686491 61.638243911787868 60.246456133201718 289.40812715142965 44.86207315325737 44.496275773271918 133.92050501145422 399.7992611322552 297.73739550076425
leaf_count=1167 814 1531 1102 1243 546 518 1159 3548 1428 489 1338 1039 565 1949 525 1021 589 1456 1019 568 610 845 1241 1103 571 789 709 547 569 849 575 642 1553 1147 626 1221 566 741 747 1555 734 542 1143 884 295 509 760 939 952 923 586 31458 1298 1740 1759 611 684 13137 940 1999 773 609 612 2033 2027 517 3721 923 851 1009 679 629 3338 470 544 1581 5166 3285
internal_value=0 0.000340167 -0.000478165 0.00595657 0.00718171 0.00177316 0.0128998 -0.00747678 0.000255953 0.00121764 -0.015181 -0.00675887 0.0105811 -0.00471919 0.000942673 0.00227101 0.0102274 -0.00265047 0.0162935 0.020584 0.0116272 -0.0117092 -0.0208203 -0.00149918 0.014332 0.0231764 0.0121276 -0.000856351 0.00900007 0.00488793 0.0111926 0.00131189 -0.00136128 0.0052474 -0.00333965 0.00321983 -0.0078375 0.0122978 0.00730205 0.0210447 0.0123264 -0.0220002 -0.0180189 -0.00110933 0.0132805 -0.00745103 0.0010736 0.00224371 0.0127143 0.0013313 -0.00559791 0.0024049 0.0136255 -0.0025586 0.0189412 0.0103433 0.0134106 -0.00260528 -0.00404481 0.000440895 -0.0136464 -0.0120306 -0.00665618 0.0174843 -0.0100693 -0.0114717 -0.00850075 0.000125806 0.0176378 -0.00890159 -0.00965386 0.000223074 -0.0122884 -0.00356244 -0.00443974 -0.0135397 -0.00236631 -0.00674485
internal_weight=0 10737 9367.2 1369.79 1316.13 756.118 329.736 892.034 8475.16 7113.1 397.62 426.382 91.4723 1362.07 7030.17 5143.69 543.634 1886.48 429.788 238.356 163.647 334.91 172.211 162.699 560.014 202.047 142.412 87.7353 357.967 312.84 209.915 4600.06 1747.51 395.372 1352.13 546.076 806.059 288.093 233.875 335.897 175.12 133.924 138.97 494.414 78.5153 102.925 4557.7 3458.53 268.698 3189.83 419.519 2770.31 182.411 1099.17 194.069 346.859 297.36 1177.05 415.898 282.661 133.237 113.846 91.3796 245.521 700.04 649.522 383.23 133.179 160.541 199.217 593.609 121.885 471.724 1052.44 1007.58 178.417 829.158 429.359
internal_count=131480 129771 112939 16832 16018 8806 3467 11308 101631 85117 4886 5339 1111 16514 84015 62763 5527 21252 4329 1696 1178 4228 2086 2142 7212 2616 2045 1256 4596 4027 2669 57236 19584 4188 15396 6184 9212 3041 2300 3308 1753 1709 1668 6422 1179 1358 56747 43201 3353 39848 6169 33679 2221 13546 2401 3954 3343 15086 5243 3530 1713 1198 1771 2717 7756 7190 5583 1862 2094 2230 6673 1308 5365 12786 12316 2125 10191 5025
is_linear=0
shrinkage=0.0454652


Tree=9
num_leaves=79
num_cat=0
split_feature=11 27 13 30 22 13 15 13 7 30 3 5 3 15 6 27 11 27 15 15 7 27 13 17 13 11 6 17 27 4 27 4 13 30 13 33 3 27 11 17 6 33 27 3 13 30 15 13 27 18 22 27 13 30 15 30 15 3 27 11 30 4 13 30 13 18 27 15 3 22 13 6 5 15 6 17 27 22
split_gain=21.5295 18.6546 16.8828 24.4517 18.7673 28.9761 24.0367 23.1067 18.6747 20.4804 22.8823 28.3561 25.6077 16.614 16.0431 26.4576 30.352 20.0565 18.2578 20.1602 16.6412 15.061 14.0154 16.8397 13.8502 13.5697 24.2493 18.6508 17.1921 13.1129 12.7754 15.1751 15.1672 21.9947 13.0057 12.751 21.386 18.5406 13.6522 12.9942 12.5591 12.4667 12.3632 11.8813 11.3746 11.2969 11.2082 16.2088 20.8818 14.1348 12.7137 11.9557 18.2847 15.5645 15.3221 25.1668 10.3738 10.2412 10.1944 13.1474 10.1739 13.2382 11.8159 11.5798 9.65039 8.65059 8.45561 8.84875 8.14528 11.8397 8.14459 8.13817 8.62257 7.83699 7.70239 7.58462 7.57525 7.35189
threshold=0.017034010030329231 -0.9686339497566222 -0.087325319647788988 -0.56174489110708226 -0.58006566762924183 -0.061583640053868287 21.257810592651371 0.083895564079284682 23.747909545898441 1.0000000180025095e-35 0.47735372185707098 2.2477426528930669 0.55794715881347667 8.8469467163085955 1.0515643954277041 -0.8253108263015746 0.050918076187372215 0.010907442308962408 12.145339488983156 10.274508476257326 18.598800659179691 -0.95032352209091175 0.0196911720559001 72.500000000000014 -0.027908389456570145 0.057272216305136688 9.0747413635253924 62.500000000000007 -0.35222910344600672 0.032749727368354804 0.4904943853616715 -1.4054690003395078 0.057894699275493629 1.0000000180025095e-35 0.065829008817672743 1.0000000180025095e-35 0.80824288725852977 0.96863394975662243 0.074504893273115172 73.500000000000014 2.0320719480514531 1.6250000000000002 0.71473535895347606 0.7534463405609132 0.0024690607096999888 -0.56174489110708226 10.11048746109009 -0.0060561085119843474 0.4904943853616715 45.500000000000007 0.0090801413170993345 0.098011311143636717 0.0024690607096999888 1.0000000180025095e-35 4.8641705513000497 1.0000000180025095e-35 10.193215847015383 0.80112364888191234 0.26932403445243841 0.1017093174159527 1.0000000180025095e-35 -2.5890294313430782 0.01174818864092231 0.81174489855766307 -0.025067667476832863 71.500000000000014 -0.75894212722778309 21.860967636108402 0.6628510355949403 -0.080710794776678071 -0.021195940673351284 15.827877521514894 0.71861585974693309 14.759906291961672 0.88121393322944652 70.500000000000014 0.65106672048568737 -0.80783316493034352
decision_type=2 2 2 2 2 2 2 2 2 2 2 2 2 2 2 2 2 2 2 2 2 2 2 2 2 2 2 2 2 2 2 2 2 2 2 10 2 2 2 2 2 8 2 2 2 2 2 2 2 2 2 2 2 2 2 2 2 2 2 2 2 2 2 2 2 2 2 2 2 2 2 2 2 2 2 2 2 2
left_child=1 56 3 76 5 41 30 43 9 10 11 13 77 70 15 16 -11 29 19 64 65 -14 -15 58 -19 27 28 44 -27 -17 32 -32 -6 -34 35 -33 37 39 40 42 -39 -4 45 66 -23 -37 49 50 68 60 -48 52 53 74 -53 -56 -1 -29 -24 -60 61 -3 -63 -62 -16 -20 -8 -68 69 -49 -7 72 -9 -13 -51 -54 -2 -12
right_child=2 46 4 -5 6 8 7 71 -10 14 12 73 21 22 18 17 -18 24 20 -21 -22 25 23 -25 -26 26 -28 57 -30 -31 31 34 33 -35 -36 36 -38 38 -40 -41 -42 -43 -44 -45 -46 -47 47 48 -50 51 -52 54 75 -55 55 -57 -58 -59 59 -61 63 62 -64 -65 -66 -67 67 -69 -70 -71 -72 -73 -74 -75 -76 -77 -78 -79
leaf_value=-0.011110437277165819 0.014910480481806343 -0.019007564039237639 0.035550188092273151 -0.022969412759191569 -0.0013549395065062038 0.017589531848694443 -0.027791440646113337 0.010656150625194752 0.025017349512076872 0 0.039690825745495754 0.031702387874840331 -0.014227660927306263 -0.029644812665229441 0.0030419667188291729 0 0.047909509099707481 -0.0087216073684481914 -0.0020875328979841003 0.024603527058474749 0.0071034368885772494 -0.012574202380824342 -0.027997651655442525 0.012174727041918954 0.015992320758621961 0.0048128864569893333 0.02608787854307585 0.040860512604361916 -0.024316959847938007 -0.022964231442588148 -0.0027874420572951428 7.02176744633855e-05 0.021950505657251033 -0.0084447651533316268 -0.013248202535697555 0.022638124752050532 -0.0094844466471147131 0.020681384778065217 -0.013346372076568983 0.0045445928479217173 -0.0047020198700899367 0.0065437515552724951 0.024493539143298611 0.00058516434835310395 0.01716744231519644 0.00099045396328866875 -0.027721835143436069 -0.030726984058378207 0.012847535914300911 0.013112062363647318 0 -0.011141460852204684 0 -0.027974312009891002 0.004152104400799439 0.037081646610188382 -0.040336347202151367 0.009736690832387207 0.010148147560360688 -0.02167029356403136 -0.020683681363274635 0.0091397806075202669 -0.012843651328200928 -0.00028114546482715003 -0.020448877991571947 -0.024695866836220014 0.002358176313393843 -0.014661434879300914 0.001515179512369944 -0.00039866559851801518 -0.0056485929334042445 0.021218501108318577 -0.0066477396596483183 0.0069537134204483448 -0.012667366637522352 0.02862783779529458 -0.0088451450594752359 0.016123687661870147
leaf_weight=90.606098331511021 64.683389069512486 59.597602913156152 82.262984395027161 141.27508037351072 3425.5246027093381 70.172087106853724 89.343994945287704 95.581442058086395 75.405607316643 55.386114170774817 72.647022593766451 51.676821729168296 54.833617348223925 67.189305545762181 79.004048131406307 101.68852854892612 48.796929752454162 63.65075496584177 49.532469913363457 55.986983004957438 51.002588093280792 45.495524549856782 61.963583815842867 67.97231712937355 139.48209461197257 96.877549830824137 58.782035006210208 71.392650799825788 65.830081209540367 103.69148723594844 520.55939591489732 410.9505294971168 134.06857467442751 70.848568581044674 63.291253173723817 81.358971945941448 103.65291159600019 81.122316777706146 86.641468845307827 188.8235867023468 69.36545230448246 58.160915482789278 329.32318261265755 121.60185389779508 51.877859910950065 132.74482050538063 123.20527401007712 67.185394689440727 107.910037079826 46.588733568787575 47.482547445222735 44.293865237385035 37.337182490155101 63.782987611368299 131.69629151560366 76.376893697306514 38.810369331389666 41.943003842607141 54.310428079217672 44.47582933306694 142.68767264857888 212.69913894310594 60.674521492794156 102.84363330155611 57.244475148618221 190.56029957905412 69.909162258729339 347.69459233805537 53.431538915261626 47.939385974779725 46.846855688840151 42.053691612556577 143.24237385392189 68.576289577409625 40.979337176308036 37.249071100726724 40.420423055067658 72.464767377823591
leaf_count=1274 925 694 606 2196 41879 908 948 1311 939 678 793 641 661 769 731 1194 511 728 573 612 472 534 521 857 1722 1066 679 905 676 1200 6144 9252 1395 775 794 622 719 623 653 1495 541 1256 2514 1958 599 1017 1295 752 1448 578 644 614 567 851 1830 1005 489 541 701 502 1741 2605 759 1313 732 2245 722 3770 673 546 617 645 1700 613 547 490 501 821
internal_value=0 -0.00483975 0.000816634 -0.0108084 0.00114561 0.00460658 -9.42135e-05 -0.00694776 0.00330006 0.00247409 0.00656656 -0.000289427 0.0123907 -0.00605762 -0.00227249 0.00325211 0.023273 -0.00191547 -0.00821096 0.00242776 -0.0153383 0.00713863 -0.0118154 -0.00594 0.00799364 0.010069 0.00188792 0.0182422 -0.00698726 -0.0119138 0.00099523 0.00384721 -0.000618283 0.0112485 0.00611226 0.00700486 0.00960506 0.0117276 0.000449434 0.0152909 0.0088506 0.0243985 0.018874 -0.0117877 0.00284376 0.00970994 -0.00334541 -0.00935362 -0.00226654 -0.000731013 -0.0202323 0.00497517 -0.00243318 -0.0116123 0.011731 0.0169507 -0.0212064 0.0304972 -0.0140076 -0.00399474 -0.0055344 -0.000180524 0.00396754 -0.0124777 -0.00678802 -0.0203444 -0.014832 -0.0117013 -0.0123002 -0.0189536 0.00800696 0.00372564 0.000139505 0.0186736 0.000488909 0.0152089 0.00533876 0.0290128
internal_weight=0 1633.38 9231.27 246.379 8984.89 2377.18 6607.7 909.427 2236.76 2161.35 1165.33 533.184 632.144 412.93 996.027 512.696 104.183 408.513 483.331 192.236 291.095 487.032 295.911 228.722 203.133 432.199 221.49 210.709 162.708 205.38 5698.28 2067.83 3630.44 204.917 1547.27 1483.98 1073.03 969.38 237.129 732.251 150.488 140.424 543.427 628.55 97.3734 214.104 1503.96 447.154 276.466 1056.81 170.688 478.304 225.937 151.351 252.367 208.073 129.416 113.336 160.75 98.7863 578.503 332.971 273.374 245.531 136.249 240.093 506.948 417.604 168.556 115.125 117.019 280.878 238.824 120.253 87.5681 74.5863 105.104 145.112
internal_count=131417 20715 110702 3622 107080 27603 79477 11054 25741 24802 13404 6129 7275 4875 11398 6033 1189 4844 5365 2075 3290 5661 3350 2581 2450 5000 2421 2579 1742 2394 68423 24374 44049 2170 18230 17436 8184 7465 1817 5648 1164 1862 4153 7398 1133 1639 18952 5358 3419 13594 1939 6482 3033 1976 3449 2835 1763 1446 1724 1203 7112 4058 3364 3054 1463 2818 5440 4492 1971 1298 1525 3656 3011 1254 1125 1057 1426 1614
is_linear=0
shrinkage=0.0454652


Tree=10
num_leaves=79
num_cat=0
split_feature=28 30 3 13 17 15 16 29 13 13 3 3 5 0 13 29 5 15 3 13 13 13 13 16 15 33 13 0 28 5 17 13 18 28 1 31 5 0 30 3 15 5 3 3 5 28 3 17 30 15 33 13 30 5 3 18 3 13 13 0 0 30 3 33 0 5 0 13 8 16 29 3 3 33 8 17 17 13
split_gain=35.4046 34.9903 31.5022 26.2223 44.8565 20.0149 21.2695 19.7699 23.5402 31.1371 63.8325 35.9827 35.2383 31.1595 29.1685 38.1274 20.4377 23.318 19.1662 26.8388 18.1079 36.2768 18.8388 18.2547 39.8429 34.5203 18.8625 25.3253 16.3005 15.5488 15.4483 14.8542 14.6538 14.5556 13.3433 12.643 12.445 12.3362 14.128 15.4012 15.6313 18.6154 13.8031 17.1296 21.375 15.5363 13.2824 14.5037 13.0162 18.2907 16.5381 12.583 19.171 15.9812 12.3039 12.2333 11.9748 23.6618 11.6515 15.0441 10.6318 10.5208 24.4128 20.6813 18.8421 13.9881 13.8744 13.4559 11.612 12.3065 9.72717 14.7649 12.3111 9.64185 9.22853 9.02888 11.3801 11.863
threshold=0.31107263267040258 1.0000000180025095e-35 0.47735372185707098 -0.01442580623552203 57.500000000000007 7.6756558418273935 0.7671107053756715 -1.0000000180025095e-35 0.060324635356664665 -0.0081890695728361589 0.32225055992603308 0.31192837655544287 3.3906670808792119 0.76238617300987255 0.069130990654230132 0.6078576147556306 1.7657605409622195 16.704138755798343 0.63932856917381298 0.050809180364012725 0.076454363763332381 0.062221067026257522 0.091552894562482848 0.45829319953918463 5.7192599773406991 0.99393379688262951 0.020738831721246246 0.65808117389678966 0.60003554821014415 2.2477426528930669 4.5000000000000009 0.012606764212250711 73.500000000000014 -0.92794367671012867 0.63043299317359935 1.0000000180025095e-35 -3.6441534757614131 0.63982021808624279 0.81174489855766307 0.22475872188806537 14.982802867889406 -0.95688554644584645 0.47562648355960851 0.5467396378517152 4.7978878021240243 -0.87137606739997853 0.60977464914321911 59.500000000000007 1.0000000180025095e-35 6.7805874347686776 0.99472221732139599 -0.020152963697910305 0.81174489855766307 4.7099325656890878 0.65695220232009899 65.500000000000014 0.73047596216201793 0.017081377096474174 0.00041499907092656946 1.0764805078506472 1.4526170492172243 1.0000000180025095e-35 0.24977559596300128 0.99611112475395214 0.72024849057197582 1.5952252745628359 0.97663938999176036 -0.017900890670716759 -1.8735050559043882 0.39163714647293096 0.6078576147556306 0.46018993854522711 0.50457534193992626 1.0013927817344668 -1.0928738713264463 33.500000000000007 45.500000000000007 0.014676423743367197
decision_type=2 2 2 2 2 2 2 2 2 2 2 2 2 2 2 2 2 2 2 2 2 2 2 2 2 10 2 2 2 2 2 2 2 2 2 2 2 2 2 2 2 2 2 2 2 2 2 2 2 2 10 2 2 2 2 2 2 2 2 2 2 2 2 10 2 2 2 2 2 2 2 2 2 8 2 2 2 2
left_child=33 2 20 4 -4 31 -7 -3 9 10 -9 -11 34 -13 -10 -16 -15 -18 19 -8 21 23 -22 24 32 -26 29 -28 -6 -25 -20 36 -2 61 73 37 -5 38 39 -35 41 -41 48 44 58 -45 47 60 75 -50 -51 52 -48 -53 -30 -55 -37 -58 -44 -60 -47 62 -1 -64 -63 67 70 -65 -68 -70 72 -72 -66 -12 -69 -39 -77 -78
right_child=1 7 3 5 28 6 18 8 14 11 12 13 -14 16 15 -17 17 -19 30 -21 22 -23 -24 26 25 -27 27 -29 54 -31 -32 -33 -34 35 -36 56 -38 42 -40 40 -42 -43 43 45 -46 46 51 -49 49 50 -52 53 -54 55 -56 -57 57 -59 59 -61 -62 64 63 65 66 -67 68 74 69 -71 71 -73 -74 -75 -76 76 77 -79
leaf_value=0.0216981304734752 -0.01332513000899461 -0.01806827966604466 -0.022580713698610404 0.0094230628220135643 -0.0026992579001585385 0.0019915988927904321 0.04700241379868899 -0.026862741446297141 0.039440240478752518 0.025496567181760004 0.031099068099345449 -0.019697457102891339 -0.01187203578469174 -0.011138101655455286 0.026985564017335709 -0.018804902635967582 0.026914835414064402 -0.0083316955380052741 -0.0082345958542071468 0.0082570175763994388 -0.030736640224017831 0.027587539081861168 0.0009441416083337226 -0.025313979613876596 0 0.046078465150295185 -0.014951810176300664 0.014567055458471907 0.035238016608900032 0.0047058656465540473 0.016999834438499079 0.005184950689532738 0.013450228712275409 -0.0094864380268873654 0.0079756699460212088 0.0037717798522962582 0.039962052939014135 0.0028421107672162455 -0.01094246769097732 0 -0.0077362552524130419 0.034076908146927154 0.0010970675401384092 0.011443698627054071 -0.017022774983248459 -0.025645388537006264 -0.00096884154880301076 0.0036078527795077478 0.0031939890890668697 -0.0030887659132760549 -0.030192682840861986 -0.0077737571280846688 0.021399648554307014 -0.0048579488250612684 0.0091044920505896267 0.010174839076616935 0.00056385298541921031 -0.033662663147548288 0.035066618303026979 0.0071305652315467203 -0.0030630948239466385 -0.026654576277486453 -3.367116372424805e-05 -0.027289140743127181 -0.011112744074522563 -0.025404727064755522 0.01092008597032945 0.0082285414615334545 0.0052271760272286222 -0.018952775750120769 0.034936047400623199 0.0016894114948815897 0.015328173739850121 0.010237699311136007 -0.01024391750644056 -0.028016323283481481 -0.014859290907315517 0.0077904279976864577
leaf_weight=44.298177057877183 136.71873823739588 132.0672802310437 108.13260246627033 43.353951180353761 98.645529191941023 286.62132204137743 87.998670358210802 103.85192842595279 61.366222618147731 55.392603849992156 154.14253149181604 392.18953681364655 104.84490128979087 171.8672158010304 66.151363139972091 76.309162320569158 84.240740105509758 63.631259068846703 65.815156780183315 71.06264398060739 66.348880998790264 108.35962591506541 79.524378310889006 131.36410977132618 59.045756770297885 75.316958270967007 100.7918735910207 135.5305242612958 64.890548607334495 43.40632402151823 162.85428421758115 55.919381368905306 55.135676706209779 51.40520204231143 213.65742121636868 1489.6149525586516 141.48366933502257 220.55148100852966 70.930109800770879 47.989939859136939 36.309215379878879 105.51451760903001 115.45466188713908 137.4475006442517 54.911377539858222 148.82842834852636 337.78548538684845 74.491012612357736 73.327612923458219 72.47358663380146 158.78266256302595 1013.7238024044782 97.869632061570883 218.59189744479954 105.45150676183403 216.85398254543543 171.11150779388845 49.995772752910852 75.414687514305115 96.402343668043613 68.968151753768325 50.426289446651936 238.32025584578514 68.658103048801422 76.941665621474385 214.52810071408749 57.650680487975478 74.033894829452038 57.368342218920588 133.86453308537602 54.080274360254407 59.648478856310248 61.744336972013116 83.904549496248364 179.80844210088253 51.199959436431527 94.620501104742289 86.26997460052371
leaf_count=733 1922 1725 1149 532 1204 3543 841 1389 627 754 1096 4900 1120 1900 838 878 879 668 704 727 704 973 1040 1616 1290 573 1170 1411 862 584 1986 668 812 773 2535 18291 1901 2348 971 746 559 1481 1369 1716 539 1474 4426 876 1011 1455 1114 12736 1017 2762 1331 2730 1937 434 728 986 780 665 5245 516 953 1655 759 562 756 1516 689 626 737 1845 1372 560 1134 950
internal_value=0 0.00336269 0.00707616 0.0117455 0.00148951 0.0158936 0.011626 -0.00142366 -4.75745e-06 -0.0021103 0.00506479 -0.00834296 0.0112618 -0.0111745 0.0142608 0.00228451 -0.000452992 0.0116105 0.0185286 0.0306316 0.000918636 0.00353112 -0.013585 -7.1093e-05 0.00783923 0.026501 -0.00648109 0.00173417 0.0115374 -0.0176483 0.00951028 0.027254 -0.00526139 -0.00200448 0.0167967 -0.000936072 0.0334159 -0.00242723 0.00611752 0.0114315 0.0174286 0.0237368 -0.00322915 -0.00165691 0.00773956 -0.00307831 -0.00403721 -0.0130302 -0.00864282 -0.0158961 -0.0221069 -0.00259163 0.00409742 -0.00464195 0.0199317 0.00254245 0.00228141 -0.00742896 0.0128126 0.0201993 -0.0189023 -0.00618937 -0.00945333 -0.0114001 -0.0012188 -0.0163158 0.00143808 -0.00987823 -0.00601489 -0.0114916 0.00895573 0.0185761 0.0004191 0.0242443 -0.00462224 -0.00355674 -0.00978797 -0.00386003
internal_weight=0 4047.39 2283.77 1292.23 377.12 915.109 674.352 1763.62 1631.55 1427.72 660.401 767.321 556.549 711.929 203.827 142.461 319.739 147.872 387.731 159.061 991.543 845.67 145.873 737.31 326.217 134.363 411.093 236.322 268.988 174.77 228.669 240.757 191.854 6808.21 451.705 5436.84 184.838 3726.12 312.149 241.219 189.814 153.504 3413.97 2656.74 342.183 2314.56 2177.11 292.288 757.226 304.584 231.256 1884.82 435.655 1449.17 170.342 435.446 1710.72 221.107 287.272 171.817 217.797 1371.37 819.647 775.349 551.725 537.029 501.298 322.5 248.884 191.233 252.415 113.729 138.686 238.047 253.842 452.642 232.09 180.89
internal_count=131384 48697 27543 15448 4546 10902 7801 21154 19429 17086 7985 9101 6596 8347 2343 1716 3447 1547 4258 1568 12095 10351 1744 9378 4597 1863 4781 2581 3397 2200 2690 3101 2734 82687 5476 65903 2433 45241 4530 3559 2786 2227 40711 32139 3622 28517 26801 3130 8572 3580 2569 23671 5443 18228 2193 5492 20662 2371 3083 1714 2254 16784 10083 9350 6701 4105 6036 2450 3031 2272 3005 1315 1690 2941 1934 4992 2644 2084
is_linear=0
shrinkage=0.0454652


end of trees

feature_importances:
Column_13=70
Column_20=52
Column_27=46
Column_14=45
Column_15=45
Column_3=44
Column_16=38
Column_29=38
Column_12=37
Column_21=36
Column_11=35
Column_2=34
Column_18=34
Column_7=32
Column_17=30
Column_22=30
Column_23=28
Column_6=25
Column_30=24
Column_0=22
Column_5=22
Column_33=19
Column_10=14
Column_28=14
Column_9=13
Column_8=12
Column_4=10
Column_1=5
Column_32=3
Column_31=1

parameters:
[boosting: gbdt]
[objective: binary]
[metric: auc]
[tree_learner: serial]
[device_type: cpu]
[data_sample_strategy: bagging]
[data: ]
[valid: ]
[num_iterations: 600]
[learning_rate: 0.0454652]
[num_leaves: 79]
[num_threads: 2]
[seed: 1337]
[deterministic: 0]
[force_col_wise: 0]
[force_row_wise: 0]
[histogram_pool_size: -1]
[max_depth: -1]
[min_data_in_leaf: 525]
[min_sum_hessian_in_leaf: 0.001]
[bagging_fraction: 0.774687]
[pos_bagging_fraction: 1]
[neg_bagging_fraction: 1]
[bagging_freq: 1]
[bagging_seed: 1337]
[feature_fraction: 0.515409]
[feature_fraction_bynode: 1]
[feature_fraction_seed: 1337]
[extra_trees: 0]
[extra_seed: 18955]
[early_stopping_round: 0]
[early_stopping_min_delta: 0]
[first_metric_only: 0]
[max_delta_step: 0]
[lambda_l1: 1.07292]
[lambda_l2: 4.08529]
[linear_lambda: 0]
[min_gain_to_split: 0]
[drop_rate: 0.1]
[max_drop: 50]
[skip_drop: 0.5]
[xgboost_dart_mode: 0]
[uniform_drop: 0]
[drop_seed: 17763]
[top_rate: 0.2]
[other_rate: 0.1]
[min_data_per_group: 100]
[max_cat_threshold: 32]
[cat_l2: 10]
[cat_smooth: 10]
[max_cat_to_onehot: 4]
[top_k: 20]
[monotone_constraints: ]
[monotone_constraints_method: basic]
[monotone_penalty: 0]
[feature_contri: ]
[forcedsplits_filename: ]
[refit_decay_rate: 0.9]
[cegb_tradeoff: 1]
[cegb_penalty_split: 0]
[cegb_penalty_feature_lazy: ]
[cegb_penalty_feature_coupled: ]
[path_smooth: 0]
[interaction_constraints: ]
[verbosity: -1]
[saved_feature_importance_type: 0]
[use_quantized_grad: 0]
[num_grad_quant_bins: 4]
[quant_train_renew_leaf: 0]
[stochastic_rounding: 1]
[linear_tree: 0]
[max_bin: 255]
[max_bin_by_feature: ]
[min_data_in_bin: 3]
[bin_construct_sample_cnt: 200000]
[data_random_seed: 4404]
[is_enable_sparse: 1]
[enable_bundle: 1]
[use_missing: 1]
[zero_as_missing: 0]
[feature_pre_filter: 1]
[pre_partition: 0]
[two_round: 0]
[header: 0]
[label_column: ]
[weight_column: ]
[group_column: ]
[ignore_column: ]
[categorical_feature: ]
[forcedbins_filename: ]
[precise_float_parser: 0]
[parser_config_file: ]
[objective_seed: 4113]
[num_class: 1]
[is_unbalance: 0]
[scale_pos_weight: 1]
[sigmoid: 1]
[boost_from_average: 1]
[reg_sqrt: 0]
[alpha: 0.9]
[fair_c: 1]
[poisson_max_delta_step: 0.7]
[tweedie_variance_power: 1.5]
[lambdarank_truncation_level: 30]
[lambdarank_norm: 1]
[label_gain: ]
[lambdarank_position_bias_regularization: 0]
[eval_at: ]
[multi_error_top_k: 1]
[auc_mu_weights: ]
[num_machines: 1]
[local_listen_port: 12400]
[time_out: 120]
[machine_list_filename: ]
[machines: ]
[gpu_platform_id: -1]
[gpu_device_id: -1]
[gpu_use_dp: 0]
[num_gpu: 1]

end of parameters

pandas_categorical:null
