tree
version=v4
num_class=1
num_tree_per_iteration=1
label_index=0
max_feature_idx=33
objective=binary sigmoid:1
feature_names=Column_0 Column_1 Column_2 Column_3 Column_4 Column_5 Column_6 Column_7 Column_8 Column_9 Column_10 Column_11 Column_12 Column_13 Column_14 Column_15 Column_16 Column_17 Column_18 Column_19 Column_20 Column_21 Column_22 Column_23 Column_24 Column_25 Column_26 Column_27 Column_28 Column_29 Column_30 Column_31 Column_32 Column_33
feature_infos=[0.22403052449226379:4.806818962097168] [0.027025075629353523:26.170040130615234] [0.17134076356887817:8.6935958862304688] [0.087584272027015686:1] [-28.67047119140625:41.262332916259766] [-36.190670013427734:42.326030731201172] [-36.841156005859375:62.500308990478516] [-45.158794403076172:63.120437622070312] [-22.455821990966797:30.680826187133789] [0:0.95389312505722046] [0:0.64536702632904053] [0:0.40022626519203186] [-0.51016271114349365:0.51874518394470215] [-0.15599349141120911:0.22172828018665314] [-46.22015380859375:17.161741256713867] [-8.3726015090942383:64.2962646484375] [0:1] [0:95] [0:95] [-1:1] [-29.775985717773438:44.984848022460938] [-30.525325775146484:55.0223388671875] [-2.8409864902496338:15.253066062927246] [0.049656935036182404:5.4310722351074219] [-1:1] [0:1] [0:1] [-1:1] [-1:1] [-0.78183150291442871:0.97492790222167969] [-0.90096884965896606:1] [0:1] [0:1] [0.8888888955116272:4.5999999046325684]
tree_sizes=8586 8709 8717 8677 8682

Tree=0
num_leaves=79
num_cat=0
split_feature=12 16 16 0 30 12 18 16 11 11 2 2 0 12 20 30 30 11 2 11 20 18 2 15 30 0 15 11 2 16 15 20 27 12 30 23 27 27 16 18 20 18 2 23 27 2 0 12 27 31 16 12 27 27 16 15 0 20 15 12 12 18 15 27 16 2 27 10 18 27 30 0 16 16 18 15 23 27
split_gain=36.4205 30.0703 57.1313 26.795 30.1961 55.1045 40.5108 48.3491 29.3426 25.6167 23.7158 20.9875 20.3669 23.9436 24.8047 20.7299 20.313 19.0932 21.1561 18.2205 17.2256 17.2109 16.6668 36.7879 29.1777 31.7412 32.7707 22.2199 20.2123 17.438 14.6269 13.7864 13.3794 16.5821 13.303 23.2265 15.0626 13.2979 16.0601 17.2953 21.4609 16.5021 13.0537 18.4132 18.9814 20.1635 17.0276 13.5068 14.5604 23.8276 24.0288 16.6998 13.4824 13.0483 14.4133 13.3495 15.0932 12.8478 14.7686 13.0836 12.5008 15.491 14.2208 12.1846 12.0809 16.4185 12.0038 23.9619 11.2203 11.0178 28.8376 10.9526 10.9261 13.3944 10.8935 15.9537 21.5721 12.0243
threshold=0.057423800230026252 0.79755991697311412 0.66835525631904613 1.0206070542335512 -0.56174489110708226 -0.1254586651921272 58.500000000000007 0.44949521124362951 0.067290142178535475 0.16596756130456927 0.66890212893486034 1.0022960901260378 0.41194531321525579 -0.0030715009197592731 -3.3431826829910274 1.0000000180025095e-35 0.81174489855766307 0.037546200677752502 0.85736152529716503 0.1294999569654465 1.0944399237632754 62.500000000000007 0.5742972493171693 13.336098194122316 1.0000000180025095e-35 1.0326886773109438 20.875212669372562 0.141333743929863 0.68855559825897228 0.92650142312049877 4.1206877231597909 -0.93443617224693287 0.74455857276916515 0.0083070765249431151 0.81174489855766307 0.82648622989654552 0.95032352209091198 -0.75894212722778309 0.46243451535701757 79.500000000000014 0.88006374239921581 82.500000000000014 1.6781963109970095 0.91138923168182384 0.22706275433301928 2.8071246147155766 0.79256054759025585 0.10180482640862466 0.50938662886619579 1.0000000180025095e-35 0.78070199489593517 0.077691990882158293 -0.89194178581237782 -0.96298784017562855 0.54051080346107494 6.2008318901062021 0.77745634317398082 -0.7342797815799712 12.773062229156496 -0.019472024403512474 0.20486872643232348 83.500000000000014 21.658598899841312 -0.43245348334312433 0.34461863338947302 1.4955331087112429 0.20576497167348864 0.033624777570366866 12.500000000000002 0.79989895224571239 -0.56174489110708226 0.93163704872131359 0.2296230494976044 0.56604701280593883 66.500000000000014 11.542246818542482 0.87633880972862255 0.9279436767101289
decision_type=2 2 2 2 2 2 2 2 2 2 2 2 2 2 2 2 2 2 2 2 2 2 2 2 2 2 2 2 2 2 2 2 2 2 2 2 2 2 2 2 2 2 2 2 2 2 2 2 2 2 2 2 2 2 2 2 2 2 2 2 2 2 2 2 2 2 2 2 2 2 2 2 2 2 2 2 2 2
left_child=1 2 3 4 6 16 8 19 53 12 -9 22 -7 14 15 -14 -6 32 63 -8 21 31 23 -3 25 26 -24 -26 -28 -25 -15 -16 -4 -34 36 -36 37 -32 39 -39 -41 -40 47 44 45 52 -46 48 49 50 -2 -52 -44 -1 55 64 -57 59 -59 -20 62 -62 -45 -19 65 -55 -5 -68 -65 -69 -71 -10 -33 -74 -50 77 -77 -76
right_child=42 11 17 66 5 9 7 10 71 -11 -12 -13 13 30 20 -17 -18 18 57 -21 -22 -23 24 29 27 -27 28 -29 -30 -31 34 72 33 -35 35 -37 -38 38 41 40 -42 -43 43 60 46 -47 -48 -49 74 -51 51 -53 -54 54 -56 56 -58 58 -60 -61 61 -63 -64 68 -66 -67 67 69 -70 70 -72 -73 73 -75 75 76 -78 -79
leaf_value=-0.88320707652883701 -0.88662595238750719 -0.84344924105049102 -0.89091107393336322 -0.87443272357905255 -0.85649708190571894 -0.84692739686296059 -0.84294674296621397 -0.8471767356593668 -0.88303674748528727 -0.89973293272005217 -0.87498652360060358 -0.87367076425182855 -0.85760533993076127 -0.8954514218312184 -0.85749008520647985 -0.88755976109225543 -0.81291909603968993 -0.84841690706700046 -0.88426369888972056 -0.80661866648697966 -0.84452480008556197 -0.87820448555881403 -0.83150473820564519 -0.88195938100404592 -0.87362353043101848 -0.86614640291014933 -0.83988278956725715 -0.8413387642358825 -0.87987817362929288 -0.85713261618182868 -0.8868471766165571 -0.85225299270850763 -0.88967875034505406 -0.85789120620739334 -0.89176629304879973 -0.8620295903776003 -0.88990466569114257 -0.8689950847718555 -0.86169134830138094 -0.86610020417846156 -0.82214642450788611 -0.88773558999971935 -0.86804792213390414 -0.87279042195011025 -0.89301445400718815 -0.88124595417182761 -0.86291434858996174 -0.88869305832238377 -0.85510902869518612 -0.8938946401301644 -0.85952016893481853 -0.87920527434823503 -0.84062041040704094 -0.84626264808159779 -0.87188275846765972 -0.82472797382108776 -0.85804951954715725 -0.87121810975382341 -0.89833912322699072 -0.8546950769082009 -0.87671117104997798 -0.84176771804983497 -0.88754467998843301 -0.85572154797336031 -0.87766629648655159 -0.8792741338032154 -0.84753156528166274 -0.86610229157883323 -0.87505878501275991 -0.90238638359321288 -0.86533944348440295 -0.86115213534221902 -0.87882221193136312 -0.85392091624058997 -0.85012030274793404 -0.89171432389523464 -0.86679282435393457 -0.87739747407854829
leaf_weight=41.423709833994508 225.12702794745564 92.551020175218582 339.44340699724853 1477.031508801505 58.230979477986693 75.041962185874581 226.95998328737915 95.963641967624426 224.75668253935874 55.711954781785607 164.80342281237245 286.42584151029587 59.835144881159067 72.737865332514048 460.8456055149436 175.53001968562603 41.10115847364068 55.072865748777986 64.782187342643738 36.399758441373706 87.874249776825309 170.26575195230544 221.07622318342328 225.65009124018252 239.10405236855149 165.11677252687514 39.335398556664586 49.400931587442756 59.628882026299834 73.224907880648971 56.193653116002679 55.989164715632796 61.512269232422113 65.191408019512892 176.37435369566083 72.235616421326995 65.195246677845716 99.157931568101048 108.25234759785235 45.915193090215325 50.334372341632843 85.862956166267395 57.905004801228642 404.50870634056628 62.694985382258892 44.207846550270915 86.377195000648499 201.58728456497192 81.986298905685544 185.51008036546409 207.44816298410296 147.99205587059259 129.90155759081244 119.3153693433851 109.25348193384707 57.338401854038239 69.683663293719292 64.864608578383923 134.68258672021329 51.977772828191519 51.9173574578017 43.62219581194222 207.35419904440641 75.77570191398263 58.412281533703208 36.73630990460515 104.89928777143359 314.23121631518006 273.03091469220817 68.25287258811295 102.07027080655098 53.776696195825934 214.71665165014565 51.331869008019567 84.344955218955874 137.21279612183571 138.3425702098757 47.643131179735065
leaf_count=533 2759 830 3917 18360 891 1117 3330 1198 2965 861 2037 3200 801 989 6114 2373 478 613 797 503 1066 2107 2342 2642 2721 1710 470 459 860 818 664 813 708 824 2128 892 787 1281 1277 574 553 971 639 4572 741 749 733 1965 942 2092 1928 1474 1521 1745 1411 785 962 690 1593 573 892 694 2505 953 679 536 1207 3700 3316 660 1373 606 2475 647 1051 1503 1585 640
internal_value=-0.870545 -0.86875 -0.870013 -0.868116 -0.865764 -0.868879 -0.860198 -0.850475 -0.866943 -0.870399 -0.864734 -0.86281 -0.869576 -0.870449 -0.866518 -0.87965 -0.83643 -0.879064 -0.874297 -0.836844 -0.863479 -0.865381 -0.860097 -0.867933 -0.85623 -0.849451 -0.841152 -0.867932 -0.863869 -0.875617 -0.876408 -0.862505 -0.886228 -0.873066 -0.874397 -0.882935 -0.870272 -0.867142 -0.864036 -0.854937 -0.841593 -0.873082 -0.874958 -0.871137 -0.863179 -0.855096 -0.875517 -0.877769 -0.875923 -0.879824 -0.875113 -0.867857 -0.84859 -0.860256 -0.857945 -0.853382 -0.841677 -0.883056 -0.889953 -0.870606 -0.875511 -0.86072 -0.877949 -0.867501 -0.860948 -0.854363 -0.87223 -0.866804 -0.870597 -0.871034 -0.880304 -0.878564 -0.869904 -0.873658 -0.86989 -0.872868 -0.879156 -0.860235
internal_weight=0 8337.89 6886.38 5700.04 3633.56 2338.73 1294.82 524.127 770.697 2239.4 260.767 1451.51 2183.69 2108.65 1276.39 235.365 99.3321 1186.33 720.187 263.36 1041.02 953.149 1165.09 391.426 773.662 485.157 320.041 288.505 98.9643 298.875 832.26 782.883 466.147 126.704 759.522 248.61 510.912 445.716 389.523 195.407 96.2496 194.115 2545.68 1088.49 381.087 232.014 149.072 1457.19 1255.61 766.077 580.567 355.44 187.807 492.163 450.74 341.486 127.022 316.307 199.547 116.76 707.402 95.5396 611.863 403.879 214.464 156.052 2066.49 589.454 348.807 484.554 170.323 278.533 322.038 266.049 489.53 407.543 275.555 131.988
internal_count=131470 102485 86433 72449 47149 29859 17290 7068 10222 28490 3235 16052 27629 26512 16396 3174 1369 13984 8535 3833 13222 12156 12852 4290 8562 5382 3672 3180 1330 3460 10116 10049 5449 1532 9127 3020 6107 5320 4656 2408 1127 2248 28985 13046 4383 2909 1474 15939 13974 8253 6161 3402 2160 6651 6118 4707 1747 3653 2283 1370 8663 1586 7077 4882 2960 2281 25300 6940 4269 5733 2033 3571 3935 3122 5721 4779 3088 1691
is_linear=0
shrinkage=1


Tree=1
num_leaves=79
num_cat=0
split_feature=11 14 12 14 15 14 22 13 22 13 13 12 6 13 15 6 4 14 10 15 15 15 27 15 14 13 22 27 15 27 13 15 11 27 1 15 20 14 6 22 13 27 1 6 20 11 12 13 15 4 22 13 13 22 6 20 13 13 22 33 20 14 10 4 1 27 12 13 27 22 13 11 22 11 11 13 13 6
split_gain=35.1338 28.1009 25.9448 42.8477 38.3706 32.6967 39.5107 23.9827 22.8103 21.3735 21.2303 19.6302 20.0453 33.2666 19.5165 19.7781 18.2042 17.4791 19.5016 17.3895 17.2054 16.5006 15.9069 15.5818 15.5137 15.0959 16.0068 14.4487 14.3809 13.1527 21.7388 12.7726 17.4347 14.7938 12.6293 12.5282 19.3797 14.7183 14.2246 11.6667 11.6402 11.1748 11.0278 10.1823 10.5072 10.1323 9.61771 9.25031 15.7554 9.02183 8.86098 8.63607 12.4015 8.54317 8.34821 12.8206 15.4577 29.7501 12.85 9.24663 9.16394 8.3337 7.83609 9.24405 7.79405 7.4097 7.8105 7.22559 11.8518 7.17705 7.37976 7.14049 7.02804 7.01815 7.57443 8.27275 6.65014 11.4841
threshold=0.017034010030329231 -7.3155970573425284 0.058343315497040756 -2.3561637401580806 20.517580032348636 -9.6316256523132306 -0.25251603126525873 0.062221067026257522 -0.52870249748229969 -0.010043977759778498 -0.087325319647788988 -0.061807267367839806 1.8558430075645449 -0.026178942993283268 20.875212669372562 16.729323387146 -1.1805682182312009 -12.58316659927368 0.11210915818810464 9.2861890792846697 6.2008318901062021 29.773009300231937 0.47136868536472326 5.6584424972534189 -17.036350250244137 0.020213169977068905 -0.72875165939331044 0.50938662886619579 7.3380970954895028 -0.22706275433301923 0.034003291279077537 1.9150846600532534 0.11450388282537462 0.18436925113201144 0.62285566329956066 21.658598899841312 5.0906512737274179 -1.3868576884269712 10.328671455383303 -0.64618611335754383 0.097898673266172423 0.52803644537925731 0.55405798554420482 -1.592069089412689 1.0337299704551699 0.057272216305136688 0.097612023353576674 0.088741820305585875 24.250505447387699 0.5277908742427827 -0.36939306557178492 0.043150028213858611 0.026977155357599262 -1.1885214447975156 -7.2867958545684806 -0.93443617224693287 -0.021686988882720467 -0.040927805006504052 -0.96966776251792897 1.0013927817344668 -1.5644693970680235 -8.6406302452087385 0.026648542843759063 1.4524164199829104 0.81761506199836742 -0.52803644537925709 -0.0062056696042418471 -0.011999434791505335 0.50938662886619579 -0.99877607822418202 -0.0086366455070674402 0.05305228382349015 0.35315279662609106 0.075743649154901518 0.11946152523159982 0.028530593030154709 0.039483454078435905 7.2722773551940927
decision_type=2 2 2 2 2 2 2 2 2 2 2 2 2 2 2 2 2 2 2 2 2 2 2 2 2 2 2 2 2 2 2 2 2 2 2 2 2 2 2 2 2 2 2 2 2 2 2 2 2 2 2 2 2 2 2 2 2 2 2 8 2 2 2 2 2 2 2 2 2 2 2 2 2 2 2 2 2 2
left_child=1 17 3 5 8 6 10 35 49 42 65 29 13 -13 -9 39 -12 41 23 31 64 -17 25 -19 -8 26 -22 51 61 -7 -31 -18 54 -34 -20 36 76 38 -37 -16 -41 -1 -3 -21 -45 46 -38 48 -6 -5 -14 52 -10 -15 60 59 57 58 -57 -56 71 -25 -28 -64 -11 -2 -67 68 -55 -69 -71 -33 -39 -47 75 -75 77 -4
right_child=2 9 7 4 47 11 24 14 27 20 16 12 50 53 15 21 19 18 34 43 22 -23 -24 28 -26 -27 62 -29 -30 30 -32 32 33 -35 -36 37 45 72 -40 40 -42 -43 -44 44 -46 73 -48 -49 -50 -51 -52 -53 -54 67 55 56 -58 -59 -60 -61 -62 -63 63 -65 -66 66 -68 69 -70 70 -72 -73 -74 74 -76 -77 -78 -79
leaf_value=-0.01982408064767863 0.0087316911800893182 -0.041604612277717085 -0.005595795949336786 0.045898910267307858 -0.0051198959286413029 -0.032066966335255971 -0.006061030007162291 0.022758877042804489 0.00048662729725951171 -0.034976221800922344 0.00057037172348982606 0.037080658103169239 -0.011341573606244071 -0.016894813615017559 0.011214353046233434 0.036076406032401163 -6.5012769868263781e-06 -0.010113837568651571 0.03429723962285447 0.013026316917464432 0.01334257572108122 -0.0025912477688235709 0.0059879001270327697 0.004663156300815886 0.0031284595713433083 -0.029208404929720922 0.0026651730464103815 0.023635157006513061 -0.0032326092530724233 0.014976264591034478 -0.027346376067288514 -0.00097146680899335455 0.047147457466044596 0.011396990477743917 0.0075881749425567198 -0.025207959937410037 0 -0.035632388654471513 0.0062145517056879512 -0.013368390888585298 0.0073099600952702092 0.0059610710468283755 -0.016630859296039413 -0.023668188269817651 0.0052724154168334817 -0.012737146103659357 0.027565309921891649 -0.017871610819846191 0.023230977105383004 0.020971782418203098 -0.0024526219491878961 -0.0095906271310897441 0.02545259234232531 -0.021419396628823899 0.033323439267052252 0.024864150301030345 -0.010073516925841349 0.030056816044431951 -0.0011793098276355871 0.0097725298585326567 -0.011565994304315902 0.032735512461934332 -0.022606244526775357 0 -0.0076092345329540389 -0.021868653497975125 0.0027231866481387391 0.014144134367441739 0.0074948108827747328 0.018424630915635218 0.00047719745122041851 0.020031158430458655 -0.011915767016535708 -0.0020514190960924539 -0.009409260098924942 0.016482953265114227 -0.0012793850479225612 -0.018115087090093664
leaf_weight=118.76761429570615 39.271086044609547 55.139619724825025 495.11755457706749 74.459102209657431 142.87127643078566 68.249862991273403 635.29922764003277 101.35227409377694 113.55735383182764 57.42600785754621 277.90431152656674 48.777095748111606 432.87554686516523 52.432237405329943 78.095247218385339 49.739874294027686 89.134932521730661 211.74576641619205 53.013855464756489 65.066841725260019 69.148888723924756 34.873991644009948 203.9466598816216 48.721087144687772 926.98949871212244 63.840558653697371 58.427444497123361 150.00248230807483 118.02738382481039 47.722686726599932 43.728679545223713 49.60769148170948 69.823705352842808 46.504528369754553 131.55895375460386 38.853205030784011 44.34384399279952 69.038358049467206 90.008203607052565 213.68380553461611 69.586391655728221 42.6764678042382 164.3500692974776 48.917994065210223 44.16597761400044 65.921768045052886 59.062377011403441 55.51597929559648 51.332388572394848 87.834481434896588 538.0208575129509 55.167835215106606 64.499947825446725 68.235416356474161 142.11236127465963 45.1412902045995 50.165712943300605 164.20411622896791 175.81095869094133 59.532219745218754 43.052968189120293 47.672705486416817 118.1325891725719 52.424968458712101 45.773847114294767 68.270947493612766 35.87492879293859 88.682401968166232 43.295343169942498 45.100672738626599 1560.7403763867915 75.99187783151865 61.835987178608775 82.430599648505449 62.664260243996978 104.98542069271207 282.57279025390744 231.19257292337716
leaf_count=1657 549 609 5925 652 1408 850 8910 975 1267 666 3733 514 5073 695 738 709 1374 2708 635 837 821 579 2554 673 11795 687 696 1520 1632 606 574 577 807 535 1494 482 535 761 1308 2122 750 687 1968 707 600 789 776 699 599 802 6260 492 645 960 1095 541 727 1883 2343 1361 520 628 1435 681 535 972 611 980 506 601 18150 965 724 860 617 1108 3167 2588
internal_value=0 -0.00597538 0.00120004 0.00256779 0.0124815 0.00127904 0.00452452 -0.00304955 0.0192059 -0.0114706 0.00956083 -0.00207479 -0.00118359 0.00150365 0.00514711 0.000866057 0.0112266 0.000312606 0.00390251 0.0137069 -0.00724433 0.0202041 -0.00394477 -0.00136728 -0.000583333 -0.00967874 -0.00499707 0.0127166 0.00707451 -0.0174081 -0.00505427 0.0158921 0.0174751 0.0341322 0.0160948 -0.00574211 -0.00400035 -0.0149249 -0.00337626 -0.00370371 -0.00808721 -0.0127344 -0.0237685 -1.06766e-05 -0.00979024 0.00411112 0.0161689 -0.00208887 0.0024521 0.0335476 -0.00649672 0.00520266 0.0101662 0.00046444 0.0148496 0.017262 0.0124595 0.0155946 0.00427948 0.0269397 0.00526298 0.0197986 -0.0108814 -0.0157551 -0.0240444 -0.00676179 -0.0131638 0.00103234 -0.00990499 0.00180303 0.00105703 0.0115904 -0.025488 0 0.00352015 0.00820645 -0.00742355 -0.00972664
internal_weight=0 1660.79 9221.3 6985.95 795.241 6190.7 3152.84 2235.36 545.521 888.611 1590.55 3037.86 2878.16 1907.26 547.332 445.979 1447.14 772.184 610.74 1169.23 669.121 84.6139 565.921 426.167 1562.29 361.974 298.134 383.228 214.421 159.701 91.4514 1011.08 921.947 116.328 184.573 1688.03 1428.29 259.736 128.861 361.365 283.27 161.444 219.49 158.151 93.084 419.408 103.406 249.72 194.204 162.294 970.896 233.225 178.057 1858.49 805.619 636.967 435.322 385.156 220.952 201.645 168.653 96.3938 228.985 170.558 103.2 143.417 104.146 1806.05 111.531 1694.52 1605.84 125.6 130.874 316.002 250.08 187.416 1008.88 726.31
internal_count=131574 20766 110808 85295 8084 77211 41442 25513 5378 10652 20737 35769 33739 22406 5873 4898 18605 10114 7770 14872 8075 1288 6874 5641 20705 4320 3633 3924 2933 2030 1180 12728 11354 1342 2129 19640 16365 3275 1790 3610 2872 2344 2577 2144 1307 4685 1311 2706 2007 1454 11333 2404 1912 21892 10012 7950 5494 4767 2884 2456 2062 1301 2812 2116 1201 2132 1583 21197 1466 19731 18751 1542 1485 3374 2585 1968 11680 8513
is_linear=0
shrinkage=0.0454652


Tree=2
num_leaves=79
num_cat=0
split_feature=28 30 3 7 13 3 3 13 16 3 22 16 15 33 22 13 16 15 16 10 13 4 3 28 7 23 3 3 15 28 30 10 3 28 10 3 3 10 32 3 3 7 23 13 23 7 3 13 3 15 16 15 13 10 30 28 30 3 10 30 3 30 13 22 13 15 23 28 10 28 33 33 28 7 4 13 7 28
split_gain=49.6162 54.4574 34.1599 25.097 26.6962 53.3121 36.0311 24.6721 47.6264 24.5917 24.1499 23.8384 44.8192 36.9262 26.2319 21.5845 59.9884 21.0914 36.9714 30.458 24.3413 22.9162 21.6753 21.0489 20.5057 19.6519 19.2419 25.6557 18.7292 21.4862 18.5964 23.0111 17.7166 17.137 19.5268 18.4194 23.8789 46.2475 26.4481 20.0379 18.8235 43.6807 17.2304 16.9825 16.9044 16.7509 20.1327 16.6427 15.4712 15.4381 14.7827 13.995 13.8185 13.5379 13.2058 12.468 12.4216 15.4209 15.0292 11.9958 11.9386 26.6166 30.0632 21.3124 18.0702 26.6956 16.5456 15.222 12.3988 11.8552 11.8529 11.7443 11.6851 13.013 12.3832 11.4411 11.3258 11.2435
threshold=0.33172981441020971 1.0000000180025095e-35 0.47735372185707098 19.452878952026371 -0.0081890695728361589 0.32225055992603308 0.32756531238555914 0.076454363763332381 0.85051745176315319 0.45242130756378179 -0.98392537236213673 0.45829319953918463 6.568575620651246 0.99393379688262951 -0.68713921308517445 -0.010043977759778498 0.61086082458496105 7.4085428714752206 0.7671107053756715 0.18363209813833239 0.012606764212250711 0.87382888793945324 0.60119980573654186 0.61734244227409374 16.372945785522464 0.54087018966674816 0.81880834698677074 0.72656160593032848 5.4602565765380868 0.97381904721260082 -0.56174489110708226 0.054084863513708122 0.38356813788414007 -0.92794367671012867 0.028821243904531006 0.5467396378517152 0.47562648355960851 0.14977554231882098 1.0000000180025095e-35 0.18345100432634356 0.30132578313350683 7.2597110271453866 0.7484230399131776 -0.069659106433391557 0.96550250053405773 -9.7021937370300275 0.26610752940177923 -0.027368246577680107 0.5086827576160432 24.250505447387699 0.34461863338947302 24.250505447387699 0.028530593030154709 0.054084863513708122 0.81174489855766307 -0.2693240344524383 0.81174489855766307 0.40883255004882818 0.053364941850304611 1.0000000180025095e-35 0.6329823136329652 0.81174489855766307 -0.019584861584007737 -0.55159896612167347 0.01832931395620108 20.517580032348636 1.2405609488487246 -0.81279832124710072 0.15615533292293551 -0.43245348334312433 1.0013927817344668 1.0013927817344668 -0.69930991530418385 -4.8007509708404532 0.2681493759155274 -0.027908389456570145 -6.638418197631835 0.61734244227409374
decision_type=2 2 2 2 2 2 2 2 2 2 2 2 2 10 2 2 2 2 2 2 2 2 2 2 2 2 2 2 2 2 2 2 2 2 2 2 2 2 2 2 2 2 2 2 2 2 2 2 2 2 2 2 2 2 2 2 2 2 2 2 2 2 2 2 2 2 2 2 2 2 8 8 2 2 2 2 2 2
left_child=33 2 7 4 5 -3 25 8 11 -5 -7 12 45 -14 -13 16 23 20 30 22 70 -21 -20 76 -10 -6 27 -12 -8 32 -19 -32 -30 34 42 36 38 44 39 -35 41 -41 -1 -42 -38 46 -2 -47 -34 -9 54 59 53 -16 55 -45 57 72 -58 -40 64 63 66 -62 71 -66 -63 -65 -69 -59 -17 -37 74 -74 -52 -25 -4 -50
right_child=1 3 15 9 6 10 28 49 24 -11 26 14 13 -15 52 17 -18 18 19 21 -22 -23 -24 75 -26 -27 -28 -29 29 -31 31 -33 48 35 -36 60 37 -39 51 40 43 -43 -44 50 -46 47 -48 -49 77 -51 56 -53 -54 -55 -56 -57 58 69 -60 -61 61 62 -64 67 65 -67 -68 68 -70 -71 -72 -73 73 -75 -76 -77 -78 -79
leaf_value=-0.015358775164810533 0.012462142897216047 -0.026601533881094139 -0.010824555236106252 0.035531201226714514 0.038812142274206013 0.024852151461227816 -0.028492034151128311 -0.02912946742551031 0.011528904887997604 -0.0028299023472346634 0.0034890687004132952 -0.023590830615262379 0 0.058011176882643151 -0.024324338451349126 0.050761029501947968 -0.034896943946880817 -0.0071132608120441747 0.055229468274574374 0.025030015361799603 0.0030711387897561829 -0.0064591980477072515 0.021598922926440091 0.028492325593929186 0.04598766630750778 -0.00042106965266734171 0.025410079271081364 -0.031568570223991586 -0.029426956726495337 -0.023214598645121473 -0.0063119999830378486 0.038247173549673823 0.011035285546322438 -0.021859043414910892 -0.0094397074209367719 -0.020960385202463554 0.027576199274729783 -0.010565677882485166 -0.0060248361391329209 0.025676084304106107 -0.022801207019895554 -0.0047238897670979245 0.012355204913331962 -0.0086389676912027435 0.0088577082219634569 0.033303156951120544 -0.023707067183976503 -0.0051337161817414491 0.0030987825378933388 0 0.0093607947647813394 0.0099705377812109898 0.0130225970724636 0.0044872831509443446 0.029446512048317389 0.022423176268763136 0.0063471438336530749 0.0022047219456851749 -0.025433774835067535 -0.023279656875512894 -0.019683047970913952 0.041455127871025864 0.00026990033999048965 0.007424964903327713 0.007036233956538563 -0.023186005669166669 0.0061678192359595268 -0.0077080469908177756 0.00071046011438900293 -0.017398690980398486 0.018865392854924456 -0.0024617440213718254 -0.0094652707335128299 0.014687557584553465 -0.020800940300035778 0.0063707506857957497 0.015619429847330966 -0.013423246899832189
leaf_weight=58.215169753879309 42.213747613132 102.54929782263935 93.081268794834614 65.404710860922933 41.252990197390318 135.71932332962751 121.05961991660297 72.416696570813656 89.183347091078758 63.300553491339087 346.75473508611321 134.53395151346922 39.899671357125044 53.563292481005192 57.495265133678913 90.939714625477791 61.836272742599249 189.5256628729403 71.728711036965251 87.613725202158093 51.935726745054126 93.290094887837768 119.64977146498859 140.58537828363478 67.213340524584055 57.223583325743675 63.80228559859097 45.039582764729857 48.347787659615278 163.42832263559103 40.3077338244766 46.894971411675215 138.89417712762952 65.43207672983408 1149.4582345113158 260.6141098216176 187.93088087625802 165.88469958305359 190.18438518792391 206.18775692768395 60.021452281624079 176.2260224390775 169.85445269942284 65.811639176681638 242.52588554657996 39.660206664353609 93.163925627246499 43.952501324936748 135.26378374360502 72.076363380998373 48.07857664860785 51.047574890777469 108.01755173318088 67.285422090440989 62.421656288206577 38.466328483074903 42.758098257705569 117.62411637604237 80.927311737090349 166.13679776713252 169.82638461701572 66.775944551452994 312.61502478271723 246.11087640747428 227.87835053354502 77.463923862203956 53.542200177907944 974.12778686359525 556.82016162574291 124.10661074519157 49.653668984770775 107.14560757763684 49.806362256407738 273.19265485368669 54.657136306166649 86.707160584628582 46.501748802140355 203.68072628043592
leaf_count=614 776 1378 1139 680 446 1647 1433 906 907 844 4181 1609 896 413 681 720 552 2279 714 1135 630 970 1309 1732 538 876 706 608 571 1940 520 617 1641 1170 13950 2068 2039 2037 2010 3009 709 2512 2132 1074 2759 525 1227 634 1482 849 586 478 1196 819 755 621 513 1367 1003 1908 1977 661 3550 3031 2290 790 559 12125 7072 1306 1132 2383 566 3301 597 1259 561 2342
internal_value=0 0.00388877 0.00855006 -0.00214784 -0.00373754 0.0029173 -0.00886027 0.00210249 0.0051574 0.0167903 0.00826595 -3.00468e-05 0.00906622 0.0347322 -0.0079133 0.0134668 0.00494069 0.0177078 0.0135025 0.0227829 0.0310607 0.00874365 0.0353441 0.0120971 0.0274356 0.0164299 0.00304196 -0.000702022 -0.0120592 -0.00895339 0.000693968 0.0177555 -0.00428729 -0.0024811 -0.00701854 -0.00133607 0.00156829 0.009466 -0.000935277 0.00189073 0.00309559 0.0116389 0.00492525 -0.000100101 0.0173246 -0.00210456 -0.0120443 0.013244 -0.00141454 -0.0149037 0.00136249 -0.0111396 0.00119141 -0.00875999 0.0135182 0.00278253 -0.00119372 0.0012181 -0.0142137 -0.014378 -0.00370024 -0.00215337 0.00795398 -0.00443792 -0.00905134 -0.000678251 0.0268624 -0.00291181 -0.00462064 -0.00778328 0.0406843 -0.0157883 0.00646795 0.0107424 -0.00641093 0.0205257 -0.00148163 -0.00672916
internal_weight=0 3982.65 2250.93 1731.72 1603.02 693.865 909.151 980.675 836.182 128.705 591.316 679.786 312.453 93.463 367.332 1270.25 428.712 841.54 649.011 372.282 192.529 180.904 191.378 366.876 156.397 98.4766 455.597 391.794 810.674 689.615 276.728 87.2027 526.186 6899.88 1377.53 5522.35 2469.43 596.341 1873.09 1465.72 1400.29 382.414 228.07 1017.87 430.457 218.99 135.378 83.6127 477.839 144.493 957.85 407.369 232.798 124.781 166.7 104.278 791.151 667.465 123.685 356.321 3052.92 2379.82 432.933 1946.89 673.102 305.342 120.318 1777.06 1530.95 241.731 140.593 367.76 425.735 322.999 102.736 227.293 139.583 338.945
internal_count=131542 48020 27245 20775 19251 8520 10731 11976 10221 1524 7142 8776 4471 1309 4305 15269 5243 10026 7544 4128 2482 2105 2023 4691 1445 1322 5495 4789 9409 7976 3416 1137 6036 83522 16696 66826 30320 6835 23485 19089 17919 5521 2746 12398 4798 3162 2003 1159 5465 1755 11689 4396 2696 1500 2450 1695 9239 7723 1516 3918 36506 28975 4770 24205 7531 3080 1220 22228 19197 2673 1852 4451 5050 3867 1183 2991 1700 3824
is_linear=0
shrinkage=0.0454652


Tree=3
num_leaves=79
num_cat=0
split_feature=29 11 18 0 30 16 16 21 21 17 20 17 21 11 16 20 0 20 6 16 21 16 0 6 18 21 17 6 21 29 6 21 21 11 18 29 21 21 11 18 20 5 29 17 17 17 29 11 18 16 30 17 18 29 21 11 17 4 16 0 29 18 11 29 4 20 16 6 1 20 20 21 0 21 18 18 17 4
split_gain=43.0477 25.5424 22.124 29.3629 23.2175 23.9305 22.3373 22.3337 21.7361 23.5872 19.5528 18.3607 18.06 16.2204 16.0904 20.538 17.3523 26.0025 15.0439 16.7806 28.191 24.2189 22.6883 16.1673 16.9927 13.2848 13.0975 12.4469 11.7966 11.393 17.3907 13.0359 11.1456 12.8114 10.9852 10.9796 10.9009 20.7129 18.0885 13.4568 10.8961 14.705 10.8836 13.4719 13.0588 10.3136 10.2543 10.1973 12.7572 10.1652 9.97075 10.6706 11.0038 9.86458 14.7237 9.50726 9.41986 9.18808 8.92376 8.81089 8.59726 8.56071 17.4877 10.6667 12.4863 9.46348 14.1817 10.3092 13.0598 8.26447 10.5415 16.8876 16.5019 14.3203 11.1646 7.96753 7.96437 7.87787
threshold=-0.60785761475563038 0.017034010030329231 86.500000000000014 1.02424031496048 1.0000000180025095e-35 0.89818727970123302 0.44949521124362951 12.367754936218263 4.16534447669983 25.500000000000004 -1.8640612959861753 28.500000000000004 6.4907314777374276 0.092380024492740645 0.61478894948959362 1.9860825538635256 0.58691948652267467 0.94254004955291759 1.5107151269912722 0.79755991697311412 0.40257552266120916 0.21241487562656405 0.44539362192153936 -10.029350757598875 27.500000000000004 4.0117545127868661 10.500000000000002 15.827877521514894 -11.565315246582029 0.6078576147556306 -1.5281952023506162 1.4395700693130495 -0.75758445262908924 0.056736527010798461 27.500000000000004 0.87837970256805431 11.85458564758301 4.4029333591461191 0.14778574556112292 33.500000000000007 0.57164192199707042 -3.0122101306915279 1.0000000180025095e-35 42.500000000000007 27.500000000000004 26.500000000000004 0.87837970256805431 0.11946152523159982 55.500000000000007 0.7175256907939912 -0.56174489110708226 80.500000000000014 39.500000000000007 0.87837970256805431 -2.3396520614624019 0.062695197761058821 63.500000000000007 1.6784976124763491 0.070809409022331252 0.77434301376342785 0.6078576147556306 56.500000000000007 0.056209076195955283 0.6078576147556306 -0.35152871906757349 -0.93443617224693287 0.54051080346107494 -7.2867958545684806 0.76126664876937877 0.63313236832618724 2.6930428743362431 0.75138136744499218 0.80481353402137767 1.555194139480591 52.500000000000007 76.500000000000014 2.5000000000000004 1.1758515238761904
decision_type=2 2 2 2 2 2 2 2 2 2 2 2 2 2 2 2 2 2 2 2 2 2 2 2 2 2 2 2 2 2 2 2 2 2 2 2 2 2 2 2 2 2 2 2 2 2 2 2 2 2 2 2 2 2 2 2 2 2 2 2 2 2 2 2 2 2 2 2 2 2 2 2 2 2 2 2 2 2
left_child=25 14 3 18 6 10 53 26 11 27 -6 -8 -11 -14 15 50 17 -16 19 20 21 23 -23 24 -3 -1 -7 55 -25 40 35 -32 33 -12 -20 -31 37 39 45 -5 41 -22 43 -21 -44 60 -33 69 -49 -42 51 -2 -53 54 -4 -10 -30 -18 -58 -34 -39 65 63 64 -63 66 67 -24 -69 -36 72 -72 -71 -74 -73 -17 -62 -38
right_child=1 2 4 36 5 7 8 -9 9 12 32 -13 13 -15 16 75 57 -19 34 42 29 22 61 28 -26 -27 -28 -29 56 30 31 46 59 -35 47 -37 77 38 -40 -41 49 -43 44 -45 -46 -47 -48 48 -50 -51 -52 52 -54 -55 -56 -57 58 -59 -60 -61 76 62 -64 -65 -66 -67 -68 68 -70 70 71 74 73 -75 -76 -77 -78 -79
leaf_value=-0.033612959150360035 -0.0032600496149810293 0.026049163565397698 0.038876630109736354 -0.00029448007822853835 0.014228658533342571 0.023246566429065078 0.00044107723511807107 -0.017851834457390942 0.0078819066910290874 -0.0029469469131646864 0.013958134030537611 -0.020862223158901641 0.041502823040888523 0.011846302504422928 0.029421405122224614 0.0039529188771122402 -0.018180192733062209 -0.0162411267241435 0.017453745095654904 0.0084010740269868205 0.0083788083866966675 0.043824167525341504 0 -0.019517916401452503 -0.0023125715733247373 -0.0027890414586688264 -0.00068880145784493206 0.015298234587424979 -0.008273505426537691 0.0034939349852927204 0.013365964882916376 0.0010372938832977794 -0.027262026807510453 -0.01403570536276268 -0.01340729531811622 0.029501475290490242 0.00061410665922560271 0.0061261372127475126 -0.016886247815192049 -0.0091411823207046584 0.015907238954186234 -0.015942129187838824 0.02739025511613764 0.039466725850322563 -0.00025133012583648882 -0.0012901675297761126 -0.024023724139093452 -0.012112688635216825 0.012230498571177398 -0.010367307921200157 -0.0072976372218205871 0.001235108731964425 0.030044860331792777 0 0.0023571960342512375 -0.0085025090574469015 -0.0092339937680516494 -0.0038517881551089258 0.0084407529871969016 -0.013097215412877032 0.0064169119064806683 0.014772323281215289 0.0047883622488592995 0.0090089004148195297 0.04838909073436222 0.0023467478212667175 -0.0043707823260876405 0.029691082110161266 0.0096560418386239244 0.012064718714726677 -0.026194202465217913 0.013639395546363153 0.011881247802720927 -0.014926517103169099 -0.005321419997995719 0.028592786632791356 0.025892077151322239 -0.017660532478767026
leaf_weight=96.563204752281308 222.85725782439113 101.29636709019542 60.655427744612098 1398.0378497466445 45.377169305458665 95.221592759713531 150.8919503800571 67.018280435353518 83.959943305701017 92.527948740869761 49.401107434183359 171.6625198610127 54.355663189664483 149.10694866813719 47.410974834114313 64.114844379946589 349.32450420036912 46.638503648340702 75.629051575437188 57.223030518740416 58.871139861643314 44.987165255472064 67.225989606231451 60.800762545317411 68.488252695649862 46.733131779357791 82.448037303984165 64.040662994608283 152.08946222253144 76.326730785891414 52.029553910717368 55.811096705496311 169.32508301921189 85.057162631303072 113.97566159442067 65.829748295247555 68.767757453024387 239.15715528838336 55.515570513904095 478.41868134774268 68.767098193988204 248.82000206597149 46.409777767956257 74.747692810371518 106.18054717406631 138.81825015507638 68.545745542272925 49.492860408499837 231.23343792371452 46.562643447890878 574.97228484973311 71.601802481338382 44.952752716839314 50.843481322750449 40.721423074603081 381.61666442081332 67.299320971593261 141.62060810811818 299.78521557897329 274.91809635236859 79.158993003889918 48.838490033522248 127.65299346297979 54.834051830694079 66.24642707593739 306.30292256735265 74.4750996530056 151.31822939962149 145.56318271718919 249.45888484083116 64.378893721848726 74.885269520804286 56.716655574738979 117.95849442481995 327.54978472553194 53.817776726558805 135.24018452130258 128.5471433699131
leaf_count=1148 2989 1374 909 17069 558 933 1731 777 966 1062 546 1938 668 1809 557 885 4147 565 841 639 816 606 909 879 966 582 804 836 2300 876 560 637 2125 1038 1307 861 843 2710 571 5874 841 3153 502 860 1260 1514 843 589 2484 509 7303 814 587 737 599 3675 1051 1740 4104 3120 790 615 1455 727 753 3647 934 1921 1725 3080 787 914 667 1288 3855 715 1457 1637
internal_value=0 0.000490218 0.00142902 0.00268385 -0.00256437 -0.00830803 0.00124949 0.0035456 -0.000902187 0.00296619 -0.0130261 -0.0108663 0.0131817 0.0206651 -0.0047612 -0.00128061 -0.010769 0.00654712 0.00505659 0.0069284 0.0057252 0.00874426 0.0130769 0.00235872 0.0145424 -0.0242473 0.0121051 -0.00270882 -0.00120125 -0.00169595 0.00467536 -0.00462758 -0.0153316 -0.00329013 0.00107471 0.0163587 -0.000983306 -0.000151329 0.0068115 -0.00259092 -0.00660672 -0.0110835 0.0174278 0.0270118 0.00833939 0.00921461 -0.0127213 2.11522e-05 0.00765527 0.00489902 -0.00364736 0.00240753 0.013392 0.0173906 0.0253295 -0.0054011 0.000986236 -0.0142114 0.00500297 -0.0188042 0.0125192 0.0115375 0.0182096 0.0276629 0.035528 0.00872217 0.0130018 0.0166967 0.0202942 -0.00208546 -0.000528013 -0.00526869 0.00457628 -0.00587661 -0.00157158 0.0161778 0.0191793 -0.011166
internal_weight=0 10732.7 9115.42 6946.27 2169.15 868.767 1300.38 244.688 1148.16 825.608 624.079 322.554 295.991 203.463 1617.31 1032.32 584.995 94.0495 4224.61 2863.33 2578.77 1837.2 1087.44 749.759 169.785 143.296 177.67 529.617 579.975 741.564 318.543 176.386 578.701 134.458 1361.28 142.156 2721.66 2524.35 647.89 1876.46 423.021 307.691 284.561 131.971 152.59 592.375 124.357 1285.65 280.726 115.33 914.384 339.412 116.555 152.22 101.377 465.577 519.174 490.945 367.085 444.243 453.556 1042.46 297.572 169.919 115.085 744.885 438.583 364.107 296.881 1004.92 890.948 466.814 424.134 174.675 402.435 117.933 214.399 197.315
internal_count=131463 129733 109431 84600 24831 9901 14930 2514 12685 9016 7387 3669 3539 2477 20302 13293 7009 1122 52135 36323 33062 23966 13292 10674 2340 1730 1737 5477 8334 9096 3777 2040 6829 1584 15812 1737 32465 29985 7042 22943 5319 3969 3261 1499 1762 6471 1480 14971 3073 1350 11693 4390 1401 2245 1508 4641 7455 5887 5155 5245 4957 12686 3550 2095 1368 9136 5489 4555 3646 11898 10591 5556 5035 1955 4769 1600 2247 2480
is_linear=0
shrinkage=0.0454652


Tree=4
num_leaves=79
num_cat=0
split_feature=11 14 7 14 22 3 30 11 15 27 2 14 21 0 3 2 18 3 2 27 7 15 14 3 0 0 6 27 14 21 14 21 14 21 30 3 27 2 27 3 15 0 15 15 18 3 7 27 14 0 27 3 6 6 18 30 11 2 7 3 30 22 6 3 15 3 6 27 15 21 15 15 2 30 7 27 21 3
split_gain=28.0759 18.8653 32.3778 35.3756 24.3423 22.8102 43.2458 34.814 19.9225 25.3034 17.904 33.7764 39.6224 27.824 20.4764 17.5999 17.5813 17.225 22.2301 17.5085 16.8204 39.5882 24.8374 18.8622 16.7377 16.415 16.0885 16.3415 17.6413 15.9415 15.7149 15.6787 15.3867 14.9215 14.3715 13.7572 13.4899 15.2695 13.4377 15.1951 13.3529 13.1793 21.7015 16.2841 12.8092 12.6421 12.4607 12.3365 12.2773 11.9842 11.7272 16.2178 16.7603 11.3519 11.0069 10.8213 34.2437 11.9471 19.062 12.5796 10.7688 11.1169 10.6993 10.6907 10.46 10.4494 10.2693 15.1572 10.4028 24.0336 9.33017 17.4783 27.7511 13.985 30.9627 37.4818 22.805 14.685
threshold=0.0086098322644829767 -9.0167798995971662 -1.2119676470756529 -7.4509582519531241 -0.42736069858074183 0.35338595509529119 -0.56174489110708226 0.11147330701351167 3.6415599584579472 -0.52803644537925709 1.0302247405052187 -2.1957750320434566 11.636423110961916 0.73559865355491649 0.4800917655229569 0.70283305644989025 80.500000000000014 0.32001498341560369 0.50002402067184459 0.24825246632099154 8.9184322357177752 13.336098194122316 -5.165829896926879 0.38871423900127416 1.1191614270210268 0.63238355517387401 5.4352192878723153 -0.81279832124710072 -14.928025245666502 1.4395700693130495 -7.3155970573425284 -6.0802474021911612 -0.77902567386627186 7.3601388931274423 -0.56174489110708226 0.73047596216201793 0.79989895224571239 1.1153790950775149 0.52803644537925731 0.32499541342258459 6.1274921894073495 0.85702353715896618 20.155258178710941 26.027467727661136 75.500000000000014 0.51546213030815136 1.0000000180025095e-35 0.96298784017562877 -21.150995254516598 0.45475672185420996 0.74455857276916515 0.32499541342258459 -1.087452173233032 4.4652245044708261 86.500000000000014 -0.56174489110708226 0.058390552178025253 0.96942111849784862 -4.5222184658050528 0.51309925317764293 0.81174489855766307 -0.93129128217697132 16.729323387146 0.77204895019531261 13.626208305358888 0.26885353028774267 1.2845814228057864 -0.89194178581237782 10.599723339080812 3.5400683879852299 21.658598899841312 19.269001960754398 2.1923905611038212 0.81174489855766307 6.9785540103912362 -0.39271505177021021 5.7799308300018319 0.8884432613849641
decision_type=2 2 2 2 2 2 2 2 2 2 2 2 2 2 2 2 2 2 2 2 2 2 2 2 2 2 2 2 2 2 2 2 2 2 2 2 2 2 2 2 2 2 2 2 2 2 2 2 2 2 2 2 2 2 2 2 2 2 2 2 2 2 2 2 2 2 2 2 2 2 2 2 2 2 2 2 2 2
left_child=30 4 3 25 5 6 7 15 9 34 11 13 14 20 17 -2 31 18 -13 -19 22 -22 60 -24 53 -3 27 28 -10 36 -1 -8 62 -21 -7 49 37 -5 39 -23 -33 -34 44 -44 -43 -11 -32 50 63 -29 66 -52 -53 -16 -48 56 -51 58 -57 -59 61 -4 70 65 -50 -6 67 -15 -69 -70 71 73 -73 76 75 -75 77 -12
right_child=1 2 10 29 48 8 16 -9 26 45 32 12 -14 47 24 -17 -18 19 -20 33 21 38 23 -25 -26 -27 -28 35 -30 -31 46 40 41 -35 -36 -37 -38 -39 -40 -41 -42 42 43 -45 -46 -47 54 -49 64 55 51 52 -54 -55 -56 57 -58 59 -60 -61 -62 -63 -64 -65 -66 -67 -68 68 69 -71 -72 72 -74 74 -76 -77 -78 -79
leaf_value=-0.0011312211660662748 0.018239523071424193 0.02409176751921242 0.022162216320831585 -0.019846582979559293 0.00505494930011916 -0.002453531782316584 -0.025207290056274152 0.047434153424692309 0.028259463458281602 0.0058610982970237861 -0.014429211747842712 -0.0021297790514607294 -0.023171262053477037 0.025156098125071365 0.045302359090142026 -0.018921681734612558 -0.032040727861794446 -0.012122702936473264 0.034080645870470515 0.021813635490251306 0.033448276878330602 0.016195564584336387 -0.0048987368774377309 -0.037612110110313055 0.0050342805359851715 -0.0016355947459699887 -0.0073486152066174239 0.047906859587908072 -0.003005546325280252 -0.024319818477981665 -0.02153592527198182 0.020159649196184393 -0.025108932457752402 -0.0062645106895221339 0.025158851645244448 0.0054004960908640934 0.0072344366020999492 0.0042887147802258604 -0.019399605145756133 -0.011259122662274615 -0.0086187395942270012 -0.004679651856616074 -0.026860443363485968 0.0010980632509800885 0.025166254746673923 -0.017119645842865582 -0.011664612471531926 -0.011557781971078169 0.0026538692346563955 0.058073163471994593 -0.0048896250763793602 -0.00090771475505024965 0.028226228938060458 0.020149449257544191 0.011155854160292479 0.019120656015900309 0.0019924665349360065 0.0081300161521207902 -0.016564690068353684 0.039530643220680152 -0.022277160241246746 -0.0041138857214720499 0.012754892088913401 0.0048386799729018539 -0.011987084279047992 -0.015180755791111311 -0.002339447411065836 0.012303890405041784 -0.012891843836053078 0.014296145296762408 -0.0073996014540078483 0.018957127662329046 -0.011987066285469646 -0.0034547708177055537 -0.006943696528795654 0.047563438084959442 0.0028549230396717321 0.002494940341474578
leaf_weight=378.35259925574064 54.14831686206162 56.966922538354993 39.541989285498857 200.32514525949955 60.353840664029121 54.645364411175251 51.451868863776326 48.788912506774068 46.597928743809462 73.948739048093557 446.14713883027434 51.977480601519346 58.217543881386518 77.801202153787017 78.676970884203911 43.738974014297128 68.973271878436208 114.64183059521019 87.869697825983167 95.423554381355643 57.056031789630651 72.426728321239352 61.450274460017681 108.19941208139062 74.444659814238548 302.88295243307948 52.891332814469934 47.611843647435308 131.41756969876587 245.22962765209377 220.41797268018126 53.624499468132854 95.437510006129742 58.416092958301306 105.76603093743324 93.030293334275484 77.984239432960749 67.838562594726682 105.01863979361951 86.735211564227939 72.810399886220694 54.575540795922279 99.869054963812232 67.47236586920917 53.606305735185742 123.9018450640142 163.54898409917951 92.612547002732754 1865.1305443905294 53.55895134434104 66.205197708681226 51.899435317143798 141.84073941968381 110.99520047754049 53.513716025277972 75.949836982414126 40.469339087605476 54.840921621769667 45.51705346442759 64.131845612078905 43.070627368986607 131.44894290342927 110.2146924380213 113.83519899472594 101.66433140449226 248.32998663000762 428.80352444015443 169.30027920566499 162.63809791021049 107.86727122217417 433.25804741308093 206.46224162168801 78.486696010455489 50.599342053756118 134.26097988896072 61.364875383675098 472.49761923216283 131.10903197340667
leaf_count=5035 928 752 553 2475 1101 680 787 700 616 955 5287 561 609 780 672 593 937 953 947 951 631 1014 778 1235 768 3604 646 647 1503 2662 2577 698 948 616 1405 1079 940 831 1473 1010 917 551 1004 767 520 1705 2026 976 23881 708 927 550 1508 1057 657 859 497 594 556 691 537 1763 1824 1542 1687 3467 4814 1839 1990 1263 4879 2084 919 525 1438 628 5377 1649
internal_value=0 0.000665122 -0.000884418 -0.00858399 0.00316572 0.00778823 -0.00144571 0.0176788 0.0112408 0.00231029 0.000512276 0.00305882 0.0113973 0 0.014584 0.00106359 -0.0131061 0.00789677 0.0206048 0.000888788 -0.00724644 0.000296058 -0.0136233 -0.0264373 0.024463 0.00252792 0.0156644 0.0176364 0.00536099 -0.0153984 -0.00808508 -0.00494184 -0.00225932 0.0109567 0.0156286 0.022049 -0.00872875 -0.0135891 -0.00708244 0.00102798 0.00346218 -0.0107593 -0.00532006 -0.0155454 0.0100527 -0.00834398 -0.0139225 0.00394528 0.00031649 0.0258763 0.00521075 0.0137365 0.0203176 0.03157 -0.00571582 0.022056 0.0355215 0.016085 0.00525595 0.0262032 -0.00293928 0.00205924 -0.000734341 -0.00665248 0.00184904 -0.011054 0.00276872 0.00707919 0.00356942 -0.00182126 -0.00152095 7.42502e-05 0.0102161 -0.00214323 0.00745441 0.0247768 -0.00446086 -0.0105109
internal_weight=0 10028.3 6181.17 951.227 3847.13 1457.82 393.536 146.676 1064.28 358.262 5229.94 2734.58 730.663 2003.92 672.445 97.8873 246.86 408.329 139.847 268.481 704.948 321.237 383.711 169.65 264.117 359.85 706.017 653.126 178.015 591.378 815.833 177.887 2495.36 153.84 160.411 475.11 346.148 268.164 264.181 159.162 126.435 370.961 275.523 167.341 108.182 197.851 437.481 1298.97 2389.31 382.08 1206.36 259.945 193.74 189.672 217.063 334.468 94.0283 240.44 121.467 118.973 214.062 170.991 2124.4 422.519 1966.79 308.684 946.41 517.607 439.806 270.505 2014.19 1580.93 284.949 1295.98 246.225 111.964 1049.75 577.256
internal_count=131113 120818 70439 11264 50379 18701 5560 2221 13141 4745 59175 30775 7134 23641 6525 1521 3339 4028 1508 2520 8994 4128 4866 2013 2497 4356 8396 7750 2119 6908 10295 2402 28400 1567 2085 5631 4246 3306 3497 2024 1615 3790 2842 1771 1071 2660 5260 14647 31678 4552 13671 2985 2058 1729 2683 3905 1205 2700 1415 1285 2853 2316 24610 6110 25568 4568 10686 5872 5092 3253 22786 17907 3003 14904 2591 1153 12313 6936
is_linear=0
shrinkage=0.0454652


end of trees

feature_importances:
Column_15=32
Column_3=28
Column_27=27
Column_13=26
Column_16=23
Column_11=21
Column_18=19
Column_21=19
Column_30=19
Column_0=16
Column_6=16
Column_20=16
Column_14=15
Column_2=14
Column_22=14
Column_12=12
Column_7=11
Column_10=10
Column_17=9
Column_28=9
Column_4=8
Column_29=8
Column_23=7
Column_1=4
Column_33=4
Column_5=1
Column_31=1
Column_32=1

parameters:
[boosting: gbdt]
[objective: binary]
[metric: auc]
[tree_learner: serial]
[device_type: cpu]
[data_sample_strategy: bagging]
[data: ]
[valid: ]
[num_iterations: 600]
[learning_rate: 0.0454652]
[num_leaves: 79]
[num_threads: 2]
[seed: 42]
[deterministic: 0]
[force_col_wise: 0]
[force_row_wise: 0]
[histogram_pool_size: -1]
[max_depth: -1]
[min_data_in_leaf: 525]
[min_sum_hessian_in_leaf: 0.001]
[bagging_fraction: 0.774687]
[pos_bagging_fraction: 1]
[neg_bagging_fraction: 1]
[bagging_freq: 1]
[bagging_seed: 42]
[feature_fraction: 0.515409]
[feature_fraction_bynode: 1]
[feature_fraction_seed: 42]
[extra_trees: 0]
[extra_seed: 12879]
[early_stopping_round: 0]
[early_stopping_min_delta: 0]
[first_metric_only: 0]
[max_delta_step: 0]
[lambda_l1: 1.07292]
[lambda_l2: 4.08529]
[linear_lambda: 0]
[min_gain_to_split: 0]
[drop_rate: 0.1]
[max_drop: 50]
[skip_drop: 0.5]
[xgboost_dart_mode: 0]
[uniform_drop: 0]
[drop_seed: 17869]
[top_rate: 0.2]
[other_rate: 0.1]
[min_data_per_group: 100]
[max_cat_threshold: 32]
[cat_l2: 10]
[cat_smooth: 10]
[max_cat_to_onehot: 4]
[top_k: 20]
[monotone_constraints: ]
[monotone_constraints_method: basic]
[monotone_penalty: 0]
[feature_contri: ]
[forcedsplits_filename: ]
[refit_decay_rate: 0.9]
[cegb_tradeoff: 1]
[cegb_penalty_split: 0]
[cegb_penalty_feature_lazy: ]
[cegb_penalty_feature_coupled: ]
[path_smooth: 0]
[interaction_constraints: ]
[verbosity: -1]
[saved_feature_importance_type: 0]
[use_quantized_grad: 0]
[num_grad_quant_bins: 4]
[quant_train_renew_leaf: 0]
[stochastic_rounding: 1]
[linear_tree: 0]
[max_bin: 255]
[max_bin_by_feature: ]
[min_data_in_bin: 3]
[bin_construct_sample_cnt: 200000]
[data_random_seed: 175]
[is_enable_sparse: 1]
[enable_bundle: 1]
[use_missing: 1]
[zero_as_missing: 0]
[feature_pre_filter: 1]
[pre_partition: 0]
[two_round: 0]
[header: 0]
[label_column: ]
[weight_column: ]
[group_column: ]
[ignore_column: ]
[categorical_feature: ]
[forcedbins_filename: ]
[precise_float_parser: 0]
[parser_config_file: ]
[objective_seed: 16083]
[num_class: 1]
[is_unbalance: 0]
[scale_pos_weight: 1]
[sigmoid: 1]
[boost_from_average: 1]
[reg_sqrt: 0]
[alpha: 0.9]
[fair_c: 1]
[poisson_max_delta_step: 0.7]
[tweedie_variance_power: 1.5]
[lambdarank_truncation_level: 30]
[lambdarank_norm: 1]
[label_gain: ]
[lambdarank_position_bias_regularization: 0]
[eval_at: ]
[multi_error_top_k: 1]
[auc_mu_weights: ]
[num_machines: 1]
[local_listen_port: 12400]
[time_out: 120]
[machine_list_filename: ]
[machines: ]
[gpu_platform_id: -1]
[gpu_device_id: -1]
[gpu_use_dp: 0]
[num_gpu: 1]

end of parameters

pandas_categorical:null
