tree
version=v4
num_class=1
num_tree_per_iteration=1
label_index=0
max_feature_idx=33
objective=binary sigmoid:1
feature_names=Column_0 Column_1 Column_2 Column_3 Column_4 Column_5 Column_6 Column_7 Column_8 Column_9 Column_10 Column_11 Column_12 Column_13 Column_14 Column_15 Column_16 Column_17 Column_18 Column_19 Column_20 Column_21 Column_22 Column_23 Column_24 Column_25 Column_26 Column_27 Column_28 Column_29 Column_30 Column_31 Column_32 Column_33
feature_infos=[0.22403052449226379:4.806818962097168] [0.027025075629353523:26.170040130615234] [0.17134076356887817:8.6935958862304688] [0.087584272027015686:1] [-28.67047119140625:41.262332916259766] [-36.190670013427734:42.326030731201172] [-36.841156005859375:62.500308990478516] [-45.158794403076172:63.120437622070312] [-22.455821990966797:30.680826187133789] [0:0.95389312505722046] [0:0.64536702632904053] [0:0.40022626519203186] [-0.51016271114349365:0.51874518394470215] [-0.15599349141120911:0.22172828018665314] [-46.22015380859375:17.161741256713867] [-8.3726015090942383:64.2962646484375] [0:1] [0:95] [0:95] [-1:1] [-29.775985717773438:44.984848022460938] [-30.525325775146484:55.0223388671875] [-2.8409864902496338:15.253066062927246] [0.049656935036182404:5.4310722351074219] [-1:1] [0:1] [0:1] [-1:1] [-1:1] [-0.78183150291442871:0.97492790222167969] [-0.90096884965896606:1] [0:1] [0:1] [0.8888888955116272:4.5999999046325684]
tree_sizes=1728 1803 1806 1811 1748 1813 1811 1811 1819 1793 1792 1812 1810 1795 1814 1783 1808 1814 1795 1788 1806 1785 1803 1808 1813

Tree=0
num_leaves=15
num_cat=0
split_feature=27 28 30 28 27 30 2 2 0 27 27 11 15 11
split_gain=81.9378 59.9524 40.4829 37.5044 46.825 35.5931 31.7254 29.4498 31.6369 28.5414 23.2172 23.1234 22.0112 22.6654
threshold=-0.71473535895347584 -0.22706275433301923 1.0000000180025095e-35 0.6835516393184663 -0.47136868536472315 1.0000000180025095e-35 1.8299531340599062 0.82614594697952282 0.54538413882255565 -0.88186877965927113 0.26932403445243841 0.017444247379899028 3.4312249422073369 0.0077244823332875976
decision_type=2 2 2 2 2 2 2 2 2 2 2 2 2 2
left_child=1 -1 9 12 -5 6 10 -7 -9 11 -6 -3 -2 -14
right_child=3 2 -4 4 5 7 -8 8 -10 -11 -12 -13 13 -15
leaf_value=-1.0939689584665491 -1.0917235394163234 -1.0905382306070615 -1.0990001120330726 -1.099321337567492 -1.0977521023530872 -1.0912491957202486 -1.0904669461799583 -1.0991250058140605 -1.0933915795038796 -1.0983776014921827 -1.0946723834033052 -1.095423791922687 -1.091202678820085 -1.093909346654534
leaf_weight=956.91009225510061 672.85399783961475 108.88582280836999 687.53212245926261 220.11286516673863 520.99787466041744 461.09086586162448 96.016970193013549 119.85211017727852 411.3691071420908 292.50170561112463 534.69925604015589 623.54040072113276 342.66839083470404 4468.6832033060491
leaf_count=12791 10016 1620 9085 2902 6887 6267 1327 1823 5223 3963 7240 8336 4712 58525
internal_value=-1.09445 -1.09596 -1.09709 -1.09391 -1.09496 -1.09448 -1.0957 -1.0931 -1.09466 -1.09575 -1.09624 -1.09461 -1.09345 -1.0937
internal_weight=0 2669.37 1712.46 7848.34 2364.14 2144.03 1151.71 992.312 531.221 1024.93 1055.7 732.426 5484.21 4811.35
internal_count=140717 35795 23004 104922 31669 28767 15454 13313 7046 13919 14127 9956 73253 63237
is_linear=0
shrinkage=1


Tree=1
num_leaves=15
num_cat=0
split_feature=27 0 11 20 22 27 11 14 15 2 30 14 2 15
split_gain=80.6208 50.1539 35.065 34.2048 27.6139 38.0906 23.3324 25.0521 23.712 21.3108 27.6655 18.4338 17.7184 17.2668
threshold=-0.71473535895347584 1.2314120531082156 0.014474464114755394 -2.9920455217361446 -0.71499913930892933 -0.37256073951721186 0.020000964403152469 -6.5412356853485099 3.4312249422073369 1.6628194451332095 1.0000000180025095e-35 -6.9999113082885733 2.12937343120575 10.274508476257326
decision_type=2 2 2 2 2 2 2 2 2 2 2 2 2 2
left_child=1 2 -1 -2 5 -5 7 -6 -8 10 -4 -7 -10 -9
right_child=3 -3 9 4 6 11 8 13 12 -11 -12 -13 -14 -15
leaf_value=0.0010558668968892349 0.0022666005161517309 0.00023890537802898339 -0.00022770083605145827 -0.0045595872328654027 0.00023491399839109021 -0.0016115235445150692 0.0035463543238344985 0.0013946919526898996 -3.6689641465782456e-05 -0.0047379365382768214 -0.0039535734870367037 0.00091615471561041573 0.0025373371108785019 0.0054685786410508348
leaf_weight=216.69859731942415 1049.2943071518093 1040.1649384293705 457.68559812940657 239.14406744018197 452.46521111391485 509.80881805159152 213.3755764644593 245.22902002558112 3920.9655909202993 558.75563888438046 400.71695041842759 666.34470982849598 284.1084800940007 257.26887758634984
leaf_count=3066 14543 14405 5513 3074 6742 7260 3737 3359 50993 7755 5146 8193 3695 3231
internal_value=0 -0.00146056 -0.00256324 0.000569079 0.000298492 -0.000942844 0.000633846 0.00206772 0.000311761 -0.00314776 -0.00203328 -0.000148594 0.000131889 0.00361044
internal_weight=0 2674.02 1633.86 7838 6788.71 1415.3 5373.41 954.963 4418.45 1417.16 858.403 1176.15 4205.07 502.498
internal_count=140712 35885 21480 104827 90284 18527 71757 13332 58425 18414 10659 15453 54688 6590
is_linear=0
shrinkage=0.0101079


Tree=2
num_leaves=15
num_cat=0
split_feature=28 3 29 5 17 32 7 16 16 15 28 13 30 13
split_gain=78.608 97.3345 62.888 23.5077 28.4461 25.7931 21.8893 57.6611 19.8043 21.3576 22.2657 30.4271 27.6104 21.2244
threshold=-0.22706275433301923 0.48584090173244482 -0.60785761475563038 -4.1424508094787589 54.500000000000007 1.0000000180025095e-35 1.1387991905212405 0.67886441946029674 0.15464979410171512 4.9336230754852304 0.8491516411304475 0.091552894562482848 1.0000000180025095e-35 0.046864882111549384
decision_type=2 2 2 2 2 2 2 2 2 2 2 2 2 2
left_child=-1 8 -3 5 6 -4 7 -5 -2 -10 11 13 -12 -11
right_child=1 2 3 4 -6 -7 -8 -9 9 10 12 -13 -14 -15
leaf_value=0.00098797321460718083 0.0036662983960206669 0.0055922772107215163 0.0023001611627836566 -0.001784084944468256 -0.0036386129669736516 -0.002136843063472795 -0.0022138922056002619 0.0067846105956266018 -0.0025865137121876248 0.0010245537766946614 -0.0024579233849771421 -0.0033256776867793712 0.0014977157937205888 0.0039896511533631168
leaf_weight=4715.1600142475218 216.03817886300385 101.64897588640451 233.5809325799346 280.42768813110888 1261.2490121126175 290.74259509891272 1130.1737321149558 102.49820868857205 199.82778478600085 792.78006137907505 383.35947418212891 105.15293717198074 316.33195832930505 397.79617349803448
leaf_count=63015 3365 1360 2998 3722 17728 4225 14245 1144 2931 10754 4894 1474 4001 4968
internal_value=0 -0.000767055 -0.00187042 -0.00212501 -0.00249577 -7.94285e-05 -0.00150303 0.000493579 0.000773122 0.000458299 0.000792128 0.00158244 -0.000615451 0.00206816
internal_weight=0 5811.61 3400.32 3298.67 2774.35 524.324 1513.1 382.926 2411.29 2195.25 1995.42 1295.73 699.691 1190.58
internal_count=140824 77809 45422 44062 36839 7223 19111 4866 32387 29022 26091 17196 8895 15722
is_linear=0
shrinkage=0.0101079


Tree=3
num_leaves=15
num_cat=0
split_feature=27 29 0 20 16 29 16 29 23 20 20 21 16 30
split_gain=69.2884 76.8205 68.8261 31.3422 39.781 35.3493 35.8234 33.4904 29.0105 28.357 26.9509 26.4148 28.618 27.0026
threshold=-0.71473535895347584 -1.0000000180025095e-35 1.0092659592628481 -2.6267926692962642 0.15464979410171512 -0.60785761475563038 0.37909406423568731 0.6078576147556306 0.5199095904827119 -0.7342797815799712 -1.5225819945335386 5.3090174198150644 0.65376961231231701 -0.56174489110708226
decision_type=2 2 2 2 2 2 2 2 2 2 2 2 2 2
left_child=1 -1 -3 -2 -5 -6 7 10 -8 -10 -7 12 13 -11
right_child=3 2 -4 4 5 6 8 -9 9 11 -12 -13 -14 -15
leaf_value=0.0019720310959644989 0.0019379597235027991 -0.0043370772059849938 -0.00063932211391548761 0.0041854946829165051 0.0056068209094284494 0.0012003388950423677 -0.0016820693395774272 0.00031993120313992878 -0.0012700911785951926 -0.0015655247757448555 -0.0040565819699502825 -1.8098851921511534e-05 0.0028106180848194201 0.0017140697259093534
leaf_weight=525.5355500690639 1225.2035746946931 937.11553531326354 1202.9105584658682 235.53769260644913 105.95312540233135 103.84201038256288 662.03863999433815 450.10242093354464 701.03524331562221 403.50105688348413 557.66412347741425 1660.2872841544449 1084.1403585225344 652.41902196966112
leaf_count=7121 17082 12282 16345 4173 1415 1559 8556 6415 9269 5867 8167 20237 13608 8539
internal_value=0 -0.00142898 -0.00228708 0.000454942 0.000172296 1.29969e-05 -8.17048e-05 -0.0017261 0.000266503 0.000564432 -0.00316656 0.000915342 0.00165587 0.000420511
internal_weight=0 2665.56 2140.03 7841.72 6616.52 6380.98 6275.03 1111.61 5163.42 4501.38 661.506 3800.35 2140.06 1055.92
internal_count=140635 35748 28627 104887 87805 83632 82217 16141 66076 57520 9726 48251 28014 14406
is_linear=0
shrinkage=0.0101079


Tree=4
num_leaves=15
num_cat=0
split_feature=27 0 29 21 2 2 15 30 3 3 11 22 29 12
split_gain=72.2791 87.1614 79.461 33.6312 32.6886 28.5046 31.9866 31.5006 26.5178 22.567 18.0087 18.2572 17.6334 15.9053
threshold=-0.41268247365951533 1.0168019533157351 -1.0000000180025095e-35 -0.30378955602645868 0.77104493975639354 2.0736768245697026 3.4312249422073369 -0.56174489110708226 0.73047596216201793 0.62427791953086864 0.0094234421849250811 -0.72875165939331044 1.0000000180025095e-35 0.064232476055622115
decision_type=2 2 2 2 2 2 2 2 2 2 2 2 2 2
left_child=1 2 3 -1 -4 6 9 -7 -9 -2 11 -8 -3 -12
right_child=5 12 4 -5 -6 7 10 8 -10 -11 13 -13 -14 -15
leaf_value=-0.001622961232778608 0.0037407883840654996 0.0013782080574671108 0 0.0050930341351466167 -0.0048605994592298887 0.0064541487087756066 -0.0016448317290421077 -0.0017141211797149455 0.0041487688427541648 0 -0.00025348296372740563 0.0029149180202270634 -0.00052064397418486352 0.0012122939872601173
leaf_weight=137.31627551279962 466.69787597842515 772.01934902742505 177.11827463470399 141.75969295948744 1015.8376782182604 169.18982964940369 96.091622903943062 162.03225388750434 133.01785763166845 235.93279335834086 4303.982941640541 417.97861458174884 1356.4463678523898 909.57634972967207
leaf_count=1765 7653 10272 2165 2017 13545 1979 1303 1966 1665 3306 57526 5859 18521 10839
internal_value=0 -0.00113968 -0.0030253 0.00169201 -0.00416633 0.000625536 0.000441619 0.00303882 0.00083322 0.00246962 0.00018282 0.00197337 0.000151596 0
internal_weight=0 3600.5 1472.03 279.076 1192.96 6894.5 6430.26 464.24 295.05 702.631 5727.63 514.07 2128.47 5213.56
internal_count=140381 48285 19492 3782 15710 92096 86486 5610 3631 10959 75527 7162 28793 68365
is_linear=0
shrinkage=0.0101079


Tree=5
num_leaves=15
num_cat=0
split_feature=28 27 29 3 2 30 11 30 11 13 2 11 13 3
split_gain=78.3591 122.947 82.5457 37.0773 33.1223 42.3932 32.4262 24.1928 23.6497 28.2642 23.4448 28.4615 22.4552 20.5664
threshold=-0.20576497167348859 -0.20576497167348859 -1.0000000180025095e-35 0.74696034193038952 1.4510965347290041 1.0000000180025095e-35 0.025121112354099754 1.0000000180025095e-35 0.017444247379899028 -0.0086366455070674402 1.0132903456687929 0.065000083297491087 -0.018429176881909367 0.42982682585716253
decision_type=2 2 2 2 2 2 2 2 2 2 2 2 2 2
left_child=6 2 3 -2 5 13 12 -6 9 -4 -7 -12 -1 -3
right_child=1 4 8 -5 7 10 -8 -9 -10 -11 11 -13 -14 -15
leaf_value=-0.0010052773548746914 0.0043046847024649044 -6.8749038183897954e-05 0.0034961551501351538 -0.0014403073342593993 0.004567228226500325 0.0022598825229689363 0.0005400645706821666 0.00026779638102686159 -0.0040734831668190969 -0.0030722122064984502 -0.0039957534948987863 0.002048753476021647 0.0031230097365870821 -0.0023521139076735156
leaf_weight=136.96861578524113 208.67650566622615 1020.9037493374199 93.863938635215163 224.55019842647016 302.10596033558249 900.03977580927312 3733.8889798223972 274.6650605853647 1509.5716614574194 178.76153950579464 150.35563163273036 144.99801282584667 935.1957681439817 703.12430801056325
leaf_count=2027 2548 14595 1168 3366 3512 12286 49552 3379 20172 2614 1909 1916 12543 9049
internal_value=0 -0.000748432 -0.00260964 0.00126169 0.000422511 -3.3612e-06 0.00100126 0.00261933 -0.0035747 -0.000632618 0.00144025 -0.0009178 0.00255474 -0.00102964
internal_weight=0 5711.62 2215.42 433.227 3496.19 2919.42 4806.05 576.771 1782.2 272.625 1195.39 295.354 1072.16 1724.03
internal_count=140636 76514 29868 5914 46646 39755 64122 6891 23954 3782 16111 3825 14570 23644
is_linear=0
shrinkage=0.0101079


Tree=6
num_leaves=15
num_cat=0
split_feature=28 3 29 11 20 14 15 21 21 15 3 21 12 3
split_gain=71.8645 90.4944 42.6684 38.0561 34.4505 39.5159 29.8041 26.1925 25.2182 23.9892 22.5409 36.2558 25.7586 22.278
threshold=-0.22706275433301923 0.52379813790321361 -1.0000000180025095e-35 0.019165301695466045 -3.269165992736816 -7.1212875843048087 5.0033621788024911 -9.3171563148498517 6.9190087318420419 22.533465385437015 0.73753392696380626 8.6167778968811053 0.055574104189872749 0.32001498341560369
decision_type=2 2 2 2 2 2 2 2 2 2 2 2 2 2
left_child=3 7 -3 -1 -4 -6 -5 -2 -7 10 11 12 -8 -11
right_child=1 2 4 6 5 8 9 -9 -10 13 -12 -13 -14 -15
leaf_value=0.0029237222058539308 0.0044801961397722646 0.00039828252060747875 4.9931903041528213e-05 0.0021851228682349616 -0.004957366682798026 -0.00078404662379044502 -0.00087825946650130335 0.00030752919017198874 -0.0037703567697330576 -0.0013330308718917188 0.0016205341911832006 -0.0049305821075845508 0.0020418065802421535 0.0038718452383094746
leaf_weight=808.95620168745518 158.99313608556986 606.14878000691533 408.2432991117239 835.12458005920053 743.95311646163464 822.05855452269316 1654.1733540669084 2564.864342821762 485.98237252235413 100.34617583826184 490.6099481061101 186.83324217423797 366.80949723348022 279.01733774505556
leaf_count=10994 2455 8008 5877 12009 10929 10160 21713 33879 6261 1582 6773 1936 4509 3520
internal_value=0 -0.000750905 -0.00194283 0.000928017 -0.00253548 -0.00306779 0.000500207 0.000577755 -0.00193978 2.56229e-05 -0.000297802 -0.00074648 -0.000322614 0.00239131
internal_weight=0 5790.24 3066.39 4721.87 2460.24 2051.99 3912.91 2723.86 1308.04 3077.79 2698.43 2207.82 2020.98 379.364
internal_count=140605 77569 41235 63036 33227 27350 52042 36334 16421 40033 34931 28158 26222 5102
is_linear=0
shrinkage=0.0101079


Tree=7
num_leaves=15
num_cat=0
split_feature=27 0 3 30 0 16 2 20 20 30 16 14 22 16
split_gain=70.1019 46.2266 41.9919 31.7389 26.9173 21.1998 18.6985 17.0065 28.0891 24.7046 30.2986 24.7833 23.7345 17.4756
threshold=-0.71473535895347584 1.0092659592628481 0.48584090173244482 -0.56174489110708226 0.53441613912582409 0.21241487562656405 2.0736768245697026 -0.7342797815799712 -2.6267926692962642 -0.56174489110708226 0.47556369006633764 -1.9712484478950498 -0.29837572574615473 0.38734084367752081
decision_type=2 2 2 2 2 2 2 2 2 2 2 2 2 2
left_child=1 2 -1 -4 -2 -6 7 8 -7 10 -9 13 -10 -11
right_child=4 -3 3 -5 5 6 -8 9 12 11 -12 -13 -14 -15
leaf_value=0.0013444837471321956 -0.0014567297225344083 -0.00026460025356886857 -0.0014161324745240328 -0.0053019443552835268 0.0019598758044241061 0.0011791383700780927 0.0024775435834649344 -0.0033355893034095569 -0.0033328445092628751 -0.00020035172144964775 0.00021446671924257057 -0.00070483973909053505 -0.00012355109809543158 0.0021433254329064201
leaf_weight=177.09324049949646 689.04450742341578 1503.5149976443499 399.61345390975475 589.23661066405475 1027.2618997711688 510.19464061036706 400.66916158981621 286.0429593604058 468.12014408223331 364.43727640248835 1408.8259696867317 526.84419038705528 522.00819648057222 1651.8520468585193
leaf_count=1930 10719 20481 5416 7991 15554 6833 5169 4530 6114 4955 17508 5771 6878 20812
internal_value=0 -0.00146923 -0.00297631 -0.00379513 0.000423923 0.000611753 0.000377424 0.000220642 -0.000689979 0.000553217 -0.000373156 0.00118574 -0.00169534 0.00170055
internal_weight=0 2669.46 1165.94 988.85 7855.3 7166.26 6138.99 5738.33 1500.32 4238 1694.87 2543.13 990.128 2016.29
internal_count=140661 35818 15337 13407 104843 94124 78570 73401 19825 53576 22038 31538 12992 25767
is_linear=0
shrinkage=0.0101079


Tree=8
num_leaves=15
num_cat=0
split_feature=28 32 29 29 16 20 16 11 11 33 29 2 11 7
split_gain=74.2896 55.814 64.8585 37.7791 28.9197 27.8648 40.0294 25.0272 24.9508 33.0229 23.4791 22.2001 21.7618 20.9249
threshold=-0.22706275433301923 1.0000000180025095e-35 -1.0000000180025095e-35 -0.60785761475563038 0.16862916946411136 -2.9920455217361446 0.46684949100017553 0.014474464114755394 0.02911349851638079 0.9590476155281068 0.87837970256805431 1.3802981972694399 0.15500028431415561 -5.0831675529479972
decision_type=2 2 2 2 2 2 2 2 2 10 2 2 2 2
left_child=8 3 11 -2 -5 -6 -7 -4 -1 -10 -9 -3 -11 -8
right_child=1 2 7 4 5 6 13 10 9 12 -12 -13 -14 -15
leaf_value=0.002159183739495237 0.0049089903862704161 0.0044712581119328784 0.00011021992455270822 0.0021602784248117225 0.0030947933341588865 -0.0026292755901320842 0.0039304748442296547 -0.004641400870586271 0.0019700452212399531 -0.00045990368368199936 -0.0011123348714531789 -0.00051345570788737438 0.003021400965588417 -0.00038109185050181423
leaf_weight=1228.9752403069288 137.56210984662175 143.03753844089806 167.87723868340254 410.37020254507661 181.4065851084888 934.45201598480344 112.63716231659055 905.28796284273267 1037.2099993824959 2257.9149181470275 292.94777356646955 198.02247194945812 190.65002332627773 2302.529743053019
leaf_count=16659 1835 1798 2388 6472 2321 13523 1316 12039 25823 18816 3994 2838 1586 29216
internal_value=0 -0.000791716 -0.00232338 -0.000137614 -0.000333153 -0.000638415 -0.000859235 -0.00331374 0.000916085 0.000462455 -0.00382469 0.00151306 -0.000163808 -0.000151547
internal_weight=0 5786.13 1707.17 4078.96 3941.4 3531.03 3349.62 1366.11 4714.75 3485.77 1198.24 341.06 2448.56 2415.17
internal_count=140624 77740 23057 54683 52848 46376 44055 18421 62884 46225 16033 4636 20402 30532
is_linear=0
shrinkage=0.0101079


Tree=9
num_leaves=15
num_cat=0
split_feature=28 27 28 2 30 11 3 3 33 20 16 12 14 15
split_gain=77.5787 75.8021 54.3601 40.0565 45.0506 26.9443 28.3993 21.2506 20.5472 19.6378 19.0853 21.0422 19.8651 27.6745
threshold=-0.69930991530418385 -0.20576497167348859 -0.20576497167348859 1.4002898931503298 1.0000000180025095e-35 0.025121112354099754 0.74070098996162426 0.48584090173244482 0.9590476155281068 -0.9006940722465514 0.85051745176315319 0.064232476055622115 -6.8334546089172354 8.7771925926208514
decision_type=2 2 2 2 2 2 2 2 10 2 2 2 2 2
left_child=5 2 -2 4 10 9 8 -4 -7 -1 12 -12 -3 -14
right_child=1 3 7 -5 -6 6 -8 -9 -10 -11 11 -13 13 -15
leaf_value=0.00069889551286123433 0.00024213085701294858 -0.0014749644179006718 0 0.0023558358760139893 0.0012446144998272189 0.0020098121740056529 0.0035718717465977839 -0.0029552262559712438 -0.00029790738261129207 0.004653485661806467 -0.0039875418606892784 0.00068456701238084328 -0.0027968119436010109 0.0017701332689102848
leaf_weight=229.40407897531986 997.54461642540991 949.21580741927028 310.61441232450306 819.09566168673337 1481.2870478667319 546.13411366194487 337.14190088026226 1916.1132125332952 1295.4157996028662 403.46234189160168 367.02619009651244 112.17130312882364 163.90928006917238 583.50522579438984
leaf_count=3036 13333 14788 3429 9764 20017 13500 4712 26584 10746 5393 4492 1128 2257 7428
internal_value=0 -0.000499321 -0.00168119 0.000344374 -9.9057e-05 0.00145998 0.000894775 -0.00255882 0.000370045 0.00330865 -0.00103352 -0.00281711 -0.000495636 0.00069681
internal_weight=0 7700.48 3224.27 4476.21 3657.11 2811.56 2178.69 2226.73 1841.55 632.866 2175.83 479.197 1696.63 747.415
internal_count=140607 103220 43346 59874 50110 37387 28958 30013 24246 8429 30093 5620 24473 9685
is_linear=0
shrinkage=0.0101079


Tree=10
num_leaves=15
num_cat=0
split_feature=3 0 16 11 15 22 32 16 15 5 12 5 23 30
split_gain=41.5056 63.3239 28.3833 26.3659 35.7639 25.4434 35.4191 20.7434 23.0589 31.714 23.1899 20.4898 19.6293 19.4254
threshold=0.46475630998611456 0.68808826804161083 0.15464979410171512 0.019165301695466045 11.200118064880373 0.25753255188465124 1.0000000180025095e-35 0.38734084367752081 19.441177368164066 2.0202469825744633 -0.0024881325662136074 0.33867850899696356 1.6012215018272402 -0.56174489110708226
decision_type=2 2 2 2 2 2 2 2 2 2 2 2 2 2
left_child=2 -2 -1 4 -3 6 -5 13 9 10 -9 -10 -8 -4
right_child=1 3 7 5 -6 -7 12 8 11 -11 -12 -13 -14 -15
leaf_value=0.0036416690516015604 -0.0027569157029877864 0.0004253095509045253 -0.0032364767949677824 0 0.0051570977338136707 0.00055534188437621136 -0.0027210552987924413 0.0008487852030959756 -0.0027975787741197061 -0.00062073680310039878 0.0035019051565942125 0.00061575036102235316 0.0010838100842071184 0.00015176953476765743
leaf_weight=334.8983695525676 1042.7510771453381 917.39171051420271 239.77446318417788 1575.7320213187486 198.426996845752 1723.0386582855135 1104.1198238749057 682.74127490259707 253.63619628921151 479.41298586502671 782.93263933062553 537.03943267092109 137.71249806694686 505.24742120876908
leaf_count=5522 15502 12239 4109 18725 2529 22480 14817 9027 3741 6256 10145 6421 1869 7214
internal_value=0 -0.000477002 0.000842618 -4.64048e-05 0.00133214 -0.000395742 -0.000991626 0.000554323 0.000968362 0.00156302 0.00230431 -0.00044474 -0.00226266 -0.000906643
internal_weight=0 6699.17 3815.68 5656.42 1115.82 4540.6 2817.56 3480.78 2735.76 1945.09 1465.67 790.676 1241.83 745.022
internal_count=140596 88161 52435 72659 14768 57891 35411 46913 35590 25428 19172 10162 16686 11323
is_linear=0
shrinkage=0.0101079


Tree=11
num_leaves=15
num_cat=0
split_feature=27 29 0 28 29 27 2 13 15 11 6 2 11 3
split_gain=69.6079 64.7776 56.4548 32.3466 42.9829 57.9151 34.6142 30.4152 26.5081 26.478 22.0893 19.899 18.2716 20.4498
threshold=-0.69930991530418385 -1.0000000180025095e-35 1.0367240309715273 0.71473535895347606 -0.60785761475563038 -0.11969653144478797 1.9273519515991213 0.030745593830943111 9.2861890792846697 0.014474464114755394 -3.3622850179672237 0.77602940797805797 0.0094234421849250811 0.70906254649162304
decision_type=2 2 2 2 2 2 2 2 2 2 2 2 2 2
left_child=1 -1 9 10 -5 -6 7 8 -7 -3 -2 -11 -12 -14
right_child=3 2 -4 4 5 6 -8 -9 -10 11 12 -13 13 -15
leaf_value=0.0017078617685952699 0.0021735179563471428 6.2216402314507679e-05 -0.00060526661173443777 0.0047266661329172094 -0.0035308263026024556 -0.00039355776094508407 0.005450869698776499 -0.0023992396702358651 0.0031048996243463719 -0.00025385885055195941 0.002732863696995822 -0.0051630275700176491 8.8093343054744739e-05 0.0022713475381270784
leaf_weight=541.04601377435029 1173.7322829123586 127.89249575510621 1177.1107555255294 141.01430751755834 593.82472451403737 645.5187692604959 109.31835551559925 458.68560375459492 316.59949627332389 115.68293832987547 369.64864265732467 747.189682001248 3504.3220762293786 501.71838005818427
leaf_count=7343 16259 1812 16004 1869 7993 9416 1378 5765 3936 1356 5133 9960 46126 6351
internal_value=0 -0.00136204 -0.00215013 0.000515706 -0.000489401 -0.000870393 0.000148158 -0.000258432 0.000731277 -0.00392633 0.00093333 -0.00455939 0.000588218 0.000375415
internal_weight=0 2708.92 2167.88 7814.38 2264.96 2123.95 1530.12 1420.8 962.118 990.765 5549.42 862.873 4375.69 4006.04
internal_count=140701 36475 29132 104226 30357 28488 20495 19117 13352 13128 73869 11316 57610 52477
is_linear=0
shrinkage=0.0101079


Tree=12
num_leaves=15
num_cat=0
split_feature=27 29 0 28 29 27 2 15 17 11 13 3 16 0
split_gain=71.0639 61.7101 52.3289 29.0124 42.5926 51.5711 39.9767 30.3081 28.2794 26.3011 25.7264 25.1048 23.2732 41.3982
threshold=-0.71473535895347584 -1.0000000180025095e-35 1.0168019533157351 0.6835516393184663 -0.60785761475563038 -0.11969653144478797 1.8299531340599062 16.134447097778324 55.500000000000007 0.014474464114755394 0.075004138052463545 0.47107085585594183 0.65751555562019359 1.1841627955436709
decision_type=2 2 2 2 2 2 2 2 2 2 2 2 2 2
left_child=1 -1 9 8 -5 -6 7 11 12 -3 -9 -7 13 -2
right_child=3 2 -4 4 5 6 -8 10 -10 -11 -12 -13 -14 -15
leaf_value=0.0015799618031388206 -0.0014962344247572063 2.7986522724442744e-05 -0.00074798640788875301 0.0047587795641752762 -0.003340331830559005 0.0017356423511229566 0.005310458451848619 -0.0049845073592669868 0.0018517144811152507 -0.0046401330362912784 0.00060326663531446237 -0.0012306907474540587 0.0010291383550008605 0.0025669640365843824
leaf_weight=531.55443310923874 1192.4538873434067 124.60161835514009 1183.6408734526485 140.14856210537255 597.76494137570262 642.33529755100608 130.82717466168106 221.79671439155936 1952.1258236262947 822.01458000019193 111.80628803186119 509.21316209249198 2039.0473210141063 313.42912572994828
leaf_count=7195 17162 1737 16167 1867 8105 8832 1638 2606 26645 10802 1594 6887 24978 4490
internal_value=0 -0.00144024 -0.00221575 0.000468479 -0.00045826 -0.00082199 9.5947e-05 -0.000361074 0.00087276 -0.00398793 -0.00302149 0.00038953 0.000319448 -0.000615097
internal_weight=0 2661.81 2130.26 7850.95 2353.89 2213.74 1615.98 1485.15 5497.06 946.616 333.603 1151.55 3544.93 1505.88
internal_count=140705 35901 28706 104804 31529 29662 21557 19919 73275 12539 4200 15719 46630 21652
is_linear=0
shrinkage=0.0101079


Tree=13
num_leaves=15
num_cat=0
split_feature=28 27 29 11 20 1 14 16 30 7 6 13 11 13
split_gain=66.8795 105.694 83.7527 27.0059 25.5267 30.1439 28.0942 26.7416 48.1649 29.585 25.0358 28.9011 22.6497 28.2774
threshold=-0.20576497167348859 -0.16288578510284421 -1.0000000180025095e-35 0.019165301695466045 -2.9920455217361446 1.0139619112014773 -20.798419952392575 0.46684949100017553 -0.56174489110708226 -5.0831675529479972 -0.90374410152435292 0.037556026130914695 0.017444247379899028 -0.0090881288051605207
decision_type=2 2 2 2 2 2 2 2 2 2 2 2 2 2
left_child=3 2 10 -1 5 -3 -6 8 -8 -9 -2 -12 13 -4
right_child=1 4 12 -5 6 -7 7 9 -10 -11 11 -13 -14 -15
leaf_value=0.0025332914580738978 -0.00075511191531251636 0.0053874806978915814 0.0036221873224923703 0.00050793087278572225 0.0045865373540904548 -0.00027844880875970411 -0.0051283964733813596 0.0054648060880758608 0 0.00014701315934015287 0.0078727616683932928 0.00021084128212148977 -0.0038790970930521842 -0.0029027630662399936
leaf_weight=827.76711135171354 237.45800911821425 203.49627762287855 93.223929928615689 3991.510392697528 126.51285914704204 151.01120493561029 268.91152963042259 106.76793032325804 569.79871414974332 1993.8467294052243 92.991109564900398 124.47597019933164 1550.1556055974215 189.52389201708138
leaf_count=11172 3074 2891 1162 52978 2246 1780 4364 1213 7918 25180 1418 1682 21009 2772
internal_value=0 -0.00074816 -0.00242841 0.000867656 0.000366831 0.00290711 5.34282e-05 -0.000139315 -0.00166714 0.000455316 0.00137273 0.00382292 -0.00339564 -0.000573313
internal_weight=0 5708.17 2287.83 4819.28 3420.35 354.507 3065.84 2939.32 838.71 2100.61 454.925 217.467 1832.9 282.748
internal_count=140859 76709 31117 64150 45592 4671 40921 38675 12282 26393 6174 3100 24943 3934
is_linear=0
shrinkage=0.0101079


Tree=14
num_leaves=15
num_cat=0
split_feature=28 27 29 3 20 16 16 30 13 33 29 0 23 0
split_gain=72.7414 109.369 70.9017 31.5528 25.3308 27.1143 31.3308 51.5482 30.8619 44.0682 25.5398 27.1869 27.1613 20.6647
threshold=-0.20576497167348859 -0.24825246632099149 -1.0000000180025095e-35 0.74696034193038952 -2.9920455217361446 0.13197183609008792 0.46684949100017553 -0.56174489110708226 -0.0073081606533378354 0.99393379688262951 0.87837970256805431 0.97307071089744579 0.5199095904827119 1.0092659592628481
decision_type=2 2 2 2 2 2 2 2 2 10 2 2 2 2
left_child=-1 2 3 -2 -3 -6 7 -7 9 -8 11 12 -10 -4
right_child=1 4 13 -5 5 6 8 -9 10 -11 -12 -13 -14 -15
leaf_value=0.00086436091826622282 0.0038584649157748924 0.0027456216166139142 -0.0042695112543155167 -0.0015045347454835686 0.0046682386312274209 -0.0053410621410095284 -0.0019531158602588646 -8.6169444471544159e-05 -0.0012445464511000059 0.0055829997994904451 -0.0023568522119073155 -0.0021911196275571435 0.002157478123670298 -0.0015981561522384559
leaf_weight=4817.0939095132053 201.98296687938273 365.53322111442685 1226.137045269832 221.57562287151814 112.60534532554448 281.15088238939643 102.9776292219758 610.76426130905747 309.25704490020871 236.12649627029896 394.5323478858918 286.06354111433029 860.30055301077664 479.6272187102586
leaf_count=64174 2443 4826 16492 3307 2091 4546 2405 8552 4002 1875 5035 2902 11396 6720
internal_value=0 -0.000821946 -0.00263125 0.000982033 0.000252414 -2.6153e-05 -0.000221938 -0.00181891 0.000414301 0.00318505 -8.27339e-05 0.000515046 0.00122127 -0.00355248
internal_weight=0 5688.63 2129.32 423.559 3559.31 3193.78 3081.17 891.915 2189.26 339.104 1850.15 1455.62 1169.56 1705.76
internal_count=140766 76592 28962 5750 47630 42804 40713 13098 27615 4280 23335 18300 15398 23212
is_linear=0
shrinkage=0.0101079


Tree=15
num_leaves=15
num_cat=0
split_feature=27 0 29 11 20 16 16 21 29 20 7 14 16 20
split_gain=63.1226 74.2023 60.8793 31.5115 24.4942 25.7812 44.8685 23.9263 23.5873 23.3128 27.3867 25.3059 45.6747 22.2333
threshold=-0.43245348334312433 1.2138688564300539 -1.0000000180025095e-35 0.017444247379899028 -2.9262808561325069 0.15464979410171512 0.37909406423568731 -0.37017333507537836 0.6078576147556306 -1.0065717697143552 -8.994715213775633 -7.1848340034484854 0.838109850883484 -1.5225819945335386
decision_type=2 2 2 2 2 2 2 2 2 2 2 2 2 2
left_child=1 2 7 -4 -2 -6 8 -1 13 -8 -11 -12 -13 -7
right_child=4 -3 3 -5 5 6 9 -9 -10 10 11 12 -14 -15
leaf_value=-0.0012653963963074806 0.0021587641032742477 0.00050878423578522465 0 -0.0039078229787870965 0.0035238775395211772 0.00089985745666682805 -0.001117230624901626 0.0037911809869587477 7.6257540786879794e-05 0.005319967645840592 -0.0010042536695579482 0.00228001022496229 -6.7967627375802535e-05 -0.0037537623429208956
leaf_weight=169.7831039018929 892.84240803867579 1614.6029270626605 251.81765735335648 1303.2463063783944 245.38808821514249 111.07260219939053 641.25820169039071 183.27778991125524 439.57126560807228 135.34511140547693 666.28914557024837 1690.1536630857736 1622.673771912232 523.66140491701663
leaf_count=2186 12232 22140 3457 17166 4375 1673 8601 2517 6191 1729 9529 21681 19132 7755
internal_value=0 -0.00106463 -0.00241386 -0.00327873 0.000593708 0.00035463 0.000209865 0.00127193 -0.0016382 0.000637797 0.000922713 0.000753089 0.00112023 -0.00287536
internal_weight=0 3522.73 1908.12 1555.06 6968.26 6075.41 5830.03 353.061 1074.31 4755.72 4114.46 3979.12 3312.83 634.734
internal_count=140364 47466 25326 20623 92898 80666 76291 4703 15619 60672 52071 50342 40813 9428
is_linear=0
shrinkage=0.0101079


Tree=16
num_leaves=15
num_cat=0
split_feature=28 27 29 3 2 30 2 11 33 23 16 13 3 29
split_gain=62.4157 109.948 80.8785 31.556 27.3125 40.8686 25.8839 23.7063 25.916 20.5759 20.1895 20.0851 19.7849 21.8812
threshold=-0.22706275433301923 -0.20576497167348859 -1.0000000180025095e-35 0.74696034193038952 1.4510965347290041 1.0000000180025095e-35 1.1921317577362063 0.025121112354099754 0.9590476155281068 0.41744951903820043 0.14552611857652667 -0.018429176881909367 0.73375961184501659 0.87837970256805431
decision_type=2 2 2 2 2 2 2 2 10 2 2 2 2 2
left_child=7 2 3 -2 5 -3 9 11 -9 -7 -10 -1 13 -12
right_child=1 4 -4 -5 -6 6 -8 8 10 -11 12 -13 -14 -15
leaf_value=-0.0011530586924431265 0.00405583509401021 -0.00097553802347815808 -0.0034045872321283167 -0.0011416359058144961 0.0023836408071378611 -0.0016006881109239504 -0.0024014458778644238 0.0017773827528769083 0.0024900859809690399 0.0025238841247956574 -0.0014045192472158796 0.0027630083656612994 0.001514634047111446 0.001258776134952706
leaf_weight=136.133959017694 217.63130777515471 1741.9658159036189 1788.483636688441 230.72513004206121 590.04815784655511 124.24813009612262 142.05531210079789 1094.5073635429144 271.38695452362299 943.08122508227825 1503.1993287503719 922.23019693605602 432.66698649525642 376.38267191499472
leaf_count=1996 2657 23912 24339 3425 7045 1506 1819 27098 2344 12933 12333 12342 3690 3135
internal_value=0 -0.000685677 -0.00243867 0.00131805 0.00041301 2.12614e-07 0.00143624 0.000878229 0.000478323 0.00199811 -5.99833e-05 0.00221666 -0.000383948 -0.000846806
internal_weight=0 5778.24 2236.84 448.356 3541.4 2951.35 1209.38 4736.51 3678.14 1067.33 2583.64 1058.36 2312.25 1879.58
internal_count=140574 77636 30421 6082 47215 40170 16258 62938 48600 14439 21502 14338 19158 15468
is_linear=0
shrinkage=0.0101079


Tree=17
num_leaves=15
num_cat=0
split_feature=27 28 30 28 30 27 2 2 0 17 30 14 0 20
split_gain=61.3467 41.7688 35.662 31.5987 43.0679 37.9324 38.9055 24.6527 30.5476 22.149 24.6786 27.1708 39.5479 19.4617
threshold=-0.71473535895347584 -0.20576497167348859 1.0000000180025095e-35 0.6835516393184663 1.0000000180025095e-35 -0.11969653144478797 1.4955331087112429 0.90254512429237377 0.54538413882255565 44.500000000000007 0.81174489855766307 -7.1212875843048087 1.2776308059692385 -0.7663598060607909
decision_type=2 2 2 2 2 2 2 2 2 2 2 2 2 2
left_child=1 -1 -3 9 5 -5 -7 -6 -9 10 11 12 -2 -13
right_child=3 2 -4 4 7 6 -8 8 -10 -11 -12 13 -14 -15
leaf_value=0.00032058562744493116 -0.0028930819799064538 -0.00097497573125506767 -0.0040780853194885948 -0.0047509233160031869 0.0024877845443645858 -0.0014817505029719939 0.0045340546394708487 -0.0048020388205991631 0.00075585664201394554 0.0016660553267429706 0.0022734684830895795 -0.0029246195353643816 0.0025153524490825097 0.00091927994041460573
leaf_weight=1005.2591794524342 597.6295043323189 991.43203457072377 662.73697307705879 316.26216046884656 548.58308189734817 826.59074011445045 116.96718814410269 123.04347745142877 413.33968622982502 2369.5946100726724 553.90284259617329 134.7899206597358 164.8419590909034 1691.7731220945716
leaf_count=13399 9028 13626 8944 4306 7284 11222 1476 1873 5285 32267 6882 1639 2480 20951
internal_value=0 -0.0012685 -0.00225562 0.000504853 -0.000465496 -0.00174363 -0.000663033 0.000983369 -0.000494136 0.000925006 0.00035076 -5.04654e-05 -0.00165788 0.000602553
internal_weight=0 2659.43 1654.17 7857.32 2344.79 1259.82 943.558 1084.97 536.383 5512.53 3142.94 2589.03 762.471 1826.56
internal_count=140662 35969 22570 104693 31446 17004 12698 14442 7158 73247 40980 34098 11508 22590
is_linear=0
shrinkage=0.0101079


Tree=18
num_leaves=15
num_cat=0
split_feature=27 29 28 29 28 27 2 11 9 20 7 21 11 29
split_gain=62.755 52.2064 47.8539 28.7292 42.5087 51.4902 26.4204 24.3276 24.0001 20.5596 22.2757 18.7732 18.5966 17.3981
threshold=-0.71473535895347584 -1.0000000180025095e-35 -0.20576497167348859 -0.60785761475563038 0.6835516393184663 -0.11969653144478797 1.8299531340599062 0.017444247379899028 0.13812085986137393 -0.12302605807781218 6.4200763702392587 -5.6919429302215567 0.0094234421849250811 0.87837970256805431
decision_type=2 2 2 2 2 2 2 2 2 2 2 2 2 2
left_child=1 -1 -3 -2 11 9 8 -4 -7 -6 -11 -5 -13 -9
right_child=3 2 7 4 5 6 -8 13 -10 10 -12 12 -14 -15
leaf_value=0.0014788140021978809 0.0049264121810745553 -3.9738599750278091e-05 0 0.0024948466506329349 -0.00066109302053618839 0.001292854697776614 0.0044381365899294851 -0.0045431155925035518 -0.0013035354765666566 -0.0073290201808757401 -0.0019374533468426319 0.0025715672045812294 0.00041895685088300084 -0.0013319371479044424
leaf_weight=521.60203570686281 139.30643545277417 802.85727752372622 198.78215354122221 645.41025445796549 228.47179383412004 598.19940502569079 126.94976063258946 838.72708706185222 885.10647768899798 181.04126302525401 191.83840201795101 458.68041978403926 4399.2583041917533 276.076569840312
leaf_count=7096 1835 10694 2846 9416 3344 8079 1612 11400 11886 2482 2351 6198 57605 3790
internal_value=0 -0.00132498 -0.00203787 0.000474511 0.000384091 -0.000788114 0.00013402 -0.00322119 -0.000228021 -0.00329457 -0.00475611 0.000862948 0.000634242 -0.00379843
internal_weight=0 2638.05 2116.44 7854.26 7714.96 2211.61 1610.26 1313.59 1483.31 601.351 372.88 5503.35 4857.94 1114.8
internal_count=140634 35826 28730 104808 102973 29754 21577 18036 19965 8177 4833 73219 63803 15190
is_linear=0
shrinkage=0.0101079


Tree=19
num_leaves=15
num_cat=0
split_feature=27 28 29 20 16 14 7 5 23 3 0 29 14 20
split_gain=58.1484 89.6085 51.8941 26.3296 28.8473 45.1021 32.8255 29.3704 23.3929 23.6735 20.9163 20.2944 20.2301 18.6996
threshold=-0.41268247365951533 -0.18436925113201139 -1.0000000180025095e-35 -2.9262808561325069 0.15464979410171512 -7.0595555305480948 0.75176542997360241 4.3805954456329355 1.0907183289527895 0.36229579150676733 1.0490303039550783 1.0000000180025095e-35 -12.370080471038817 -0.7342797815799712
decision_type=2 2 2 2 2 2 2 2 2 2 2 2 2 2
left_child=1 11 12 -2 -5 8 7 -7 9 -6 -4 -1 -3 -8
right_child=3 2 10 4 5 6 13 -9 -10 -11 -12 -13 -14 -15
leaf_value=0.0020196324764505248 0.0021759995999061092 -0.0023725879902996706 -0.0040731680970569721 0.0036546958123728802 0 0.0017980288686909702 -0.0016608037932827431 0.0078270257125967503 0.0020072497934294094 -0.002237761394766574 -0.0011342688327093233 -0.00021384395986185479 0.0024225425097402411 0.000717326757787069
leaf_weight=661.45094283111393 890.92196316830814 124.03599100001156 1138.0822615455836 245.22705785557628 752.35199995152652 468.91056748665869 371.25174116902053 105.07081335969269 220.90383654646575 1194.9740513786674 378.52061777748168 1022.826852845028 252.22239211387932 2680.0586685594171
leaf_count=8824 12216 1638 15317 4346 11669 6028 4760 1153 3127 16353 5431 13670 3485 32826
internal_value=0 -0.00103134 -0.00254043 0.000553977 0.00030553 0.000152164 0.000847298 0.00305954 -0.000990385 -0.00135766 -0.00337559 0.000644506 0.000720559 0.000411319
internal_weight=0 3577.14 1892.86 6929.67 6038.75 5793.52 3625.29 573.981 2168.23 1947.33 1516.6 1684.28 376.258 3051.31
internal_count=140843 48365 25871 92478 80262 75916 44767 7181 31149 28022 20748 22494 5123 37586
is_linear=0
shrinkage=0.0101079


Tree=20
num_leaves=15
num_cat=0
split_feature=28 29 2 29 13 0 15 14 10 17 0 22 6 13
split_gain=54.7053 41.0751 32.1204 36.6674 33.8609 28.3439 24.8899 23.937 20.9348 21.3227 26.9019 18.2962 18.0969 32.0901
threshold=-0.22706275433301923 -0.60785761475563038 0.89761194586753856 -1.0000000180025095e-35 -0.078372038900852189 1.0206070542335512 4.9336230754852304 -8.1921544075012189 0.22796344012022021 60.500000000000007 1.1771004796028139 -0.70835492014884938 3.468894481658936 0.062221067026257522
decision_type=2 2 2 2 2 2 2 2 2 2 2 2 2 2
left_child=6 -2 -3 11 -5 12 8 -8 9 10 -1 -4 -6 -14
right_child=1 2 3 4 5 -7 7 -9 -10 -11 -12 -13 13 -15
leaf_value=-0.002552936969053564 0.0045601443356360575 6.8430241445707835e-05 0.0042668198087633035 0.002370090838608686 -0.0039408408996315231 -0.0004802068216918856 -0.00088322020834924551 0.00092306234310722773 -0.0011694581528899205 0.0041002230350906067 0.0029634427179431782 -4.3219643304027101e-05 -0.00045201371938352061 -0.005219772963249633
leaf_weight=136.64954528212547 141.37165925465524 2451.5946940947324 115.27383986487985 157.17982022091746 951.13872007094324 700.93906713463366 1007.0502988323569 2717.4841392375529 139.51828889362514 528.51417556777596 220.59221574105322 459.5844450853765 594.55134324356914 194.21682490035892
leaf_count=2217 1849 33679 1562 2154 13263 8806 14681 33921 2026 7002 3095 5905 7811 2571
internal_value=0 -0.000641176 -0.000785104 -0.00145592 -0.00197064 -0.00227322 0.000822498 0.000423016 0.00222065 0.0028054 0.0007331 0.000796112 -0.00296712 -0.0017156
internal_weight=0 5765.85 5624.48 3172.88 2598.03 2440.85 4749.81 3724.53 1025.27 885.756 357.242 574.858 1739.91 788.768
internal_count=140542 77600 75751 42072 34605 32451 62942 48602 14340 12314 5312 7467 23645 10382
is_linear=0
shrinkage=0.0101079


Tree=21
num_leaves=15
num_cat=0
split_feature=27 28 15 2 30 3 27 30 28 30 23 16 20 15
split_gain=67.9663 94.9625 28.9546 31.0113 28.0807 24.7346 23.9785 43.5022 18.1524 41.0039 22.8204 17.8365 17.4235 16.0605
threshold=-0.43245348334312433 -0.20576497167348859 3.4312249422073369 2.0736768245697026 -0.56174489110708226 0.73047596216201793 -0.91080963611602772 1.0000000180025095e-35 0.86046862602233898 1.0000000180025095e-35 0.39749830961227423 0.81163454055786144 -5.9976952075958243 8.8469467163085955
decision_type=2 2 2 2 2 2 2 2 2 2 2 2 2 2
left_child=1 -1 12 8 -5 -6 7 -3 -4 11 -11 13 -2 -10
right_child=2 6 3 4 5 -7 -8 -9 9 10 -12 -13 -14 -15
leaf_value=0.00061764956267574319 -0.00052920601250414773 0 0.00042878992341610883 0.0066946570567337953 -0.0017586568235988581 0.0044495621161514988 -0.0040020293417776676 -0.0041118440993893248 -0.0032177150783635083 -0.0023568221452697287 0.0020410205010041238 -0.0049374051043418066 0.003052436586621242 0.00035215960969198689
leaf_weight=1611.018992677331 149.33130755461752 648.50464008934796 4481.9696459770203 134.93764990009367 140.4576037414372 104.81437612697482 839.72169031575322 419.23413934931159 227.27600865624845 146.67581896856427 475.0511784311384 228.63668323680758 662.70159371197224 243.18435983732343
leaf_count=21442 2016 8860 59194 1508 1749 1288 11464 5718 3518 1884 6170 2508 10205 3170
internal_value=0 -0.00116789 0.000552637 0.000308021 0.00307949 0.000788444 -0.00269353 -0.00160569 0.000115652 -0.000912794 0.000923147 -0.00259519 0.00234558 -0.00131155
internal_weight=0 3518.48 6995.04 6183 380.21 245.272 1907.46 1067.74 5802.79 1320.82 621.727 699.097 812.033 470.46
internal_count=140694 47484 93210 80989 4545 3037 26042 14578 76444 17250 8054 9196 12221 6688
is_linear=0
shrinkage=0.0101079


Tree=22
num_leaves=15
num_cat=0
split_feature=3 0 11 23 32 15 3 3 16 16 15 20 20 6
split_gain=38.5127 59.7634 27.9287 31.2881 27.888 27.1312 24.2363 23.3622 20.3703 30.1659 24.3478 27.1075 40.6933 19.7913
threshold=0.46475630998611456 0.67472052574157726 0.017034010030329231 1.4892026185989382 1.0000000180025095e-35 11.371117591857912 0.73047596216201793 0.76084542274475109 0.15464979410171512 0.37909406423568731 19.624384880065922 1.9487006068229678 -0.69808894395828236 5.4352192878723153
decision_type=2 2 2 2 2 2 2 2 2 2 2 2 2 2
left_child=8 -2 5 4 6 -3 -4 -6 -1 -10 11 12 -11 -13
right_child=1 2 3 -5 7 -7 -8 -9 9 10 -12 13 -14 -15
leaf_value=0.0031633309917954234 -0.0027795052163060302 0.00062228043873803788 -0.00076949366386791149 0.001033789867340871 -0.00072182592854382163 0.0050705892889519946 0.0016784804736811813 -0.0034339356324402954 -0.001261302875407674 0.00010390151905608992 -0.00043549022676811331 -0.0020766348507824913 0.0035011826657758752 0.0027870645011096391
leaf_weight=339.74448197893798 969.91301664710045 827.27639539539814 1613.3992380034178 1144.4944344256073 769.93974849209189 170.37657297961414 543.60162881202996 629.23279978707433 715.27169668115675 607.66852702014148 773.99018351733685 290.6902076471597 979.32255885191262 107.9639884699136
leaf_count=5548 14564 11078 19484 15416 9492 2143 6511 9293 10953 8061 9905 3965 12525 1477
internal_value=0 -0.000469414 -6.59227e-05 -0.000399148 -0.000872905 0.00145497 -0.00013011 -0.00198231 0.000802867 0.000554027 0.00104136 0.0016368 0.00223246 -0.00063215
internal_weight=0 6668.23 5698.32 4700.67 3556.17 997.653 2157 1399.17 3814.65 3474.91 2759.64 1985.65 1586.99 398.654
internal_count=140415 87981 73417 60196 44780 13221 25995 18785 52434 46886 35933 26028 20586 5442
is_linear=0
shrinkage=0.0101079


Tree=23
num_leaves=15
num_cat=0
split_feature=28 27 29 0 2 30 2 11 3 2 16 4 3 33
split_gain=55.9347 60.7218 83.8106 53.7802 33.5637 32.7183 31.1704 26.2331 24.774 23.517 23.256 22.25 21.1006 22.2267
threshold=-0.69930991530418385 -0.11969653144478797 -1.0000000180025095e-35 1.0168019533157351 1.4002898931503298 1.0000000180025095e-35 0.77602940797805797 0.025121112354099754 0.51095253229141246 1.1921317577362063 0.85661005973815929 1.6213166713714602 0.74070098996162426 0.99393379688262951
decision_type=2 2 2 2 2 2 2 2 2 2 2 2 2 10
left_child=7 2 8 6 5 10 -4 -1 -2 -7 -3 -8 13 -9
right_child=1 4 3 -5 -6 9 11 12 -10 -11 -12 -13 -14 -15
leaf_value=0.0030112589420393512 0.0062097198489037882 -0.00029872976245942016 -0.00037263655880399166 -0.00066495388503972285 0.0022021097162174619 0.0015627122730988905 -0.0048634764574803455 0.0018522520399752668 0.00074665370651657312 -0.002477289643749791 -0.0029017928147790826 -0.00045653917684238855 0.0029455927817557685 -0.00052136989958113532
leaf_weight=645.22958832979202 98.68086339533329 1685.8479767907411 277.66335044614971 1217.2545829508454 795.06083275191486 1275.7333204895258 1017.8025822285563 574.9070908203721 574.92344863526523 152.41679692082107 452.54987386241555 157.36176154762506 341.26648863218725 1269.6957245394588
leaf_count=8521 1044 24236 3544 16551 9328 17266 14182 13679 7970 1964 5321 2047 4707 10552
internal_value=0 -0.000445194 -0.00147066 -0.00227986 0.000332877 -7.62979e-05 -0.00359463 0.00121434 0.00166703 0.00109247 -0.000876849 -0.00431435 0.000656833 0.000201136
internal_weight=0 7705.3 3343.69 2670.08 4361.61 3566.55 1452.83 2831.1 673.604 1428.15 2138.4 1175.16 2185.87 1844.6
internal_count=140912 103453 45338 36324 58115 48787 19773 37459 9014 19230 29557 16229 28938 24231
is_linear=0
shrinkage=0.0101079


Tree=24
num_leaves=15
num_cat=0
split_feature=11 2 16 30 23 17 22 32 29 20 14 16 20 16
split_gain=33.5794 29.1954 24.9644 24.337 34.5514 22.4336 22.1814 59.6085 70.2153 27.5672 25.1802 38.1954 23.3528 24.7399
threshold=0.017034010030329231 1.4831576943397524 0.65751555562019359 1.0000000180025095e-35 0.78185936808586132 62.500000000000007 -0.31026564538478846 1.0000000180025095e-35 -1.0000000180025095e-35 -2.8073734045028682 -6.8334546089172354 0.15464979410171512 -0.7663598060607909 0.838109850883484
decision_type=2 2 2 2 2 2 2 2 2 2 2 2 2 2
left_child=1 2 3 4 -1 -4 7 9 -9 -2 11 -11 -12 -14
right_child=6 -3 5 -5 -6 -7 -8 8 -10 10 12 -13 13 -15
leaf_value=-0.0045578211719316756 0.0030037390210643261 0.0045951808547111221 0.0041662357308438038 0.0017242670224881464 0.00040423621634322983 -0.00096465594869831991 0.00021518888354933743 0.0025871392277212373 -0.0042275621937686095 0.0031474223699134718 -0.0028057939842941327 -0.002094525485130084 0.0024504999952662163 -0.000244394737006244
leaf_weight=221.41410752385855 259.32149652577937 236.79885774850845 307.26431206054986 400.77139347605407 346.49816849082708 100.8367921449244 4841.8595652449876 177.35209707915783 807.03925253450871 149.74804609082639 182.3014507163316 1135.1785044725984 609.48498076573014 741.11180847138166
leaf_count=3397 3777 3260 3910 5809 4547 1269 64317 2368 10885 2568 2378 15888 7791 8689
internal_value=0 0.00134122 0.000730051 -0.000118411 -0.00149476 0.00280661 -0.000240269 -0.000792569 -0.00294851 -8.41563e-05 -0.000390012 -0.00143731 0.000464349 0.000948852
internal_weight=0 1613.58 1376.78 968.684 567.912 408.101 8903.4 4061.54 984.391 3077.15 2817.82 1284.93 1532.9 1350.6
internal_count=140853 22192 18932 13753 7944 5179 118661 54344 13253 41091 37314 18456 18858 16480
is_linear=0
shrinkage=0.0101079


end of trees

feature_importances:
Column_29=31
Column_16=29
Column_27=27
Column_11=26
Column_2=25
Column_3=24
Column_20=23
Column_28=23
Column_30=23
Column_0=20
Column_15=17
Column_13=12
Column_14=12
Column_23=8
Column_21=7
Column_7=6
Column_22=6
Column_17=5
Column_32=5
Column_33=5
Column_5=4
Column_6=4
Column_12=4
Column_1=1
Column_4=1
Column_9=1
Column_10=1

parameters:
[boosting: gbdt]
[objective: binary]
[metric: auc]
[tree_learner: serial]
[device_type: cpu]
[data_sample_strategy: bagging]
[data: ]
[valid: ]
[num_iterations: 600]
[learning_rate: 0.0101079]
[num_leaves: 15]
[num_threads: 2]
[seed: 42]
[deterministic: 0]
[force_col_wise: 0]
[force_row_wise: 0]
[histogram_pool_size: -1]
[max_depth: -1]
[min_data_in_leaf: 1280]
[min_sum_hessian_in_leaf: 0.001]
[bagging_fraction: 0.829452]
[pos_bagging_fraction: 1]
[neg_bagging_fraction: 1]
[bagging_freq: 1]
[bagging_seed: 42]
[feature_fraction: 0.727545]
[feature_fraction_bynode: 1]
[feature_fraction_seed: 42]
[extra_trees: 0]
[extra_seed: 12879]
[early_stopping_round: 0]
[early_stopping_min_delta: 0]
[first_metric_only: 0]
[max_delta_step: 0]
[lambda_l1: 4.00664]
[lambda_l2: 7.63247]
[linear_lambda: 0]
[min_gain_to_split: 0]
[drop_rate: 0.1]
[max_drop: 50]
[skip_drop: 0.5]
[xgboost_dart_mode: 0]
[uniform_drop: 0]
[drop_seed: 17869]
[top_rate: 0.2]
[other_rate: 0.1]
[min_data_per_group: 100]
[max_cat_threshold: 32]
[cat_l2: 10]
[cat_smooth: 10]
[max_cat_to_onehot: 4]
[top_k: 20]
[monotone_constraints: ]
[monotone_constraints_method: basic]
[monotone_penalty: 0]
[feature_contri: ]
[forcedsplits_filename: ]
[refit_decay_rate: 0.9]
[cegb_tradeoff: 1]
[cegb_penalty_split: 0]
[cegb_penalty_feature_lazy: ]
[cegb_penalty_feature_coupled: ]
[path_smooth: 0]
[interaction_constraints: ]
[verbosity: -1]
[saved_feature_importance_type: 0]
[use_quantized_grad: 0]
[num_grad_quant_bins: 4]
[quant_train_renew_leaf: 0]
[stochastic_rounding: 1]
[linear_tree: 0]
[max_bin: 255]
[max_bin_by_feature: ]
[min_data_in_bin: 3]
[bin_construct_sample_cnt: 200000]
[data_random_seed: 175]
[is_enable_sparse: 1]
[enable_bundle: 1]
[use_missing: 1]
[zero_as_missing: 0]
[feature_pre_filter: 1]
[pre_partition: 0]
[two_round: 0]
[header: 0]
[label_column: ]
[weight_column: ]
[group_column: ]
[ignore_column: ]
[categorical_feature: ]
[forcedbins_filename: ]
[precise_float_parser: 0]
[parser_config_file: ]
[objective_seed: 16083]
[num_class: 1]
[is_unbalance: 0]
[scale_pos_weight: 1]
[sigmoid: 1]
[boost_from_average: 1]
[reg_sqrt: 0]
[alpha: 0.9]
[fair_c: 1]
[poisson_max_delta_step: 0.7]
[tweedie_variance_power: 1.5]
[lambdarank_truncation_level: 30]
[lambdarank_norm: 1]
[label_gain: ]
[lambdarank_position_bias_regularization: 0]
[eval_at: ]
[multi_error_top_k: 1]
[auc_mu_weights: ]
[num_machines: 1]
[local_listen_port: 12400]
[time_out: 120]
[machine_list_filename: ]
[machines: ]
[gpu_platform_id: -1]
[gpu_device_id: -1]
[gpu_use_dp: 0]
[num_gpu: 1]

end of parameters

pandas_categorical:null
